"ISO2","year","sector","emission_species","units","emissions"
"ES","1997","N14 A_PublicPower","NMVOC","Gg","0.88981626586446"
"ES","1997","N14 B_Industry","NMVOC","Gg","73.16702061225"
"ES","1997","N14 C_OtherStatComb","NMVOC","Gg","33.380799359"
"ES","1997","N14 D_Fugitive","NMVOC","Gg","45.8401575165455"
"ES","1997","N14 E_Solvents","NMVOC","Gg","367.790946159"
"ES","1997","N14 F_RoadTransport","NMVOC","Gg","288.26194228"
"ES","1997","N14 G_Shipping","NMVOC","Gg","2.774311351"
"ES","1997","N14 H_Aviation","NMVOC","Gg","0.412724536846033"
"ES","1997","N14 I_Offroad","NMVOC","Gg","18.588661326"
"ES","1997","N14 J_Waste","NMVOC","Gg","6.311392842105"
"ES","1997","N14 K_AgriLivestock","NMVOC","Gg","51.406797686"
"ES","1997","N14 L_AgriOther","NMVOC","Gg","84.403569304"
"ES","1997","N14 M_Other","NMVOC","Gg","0"
"ES","1997","N14 O_AviCruise","NMVOC","Gg","0.773889753010668"
"ES","1997","N14 P_IntShipping","NMVOC","Gg","14.031679279"
"ES","1997","N14 N_Natural","NMVOC","Gg","0"
"ES","1997","N14 z_Memo","NMVOC","Gg","0"
"CA","2009","N14 A_PublicPower","NMVOC","Gg","1.87495219806573"
"CA","2009","N14 B_Industry","NMVOC","Gg","138.752232232151"
"CA","2009","N14 C_OtherStatComb","NMVOC","Gg","227.510213459798"
"CA","2009","N14 D_Fugitive","NMVOC","Gg","646.754208340923"
"CA","2009","N14 E_Solvents","NMVOC","Gg","310.560916728972"
"CA","2009","N14 F_RoadTransport","NMVOC","Gg","207.768336359387"
"CA","2009","N14 G_Shipping","NMVOC","Gg","8.50744676141231"
"CA","2009","N14 H_Aviation","NMVOC","Gg","2.63180521722929"
"CA","2009","N14 I_Offroad","NMVOC","Gg","327.445579006008"
"CA","2009","N14 J_Waste","NMVOC","Gg","10.6300551904183"
"CA","2009","N14 K_AgriLivestock","NMVOC","Gg","115.925732150073"
"CA","2009","N14 L_AgriOther","NMVOC","Gg","2.80527214676213"
"CA","2009","N14 M_Other","NMVOC","Gg","5.66048073877455"
"CA","2009","N14 O_AviCruise","NMVOC","Gg","2.95838087406543"
"CA","2009","N14 P_IntShipping","NMVOC","Gg","0"
"CA","2009","N14 N_Natural","NMVOC","Gg","0"
"CA","2009","N14 z_Memo","NMVOC","Gg","0"
"RO","2003","N14 A_PublicPower","NMVOC","Gg","1.11184769"
"RO","2003","N14 B_Industry","NMVOC","Gg","42.70966901245"
"RO","2003","N14 C_OtherStatComb","NMVOC","Gg","56.01661151"
"RO","2003","N14 D_Fugitive","NMVOC","Gg","33.752739568"
"RO","2003","N14 E_Solvents","NMVOC","Gg","41.37583670368"
"RO","2003","N14 F_RoadTransport","NMVOC","Gg","25.2889121121119"
"RO","2003","N14 G_Shipping","NMVOC","Gg","0.0364"
"RO","2003","N14 H_Aviation","NMVOC","Gg","0"
"RO","2003","N14 I_Offroad","NMVOC","Gg","25.5099608973198"
"RO","2003","N14 J_Waste","NMVOC","Gg","1.4162364433954"
"RO","2003","N14 K_AgriLivestock","NMVOC","Gg","37.8690682173613"
"RO","2003","N14 L_AgriOther","NMVOC","Gg","5.51604677917036"
"RO","2003","N14 M_Other","NMVOC","Gg","0"
"RO","2003","N14 O_AviCruise","NMVOC","Gg","0"
"RO","2003","N14 P_IntShipping","NMVOC","Gg","0"
"GR","2009","N14 A_PublicPower","NMVOC","Gg","1.60304375587549"
"GR","2009","N14 B_Industry","NMVOC","Gg","13.3317467729454"
"GR","2009","N14 C_OtherStatComb","NMVOC","Gg","7.5204596563"
"GR","2009","N14 D_Fugitive","NMVOC","Gg","21.6223975"
"GR","2009","N14 E_Solvents","NMVOC","Gg","108.383785520871"
"GR","2009","N14 F_RoadTransport","NMVOC","Gg","71.2858085012479"
"GR","2009","N14 G_Shipping","NMVOC","Gg","2.4682"
"GR","2009","N14 H_Aviation","NMVOC","Gg","0.011361064927"
"GR","2009","N14 I_Offroad","NMVOC","Gg","6.59467314404801"
"GR","2009","N14 J_Waste","NMVOC","Gg","7.38633162942009"
"GR","2009","N14 K_AgriLivestock","NMVOC","Gg","13.864752268676"
"GR","2009","N14 L_AgriOther","NMVOC","Gg","3.419896256205"
"GR","2009","N14 M_Other","NMVOC","Gg","0"
"GR","2009","N14 O_AviCruise","NMVOC","Gg","0.019238189437"
"GR","2009","N14 P_IntShipping","NMVOC","Gg","7.2597"
"LI","2000","N14 A_PublicPower","NMVOC","Gg","0.00013843385856"
"LI","2000","N14 B_Industry","NMVOC","Gg","0.0224092169385064"
"LI","2000","N14 C_OtherStatComb","NMVOC","Gg","0.0107579517183675"
"LI","2000","N14 D_Fugitive","NMVOC","Gg","0.01739762381"
"LI","2000","N14 E_Solvents","NMVOC","Gg","0.286389821718849"
"LI","2000","N14 F_RoadTransport","NMVOC","Gg","0.0619928263153693"
"LI","2000","N14 G_Shipping","NMVOC","Gg","0"
"LI","2000","N14 H_Aviation","NMVOC","Gg","7.5374e-06"
"LI","2000","N14 I_Offroad","NMVOC","Gg","0.0319001639466801"
"LI","2000","N14 J_Waste","NMVOC","Gg","0.00491539540788242"
"LI","2000","N14 K_AgriLivestock","NMVOC","Gg","0.052047251"
"LI","2000","N14 L_AgriOther","NMVOC","Gg","3.4833368e-14"
"LI","2000","N14 M_Other","NMVOC","Gg","0"
"NO","2010","N14 A_PublicPower","NMVOC","Gg","1.4430123199"
"NO","2010","N14 B_Industry","NMVOC","Gg","8.814006847"
"NO","2010","N14 C_OtherStatComb","NMVOC","Gg","10.4472648129"
"NO","2010","N14 D_Fugitive","NMVOC","Gg","49.3128791469"
"NO","2010","N14 E_Solvents","NMVOC","Gg","41.4148546942"
"NO","2010","N14 F_RoadTransport","NMVOC","Gg","11.3514099512"
"NO","2010","N14 G_Shipping","NMVOC","Gg","4.0423150917"
"NO","2010","N14 H_Aviation","NMVOC","Gg","0.4053330017"
"NO","2010","N14 I_Offroad","NMVOC","Gg","22.1060863772"
"NO","2010","N14 J_Waste","NMVOC","Gg","1.0263842573"
"NO","2010","N14 K_AgriLivestock","NMVOC","Gg","10.0328868493"
"NO","2010","N14 L_AgriOther","NMVOC","Gg","0.7371827627"
"NO","2010","N14 M_Other","NMVOC","Gg","0"
"NO","2010","N14 O_AviCruise","NMVOC","Gg","1.2900286242"
"NO","2010","N14 P_IntShipping","NMVOC","Gg","0.4543319339"
"NO","2010","N14 N_Natural","NMVOC","Gg","0"
"NO","2010","N14 z_Memo","NMVOC","Gg","16.975728694"
"CH","1998","N14 A_PublicPower","NMVOC","Gg","0.228719959979026"
"CH","1998","N14 B_Industry","NMVOC","Gg","8.29497129571045"
"CH","1998","N14 C_OtherStatComb","NMVOC","Gg","6.84026333222309"
"CH","1998","N14 D_Fugitive","NMVOC","Gg","10.444199375332"
"CH","1998","N14 E_Solvents","NMVOC","Gg","75.3306050981842"
"CH","1998","N14 F_RoadTransport","NMVOC","Gg","36.0828953292582"
"CH","1998","N14 G_Shipping","NMVOC","Gg","1.18548661160914"
"CH","1998","N14 H_Aviation","NMVOC","Gg","0.261798164531025"
"CH","1998","N14 I_Offroad","NMVOC","Gg","7.71208947404428"
"CH","1998","N14 J_Waste","NMVOC","Gg","0.703690770899211"
"CH","1998","N14 K_AgriLivestock","NMVOC","Gg","17.5186277351459"
"CH","1998","N14 L_AgriOther","NMVOC","Gg","0.4773288385767"
"CH","1998","N14 M_Other","NMVOC","Gg","0.1972767501898"
"CH","1998","N14 O_AviCruise","NMVOC","Gg","0.486013570814868"
"CH","1998","N14 P_IntShipping","NMVOC","Gg","0.254082266287912"
"CH","1998","N14 N_Natural","NMVOC","Gg","61.7808722769139"
"CH","1998","N14 z_Memo","NMVOC","Gg","34.7696008838979"
"CH","2000","N14 A_PublicPower","NMVOC","Gg","0.222310066314872"
"CH","2000","N14 B_Industry","NMVOC","Gg","8.60186333034928"
"CH","2000","N14 C_OtherStatComb","NMVOC","Gg","5.77767544670366"
"CH","2000","N14 D_Fugitive","NMVOC","Gg","7.58266007122173"
"CH","2000","N14 E_Solvents","NMVOC","Gg","65.8983734741541"
"CH","2000","N14 F_RoadTransport","NMVOC","Gg","31.820305255025"
"CH","2000","N14 G_Shipping","NMVOC","Gg","0.984420573385867"
"CH","2000","N14 H_Aviation","NMVOC","Gg","0.285293999821626"
"CH","2000","N14 I_Offroad","NMVOC","Gg","7.63529170633014"
"CH","2000","N14 J_Waste","NMVOC","Gg","0.771043217666022"
"CH","2000","N14 K_AgriLivestock","NMVOC","Gg","17.2305801796682"
"CH","2000","N14 L_AgriOther","NMVOC","Gg","0.4747368785198"
"CH","2000","N14 M_Other","NMVOC","Gg","0.206422396131641"
"CH","2000","N14 O_AviCruise","NMVOC","Gg","0.529369071543389"
"CH","2000","N14 P_IntShipping","NMVOC","Gg","0.234156326763584"
"CH","2000","N14 N_Natural","NMVOC","Gg","63.872371475408"
"CH","2000","N14 z_Memo","NMVOC","Gg","30.2430370855856"
"EU09","1998","N14 A_PublicPower","NMVOC","Gg","22.019832417685"
"EU09","1998","N14 B_Industry","NMVOC","Gg","485.540243601014"
"EU09","1998","N14 C_OtherStatComb","NMVOC","Gg","738.233024330129"
"EU09","1998","N14 D_Fugitive","NMVOC","Gg","895.090734069086"
"EU09","1998","N14 E_Solvents","NMVOC","Gg","2853.41416409696"
"EU09","1998","N14 F_RoadTransport","NMVOC","Gg","2467.36811614186"
"EU09","1998","N14 G_Shipping","NMVOC","Gg","83.8048698768248"
"EU09","1998","N14 H_Aviation","NMVOC","Gg","8.34325389800111"
"EU09","1998","N14 I_Offroad","NMVOC","Gg","251.868474688621"
"EU09","1998","N14 J_Waste","NMVOC","Gg","49.0255277064524"
"EU09","1998","N14 K_AgriLivestock","NMVOC","Gg","594.482181716605"
"EU09","1998","N14 L_AgriOther","NMVOC","Gg","87.0511848512246"
"EU09","1998","N14 M_Other","NMVOC","Gg","1.93568882738"
"EU09","1998","N14 O_AviCruise","NMVOC","Gg","6.19560018046227"
"EU09","1998","N14 P_IntShipping","NMVOC","Gg","29.1140720274066"
"EU09","1998","N14 N_Natural","NMVOC","Gg","1479.80872860124"
"EU09","1998","N14 z_Memo","NMVOC","Gg","1415.17700039308"
"RS","2014","N14 A_PublicPower","NMVOC","Gg","0.3802227006"
"RS","2014","N14 B_Industry","NMVOC","Gg","11.73595775874"
"RS","2014","N14 C_OtherStatComb","NMVOC","Gg","25.23421773004"
"RS","2014","N14 D_Fugitive","NMVOC","Gg","29.384503294"
"RS","2014","N14 E_Solvents","NMVOC","Gg","17.34388105505"
"RS","2014","N14 F_RoadTransport","NMVOC","Gg","12.2495470675"
"RS","2014","N14 G_Shipping","NMVOC","Gg","0.0216"
"RS","2014","N14 H_Aviation","NMVOC","Gg","0.0293875"
"RS","2014","N14 I_Offroad","NMVOC","Gg","1.163261"
"RS","2014","N14 J_Waste","NMVOC","Gg","0.00242786285"
"RS","2014","N14 K_AgriLivestock","NMVOC","Gg","15.870966081125"
"RS","2014","N14 L_AgriOther","NMVOC","Gg","3.0158738"
"RS","2014","N14 M_Other","NMVOC","Gg","0"
"RS","2014","N14 O_AviCruise","NMVOC","Gg","0.0056511"
"RS","2014","N14 P_IntShipping","NMVOC","Gg","0"
"RS","2014","N14 N_Natural","NMVOC","Gg","0.0994"
"RS","2014","N14 z_Memo","NMVOC","Gg","0"
"LV","2011","N14 A_PublicPower","NMVOC","Gg","0.127051492876917"
"LV","2011","N14 B_Industry","NMVOC","Gg","4.97843695425921"
"LV","2011","N14 C_OtherStatComb","NMVOC","Gg","12.1655016190666"
"LV","2011","N14 D_Fugitive","NMVOC","Gg","1.40244276870594"
"LV","2011","N14 E_Solvents","NMVOC","Gg","9.29995282030665"
"LV","2011","N14 F_RoadTransport","NMVOC","Gg","3.51799337349401"
"LV","2011","N14 G_Shipping","NMVOC","Gg","0.0263566062003349"
"LV","2011","N14 H_Aviation","NMVOC","Gg","0.04600791"
"LV","2011","N14 I_Offroad","NMVOC","Gg","1.77613221851981"
"LV","2011","N14 J_Waste","NMVOC","Gg","0.858616128184"
"LV","2011","N14 K_AgriLivestock","NMVOC","Gg","5.86401843879609"
"LV","2011","N14 L_AgriOther","NMVOC","Gg","0.989576"
"LV","2011","N14 M_Other","NMVOC","Gg","0"
"LV","2011","N14 O_AviCruise","NMVOC","Gg","0.046654324226024"
"LV","2011","N14 P_IntShipping","NMVOC","Gg","0.595075409224077"
"LV","2011","N14 N_Natural","NMVOC","Gg","0.060942"
"LV","2011","N14 z_Memo","NMVOC","Gg","0"
"MD","2008","N14 A_PublicPower","NMVOC","Gg","0.144362383134"
"MD","2008","N14 B_Industry","NMVOC","Gg","4.5142164298848"
"MD","2008","N14 C_OtherStatComb","NMVOC","Gg","2.48693470048508"
"MD","2008","N14 D_Fugitive","NMVOC","Gg","0"
"MD","2008","N14 E_Solvents","NMVOC","Gg","44.87299"
"MD","2008","N14 F_RoadTransport","NMVOC","Gg","2.94540932656"
"MD","2008","N14 G_Shipping","NMVOC","Gg","0.0003052"
"MD","2008","N14 H_Aviation","NMVOC","Gg","0.001064"
"MD","2008","N14 K_AgriLivestock","NMVOC","Gg","9.0206531812"
"MD","2008","N14 L_AgriOther","NMVOC","Gg","1.33472634115"
"SK","2016","N14 A_PublicPower","NMVOC","Gg","0.152976647"
"SK","2016","N14 B_Industry","NMVOC","Gg","5.4080055423748"
"SK","2016","N14 C_OtherStatComb","NMVOC","Gg","45.0080852006117"
"SK","2016","N14 D_Fugitive","NMVOC","Gg","6.0714355562047"
"SK","2016","N14 E_Solvents","NMVOC","Gg","25.0782983731712"
"SK","2016","N14 F_RoadTransport","NMVOC","Gg","5.69397399746456"
"SK","2016","N14 G_Shipping","NMVOC","Gg","0.0203657563154466"
"SK","2016","N14 H_Aviation","NMVOC","Gg","0.00179897351794646"
"SK","2016","N14 I_Offroad","NMVOC","Gg","1.17006784714808"
"SK","2016","N14 J_Waste","NMVOC","Gg","0.498205299564"
"SK","2016","N14 K_AgriLivestock","NMVOC","Gg","4.52757807825453"
"SK","2016","N14 L_AgriOther","NMVOC","Gg","1.85214741060317"
"SK","2016","N14 M_Other","NMVOC","Gg","0"
"SK","2016","N14 O_AviCruise","NMVOC","Gg","0.0202207479458841"
"SK","2016","N14 P_IntShipping","NMVOC","Gg","0"
"SK","2016","N14 N_Natural","NMVOC","Gg","0.08744"
"SK","2016","N14 z_Memo","NMVOC","Gg","0"
"CH","2007","N14 A_PublicPower","NMVOC","Gg","0.194730992423333"
"CH","2007","N14 B_Industry","NMVOC","Gg","7.34740535211118"
"CH","2007","N14 C_OtherStatComb","NMVOC","Gg","4.14367716247064"
"CH","2007","N14 D_Fugitive","NMVOC","Gg","5.24581182316599"
"CH","2007","N14 E_Solvents","NMVOC","Gg","41.0374524968498"
"CH","2007","N14 F_RoadTransport","NMVOC","Gg","17.8106073523752"
"CH","2007","N14 G_Shipping","NMVOC","Gg","0.555448328345011"
"CH","2007","N14 H_Aviation","NMVOC","Gg","0.263430413060358"
"CH","2007","N14 I_Offroad","NMVOC","Gg","4.89448027458263"
"CH","2007","N14 J_Waste","NMVOC","Gg","0.858088260196733"
"CH","2007","N14 K_AgriLivestock","NMVOC","Gg","17.8044128601475"
"CH","2007","N14 L_AgriOther","NMVOC","Gg","0.46825222155"
"CH","2007","N14 M_Other","NMVOC","Gg","0.183328298794267"
"CH","2007","N14 O_AviCruise","NMVOC","Gg","0.483307960295273"
"CH","2007","N14 P_IntShipping","NMVOC","Gg","0.156960287748219"
"CH","2007","N14 N_Natural","NMVOC","Gg","62.7810144312574"
"CH","2007","N14 z_Memo","NMVOC","Gg","16.5822338298864"
"SE","2008","N14 A_PublicPower","NMVOC","Gg","3.27224662826339"
"SE","2008","N14 B_Industry","NMVOC","Gg","12.0524672404817"
"SE","2008","N14 C_OtherStatComb","NMVOC","Gg","13.3232018313166"
"SE","2008","N14 D_Fugitive","NMVOC","Gg","14.3487652435471"
"SE","2008","N14 E_Solvents","NMVOC","Gg","61.5876927666666"
"SE","2008","N14 F_RoadTransport","NMVOC","Gg","26.9888466184947"
"SE","2008","N14 G_Shipping","NMVOC","Gg","5.51972077204647"
"SE","2008","N14 H_Aviation","NMVOC","Gg","0.189306699649339"
"SE","2008","N14 I_Offroad","NMVOC","Gg","17.0469126263404"
"SE","2008","N14 J_Waste","NMVOC","Gg","1.13468203540771"
"SE","2008","N14 K_AgriLivestock","NMVOC","Gg","21.6817577768239"
"SE","2008","N14 L_AgriOther","NMVOC","Gg","10.2432753460274"
"SE","2008","N14 M_Other","NMVOC","Gg","0"
"SE","2008","N14 O_AviCruise","NMVOC","Gg","0.707334143002509"
"SE","2008","N14 P_IntShipping","NMVOC","Gg","2.47406849248"
"SE","2008","N14 N_Natural","NMVOC","Gg","0"
"SE","2008","N14 z_Memo","NMVOC","Gg","0"
"EU28","2004","N14 A_PublicPower","NMVOC","Gg","43.3944439661385"
"EU28","2004","N14 B_Industry","NMVOC","Gg","725.17273709042"
"EU28","2004","N14 C_OtherStatComb","NMVOC","Gg","1079.05474422226"
"EU28","2004","N14 D_Fugitive","NMVOC","Gg","784.188935963129"
"EU28","2004","N14 E_Solvents","NMVOC","Gg","3490.96127876717"
"EU28","2004","N14 F_RoadTransport","NMVOC","Gg","1796.93852096448"
"EU28","2004","N14 G_Shipping","NMVOC","Gg","95.5730658467983"
"EU28","2004","N14 H_Aviation","NMVOC","Gg","8.99353059961923"
"EU28","2004","N14 I_Offroad","NMVOC","Gg","326.429994736208"
"EU28","2004","N14 J_Waste","NMVOC","Gg","99.7638045663001"
"EU28","2004","N14 K_AgriLivestock","NMVOC","Gg","879.176478620298"
"EU28","2004","N14 L_AgriOther","NMVOC","Gg","225.615244122539"
"EU28","2004","N14 M_Other","NMVOC","Gg","1.959576123584"
"EU28","2004","N14 O_AviCruise","NMVOC","Gg","10.3547013700032"
"EU28","2004","N14 P_IntShipping","NMVOC","Gg","54.6190927452841"
"EU28","2004","N14 N_Natural","NMVOC","Gg","2290.10473247254"
"EU28","2004","N14 z_Memo","NMVOC","Gg","1458.18531082706"
"EE","2003","N14 A_PublicPower","NMVOC","Gg","0.38"
"EE","2003","N14 B_Industry","NMVOC","Gg","3.67491524"
"EE","2003","N14 C_OtherStatComb","NMVOC","Gg","5.46357"
"EE","2003","N14 D_Fugitive","NMVOC","Gg","4.404"
"EE","2003","N14 E_Solvents","NMVOC","Gg","7.009849"
"EE","2003","N14 F_RoadTransport","NMVOC","Gg","6.35066"
"EE","2003","N14 G_Shipping","NMVOC","Gg","0.06705"
"EE","2003","N14 H_Aviation","NMVOC","Gg","0.01038"
"EE","2003","N14 I_Offroad","NMVOC","Gg","1.428357"
"EE","2003","N14 J_Waste","NMVOC","Gg","1.108966"
"EE","2003","N14 K_AgriLivestock","NMVOC","Gg","3.909164"
"EE","2003","N14 L_AgriOther","NMVOC","Gg","0.331058"
"EE","2003","N14 M_Other","NMVOC","Gg","0"
"EE","2003","N14 O_AviCruise","NMVOC","Gg","0.008061"
"EE","2003","N14 P_IntShipping","NMVOC","Gg","0.3122"
"EE","2003","N14 N_Natural","NMVOC","Gg","0.06198"
"EE","2003","N14 z_Memo","NMVOC","Gg","0"
"CH","2014","N14 A_PublicPower","NMVOC","Gg","0.1404120228"
"CH","2014","N14 B_Industry","NMVOC","Gg","6.76634399133088"
"CH","2014","N14 C_OtherStatComb","NMVOC","Gg","2.78852153082634"
"CH","2014","N14 D_Fugitive","NMVOC","Gg","3.69623298456581"
"CH","2014","N14 E_Solvents","NMVOC","Gg","36.8123960006307"
"CH","2014","N14 F_RoadTransport","NMVOC","Gg","9.81018792408281"
"CH","2014","N14 G_Shipping","NMVOC","Gg","0.457934000135254"
"CH","2014","N14 H_Aviation","NMVOC","Gg","0.234277315378891"
"CH","2014","N14 I_Offroad","NMVOC","Gg","2.52214314704004"
"CH","2014","N14 J_Waste","NMVOC","Gg","1.18713084614022"
"CH","2014","N14 K_AgriLivestock","NMVOC","Gg","17.4677612761766"
"CH","2014","N14 L_AgriOther","NMVOC","Gg","0.4621616486975"
"CH","2014","N14 M_Other","NMVOC","Gg","0.206822196115387"
"CH","2014","N14 O_AviCruise","NMVOC","Gg","0.55172279701444"
"CH","2014","N14 P_IntShipping","NMVOC","Gg","0.0658657780470918"
"CH","2014","N14 N_Natural","NMVOC","Gg","64.2294739839812"
"CH","2014","N14 z_Memo","NMVOC","Gg","9.62775525343049"
"MD","1996","N14 A_PublicPower","NMVOC","Gg","0.219455814"
"MD","1996","N14 B_Industry","NMVOC","Gg","7.3390370758"
"MD","1996","N14 C_OtherStatComb","NMVOC","Gg","4.28061979557"
"MD","1996","N14 D_Fugitive","NMVOC","Gg","0"
"MD","1996","N14 E_Solvents","NMVOC","Gg","10.1487"
"MD","1996","N14 F_RoadTransport","NMVOC","Gg","1.74087890750994"
"MD","1996","N14 G_Shipping","NMVOC","Gg","0.0001736"
"MD","1996","N14 H_Aviation","NMVOC","Gg","0"
"MD","1996","N14 K_AgriLivestock","NMVOC","Gg","14.6835269748"
"MD","1996","N14 L_AgriOther","NMVOC","Gg","1.476979472782"
"SI","2000","N14 A_PublicPower","NMVOC","Gg","0.0804164163971"
"SI","2000","N14 B_Industry","NMVOC","Gg","3.69313450849207"
"SI","2000","N14 C_OtherStatComb","NMVOC","Gg","6.25232855374183"
"SI","2000","N14 D_Fugitive","NMVOC","Gg","4.42586308823956"
"SI","2000","N14 E_Solvents","NMVOC","Gg","13.64798616"
"SI","2000","N14 F_RoadTransport","NMVOC","Gg","15.2239929559475"
"SI","2000","N14 G_Shipping","NMVOC","Gg","0"
"SI","2000","N14 H_Aviation","NMVOC","Gg","0.0575389"
"SI","2000","N14 I_Offroad","NMVOC","Gg","2.03828885371816"
"SI","2000","N14 J_Waste","NMVOC","Gg","1.25792007539604"
"SI","2000","N14 K_AgriLivestock","NMVOC","Gg","5.75488623106609"
"SI","2000","N14 L_AgriOther","NMVOC","Gg","0.0246130508833757"
"SI","2000","N14 M_Other","NMVOC","Gg","0"
"SI","2000","N14 O_AviCruise","NMVOC","Gg","0"
"SI","2000","N14 P_IntShipping","NMVOC","Gg","0"
"SI","2000","N14 N_Natural","NMVOC","Gg","0"
"SI","2000","N14 z_Memo","NMVOC","Gg","0.00037296"
"BE","1996","N14 A_PublicPower","NMVOC","Gg","0.276100130174886"
"BE","1996","N14 B_Industry","NMVOC","Gg","33.7370972209584"
"BE","1996","N14 C_OtherStatComb","NMVOC","Gg","15.9274621951128"
"BE","1996","N14 D_Fugitive","NMVOC","Gg","30.1082354225264"
"BE","1996","N14 E_Solvents","NMVOC","Gg","86.4512232879496"
"BE","1996","N14 F_RoadTransport","NMVOC","Gg","59.2002538339709"
"BE","1996","N14 G_Shipping","NMVOC","Gg","0.33824820264444"
"BE","1996","N14 H_Aviation","NMVOC","Gg","0.127584115070603"
"BE","1996","N14 I_Offroad","NMVOC","Gg","6.08797091653016"
"BE","1996","N14 J_Waste","NMVOC","Gg","2.7824014672918"
"BE","1996","N14 K_AgriLivestock","NMVOC","Gg","29.019149276"
"BE","1996","N14 L_AgriOther","NMVOC","Gg","1.17569317"
"BE","1996","N14 M_Other","NMVOC","Gg","0"
"BE","1996","N14 O_AviCruise","NMVOC","Gg","0.212299056509796"
"BE","1996","N14 P_IntShipping","NMVOC","Gg","1.10675325527403"
"BE","1996","N14 N_Natural","NMVOC","Gg","42.9223707559"
"BE","1996","N14 z_Memo","NMVOC","Gg","48.2750863999474"
"EU28","1999","N14 A_PublicPower","NMVOC","Gg","39.6292508665463"
"EU28","1999","N14 B_Industry","NMVOC","Gg","771.441178957342"
"EU28","1999","N14 C_OtherStatComb","NMVOC","Gg","1267.65600794022"
"EU28","1999","N14 D_Fugitive","NMVOC","Gg","1027.41531533712"
"EU28","1999","N14 E_Solvents","NMVOC","Gg","3887.23511025386"
"EU28","1999","N14 F_RoadTransport","NMVOC","Gg","3188.61201399318"
"EU28","1999","N14 G_Shipping","NMVOC","Gg","101.91366249072"
"EU28","1999","N14 H_Aviation","NMVOC","Gg","11.3158918010811"
"EU28","1999","N14 I_Offroad","NMVOC","Gg","363.129110977676"
"EU28","1999","N14 J_Waste","NMVOC","Gg","97.2859891316576"
"EU28","1999","N14 K_AgriLivestock","NMVOC","Gg","947.35305531657"
"EU28","1999","N14 L_AgriOther","NMVOC","Gg","235.31562005238"
"EU28","1999","N14 M_Other","NMVOC","Gg","2.00543529075567"
"EU28","1999","N14 O_AviCruise","NMVOC","Gg","9.99982646314269"
"EU28","1999","N14 P_IntShipping","NMVOC","Gg","47.4024575280362"
"EU28","1999","N14 N_Natural","NMVOC","Gg","2226.69009651157"
"EU28","1999","N14 z_Memo","NMVOC","Gg","1543.18332384669"
"CY","2015","N14 A_PublicPower","NMVOC","Gg","0.0814402705651744"
"CY","2015","N14 B_Industry","NMVOC","Gg","0.242208924413946"
"CY","2015","N14 C_OtherStatComb","NMVOC","Gg","0.0666893484914"
"CY","2015","N14 D_Fugitive","NMVOC","Gg","0.782180686111949"
"CY","2015","N14 E_Solvents","NMVOC","Gg","6.7984064194608"
"CY","2015","N14 F_RoadTransport","NMVOC","Gg","2.48134863605816"
"CY","2015","N14 G_Shipping","NMVOC","Gg","0.0092577562207482"
"CY","2015","N14 H_Aviation","NMVOC","Gg","0.0210445554969971"
"CY","2015","N14 I_Offroad","NMVOC","Gg","0.0402421871714405"
"CY","2015","N14 J_Waste","NMVOC","Gg","0.630003050940968"
"CY","2015","N14 K_AgriLivestock","NMVOC","Gg","0.897272610452918"
"CY","2015","N14 L_AgriOther","NMVOC","Gg","0.02971265"
"CY","2015","N14 M_Other","NMVOC","Gg","0"
"CY","2015","N14 O_AviCruise","NMVOC","Gg","0.0673042890079979"
"CY","2015","N14 P_IntShipping","NMVOC","Gg","0.0769878878285479"
"CY","2015","N14 N_Natural","NMVOC","Gg","0"
"CY","2015","N14 z_Memo","NMVOC","Gg","2.51165094777591"
"HU","2001","N14 A_PublicPower","NMVOC","Gg","0.561862413990315"
"HU","2001","N14 B_Industry","NMVOC","Gg","15.2500108571933"
"HU","2001","N14 C_OtherStatComb","NMVOC","Gg","31.5464139558104"
"HU","2001","N14 D_Fugitive","NMVOC","Gg","3.94464158336109"
"HU","2001","N14 E_Solvents","NMVOC","Gg","49.9076362522891"
"HU","2001","N14 F_RoadTransport","NMVOC","Gg","63.7117806671463"
"HU","2001","N14 G_Shipping","NMVOC","Gg","0.0252"
"HU","2001","N14 H_Aviation","NMVOC","Gg","0.00366644280191628"
"HU","2001","N14 I_Offroad","NMVOC","Gg","2.85901273579588"
"HU","2001","N14 J_Waste","NMVOC","Gg","2.18556517579387"
"HU","2001","N14 K_AgriLivestock","NMVOC","Gg","25.1880194989715"
"HU","2001","N14 L_AgriOther","NMVOC","Gg","3.63801844"
"HU","2001","N14 M_Other","NMVOC","Gg","0"
"HU","2001","N14 O_AviCruise","NMVOC","Gg","0"
"HU","2001","N14 P_IntShipping","NMVOC","Gg","0"
"HU","2001","N14 N_Natural","NMVOC","Gg","0"
"HU","2001","N14 z_Memo","NMVOC","Gg","0"
"AT","2007","N14 A_PublicPower","NMVOC","Gg","0.304214505366293"
"AT","2007","N14 B_Industry","NMVOC","Gg","4.13326569172983"
"AT","2007","N14 C_OtherStatComb","NMVOC","Gg","23.569679526899"
"AT","2007","N14 D_Fugitive","NMVOC","Gg","2.98332213022259"
"AT","2007","N14 E_Solvents","NMVOC","Gg","60.2482900245662"
"AT","2007","N14 F_RoadTransport","NMVOC","Gg","16.0484811975988"
"AT","2007","N14 G_Shipping","NMVOC","Gg","0.473904369874976"
"AT","2007","N14 H_Aviation","NMVOC","Gg","0.50454622801402"
"AT","2007","N14 I_Offroad","NMVOC","Gg","6.46111468388342"
"AT","2007","N14 J_Waste","NMVOC","Gg","0.0997556411314293"
"AT","2007","N14 K_AgriLivestock","NMVOC","Gg","28.0686430785687"
"AT","2007","N14 L_AgriOther","NMVOC","Gg","11.4778215376911"
"AT","2007","N14 M_Other","NMVOC","Gg","0"
"AT","2007","N14 O_AviCruise","NMVOC","Gg","0.52512363921542"
"AT","2007","N14 P_IntShipping","NMVOC","Gg","0"
"AT","2007","N14 N_Natural","NMVOC","Gg","0"
"AT","2007","N14 z_Memo","NMVOC","Gg","14.5674784067972"
"MD","2007","N14 A_PublicPower","NMVOC","Gg","0.1352614852"
"MD","2007","N14 B_Industry","NMVOC","Gg","3.988315878"
"MD","2007","N14 C_OtherStatComb","NMVOC","Gg","2.42242854633604"
"MD","2007","N14 D_Fugitive","NMVOC","Gg","0"
"MD","2007","N14 E_Solvents","NMVOC","Gg","33.3227"
"MD","2007","N14 F_RoadTransport","NMVOC","Gg","2.79134282773"
"MD","2007","N14 G_Shipping","NMVOC","Gg","0.0002772"
"MD","2007","N14 H_Aviation","NMVOC","Gg","0.000874"
"MD","2007","N14 K_AgriLivestock","NMVOC","Gg","9.0860856476"
"MD","2007","N14 L_AgriOther","NMVOC","Gg","1.335065440355"
"MC","2005","N14 A_PublicPower","NMVOC","Gg","0.000136143623246177"
"MC","2005","N14 B_Industry","NMVOC","Gg","2.66368e-05"
"MC","2005","N14 C_OtherStatComb","NMVOC","Gg","0.000607055968884351"
"MC","2005","N14 D_Fugitive","NMVOC","Gg","8.83975657142857e-05"
"MC","2005","N14 E_Solvents","NMVOC","Gg","0.138345305309952"
"MC","2005","N14 F_RoadTransport","NMVOC","Gg","0.172316720905126"
"MC","2005","N14 G_Shipping","NMVOC","Gg","0.0168143412773334"
"MC","2005","N14 H_Aviation","NMVOC","Gg","0.0208540972692"
"MC","2005","N14 I_Offroad","NMVOC","Gg","0.0125964802838625"
"MC","2005","N14 J_Waste","NMVOC","Gg","8.230305e-05"
"MC","2005","N14 K_AgriLivestock","NMVOC","Gg","0"
"MC","2005","N14 L_AgriOther","NMVOC","Gg","0"
"MC","2005","N14 M_Other","NMVOC","Gg","0"
"MC","2005","N14 O_AviCruise","NMVOC","Gg","0"
"MC","2005","N14 P_IntShipping","NMVOC","Gg","0.0552889624147111"
"MC","2005","N14 N_Natural","NMVOC","Gg","0"
"MC","2005","N14 z_Memo","NMVOC","Gg","0"
"SE","2000","N14 A_PublicPower","NMVOC","Gg","1.9375155223781"
"SE","2000","N14 B_Industry","NMVOC","Gg","14.30603265556"
"SE","2000","N14 C_OtherStatComb","NMVOC","Gg","15.1297269522087"
"SE","2000","N14 D_Fugitive","NMVOC","Gg","17.1924873259656"
"SE","2000","N14 E_Solvents","NMVOC","Gg","53.1430764828333"
"SE","2000","N14 F_RoadTransport","NMVOC","Gg","62.400320400776"
"SE","2000","N14 G_Shipping","NMVOC","Gg","4.79954810367017"
"SE","2000","N14 H_Aviation","NMVOC","Gg","0.197407144805043"
"SE","2000","N14 I_Offroad","NMVOC","Gg","17.0444883240533"
"SE","2000","N14 J_Waste","NMVOC","Gg","1.85716130597078"
"SE","2000","N14 K_AgriLivestock","NMVOC","Gg","24.9562691523507"
"SE","2000","N14 L_AgriOther","NMVOC","Gg","11.4840807967476"
"SE","2000","N14 M_Other","NMVOC","Gg","0"
"SE","2000","N14 O_AviCruise","NMVOC","Gg","0.903180351508468"
"SE","2000","N14 P_IntShipping","NMVOC","Gg","1.64791367429866"
"SE","2000","N14 N_Natural","NMVOC","Gg","0"
"SE","2000","N14 z_Memo","NMVOC","Gg","0"
"SE","1999","N14 A_PublicPower","NMVOC","Gg","2.03483964478931"
"SE","1999","N14 B_Industry","NMVOC","Gg","14.1084624001771"
"SE","1999","N14 C_OtherStatComb","NMVOC","Gg","15.6661671373529"
"SE","1999","N14 D_Fugitive","NMVOC","Gg","16.0904972269936"
"SE","1999","N14 E_Solvents","NMVOC","Gg","51.8632773682778"
"SE","1999","N14 F_RoadTransport","NMVOC","Gg","71.6136410582035"
"SE","1999","N14 G_Shipping","NMVOC","Gg","4.84697700320753"
"SE","1999","N14 H_Aviation","NMVOC","Gg","0.230562904324638"
"SE","1999","N14 I_Offroad","NMVOC","Gg","16.8375442439365"
"SE","1999","N14 J_Waste","NMVOC","Gg","1.91650207815787"
"SE","1999","N14 K_AgriLivestock","NMVOC","Gg","25.4035506793145"
"SE","1999","N14 L_AgriOther","NMVOC","Gg","11.6729268253214"
"SE","1999","N14 M_Other","NMVOC","Gg","0"
"SE","1999","N14 O_AviCruise","NMVOC","Gg","1.17273247233359"
"SE","1999","N14 P_IntShipping","NMVOC","Gg","1.68489941883692"
"SE","1999","N14 N_Natural","NMVOC","Gg","0"
"SE","1999","N14 z_Memo","NMVOC","Gg","0"
"CH","1993","N14 A_PublicPower","NMVOC","Gg","0.244805094000308"
"CH","1993","N14 B_Industry","NMVOC","Gg","10.6575496324265"
"CH","1993","N14 C_OtherStatComb","NMVOC","Gg","8.67670858659395"
"CH","1993","N14 D_Fugitive","NMVOC","Gg","18.138628703989"
"CH","1993","N14 E_Solvents","NMVOC","Gg","115.507550746652"
"CH","1993","N14 F_RoadTransport","NMVOC","Gg","54.1629100485095"
"CH","1993","N14 G_Shipping","NMVOC","Gg","1.55516032404492"
"CH","1993","N14 H_Aviation","NMVOC","Gg","0.260759489242753"
"CH","1993","N14 I_Offroad","NMVOC","Gg","7.68048962123047"
"CH","1993","N14 J_Waste","NMVOC","Gg","0.732576175057118"
"CH","1993","N14 K_AgriLivestock","NMVOC","Gg","17.7863152618395"
"CH","1993","N14 L_AgriOther","NMVOC","Gg","0.4807136006186"
"CH","1993","N14 M_Other","NMVOC","Gg","0.213147695507086"
"CH","1993","N14 O_AviCruise","NMVOC","Gg","0.49557469654754"
"CH","1993","N14 P_IntShipping","NMVOC","Gg","0.382823842560052"
"CH","1993","N14 N_Natural","NMVOC","Gg","58.0801551101119"
"CH","1993","N14 z_Memo","NMVOC","Gg","53.5051206060864"
"CA","2006","N14 A_PublicPower","NMVOC","Gg","1.92881036145541"
"CA","2006","N14 B_Industry","NMVOC","Gg","189.50532275245"
"CA","2006","N14 C_OtherStatComb","NMVOC","Gg","240.60666177008"
"CA","2006","N14 D_Fugitive","NMVOC","Gg","679.434545457922"
"CA","2006","N14 E_Solvents","NMVOC","Gg","353.35846341353"
"CA","2006","N14 F_RoadTransport","NMVOC","Gg","243.138297154889"
"CA","2006","N14 G_Shipping","NMVOC","Gg","8.57940242928459"
"CA","2006","N14 H_Aviation","NMVOC","Gg","1.95123977592889"
"CA","2006","N14 I_Offroad","NMVOC","Gg","373.567136466024"
"CA","2006","N14 J_Waste","NMVOC","Gg","11.4195276056277"
"CA","2006","N14 K_AgriLivestock","NMVOC","Gg","122.90880521864"
"CA","2006","N14 L_AgriOther","NMVOC","Gg","1.75551278207909"
"CA","2006","N14 M_Other","NMVOC","Gg","3.00438626757225"
"CA","2006","N14 O_AviCruise","NMVOC","Gg","3.55388728303462"
"CA","2006","N14 P_IntShipping","NMVOC","Gg","0"
"CA","2006","N14 N_Natural","NMVOC","Gg","0"
"CA","2006","N14 z_Memo","NMVOC","Gg","0"
"RO","2012","N14 A_PublicPower","NMVOC","Gg","0.78346713"
"RO","2012","N14 B_Industry","NMVOC","Gg","29.00458135974"
"RO","2012","N14 C_OtherStatComb","NMVOC","Gg","81.10798667"
"RO","2012","N14 D_Fugitive","NMVOC","Gg","14.42226958387"
"RO","2012","N14 E_Solvents","NMVOC","Gg","51.85389368236"
"RO","2012","N14 F_RoadTransport","NMVOC","Gg","25.6582937879673"
"RO","2012","N14 G_Shipping","NMVOC","Gg","0.1176"
"RO","2012","N14 H_Aviation","NMVOC","Gg","0.037930477"
"RO","2012","N14 I_Offroad","NMVOC","Gg","12.2145577944984"
"RO","2012","N14 J_Waste","NMVOC","Gg","2.68131771"
"RO","2012","N14 K_AgriLivestock","NMVOC","Gg","30.7791497847035"
"RO","2012","N14 L_AgriOther","NMVOC","Gg","6.75924477429411"
"RO","2012","N14 M_Other","NMVOC","Gg","0"
"RO","2012","N14 O_AviCruise","NMVOC","Gg","0.082494605"
"RO","2012","N14 P_IntShipping","NMVOC","Gg","0.0378"
"IE","2014","N14 A_PublicPower","NMVOC","Gg","0.25867040827931"
"IE","2014","N14 B_Industry","NMVOC","Gg","21.8320526229964"
"IE","2014","N14 C_OtherStatComb","NMVOC","Gg","9.46453032941548"
"IE","2014","N14 D_Fugitive","NMVOC","Gg","4.7400076064048"
"IE","2014","N14 E_Solvents","NMVOC","Gg","19.0571865016817"
"IE","2014","N14 F_RoadTransport","NMVOC","Gg","6.39720664498817"
"IE","2014","N14 G_Shipping","NMVOC","Gg","0.196227313813108"
"IE","2014","N14 H_Aviation","NMVOC","Gg","0.132215894814677"
"IE","2014","N14 I_Offroad","NMVOC","Gg","0.495925752087603"
"IE","2014","N14 J_Waste","NMVOC","Gg","0.507272478554391"
"IE","2014","N14 K_AgriLivestock","NMVOC","Gg","39.7969301242532"
"IE","2014","N14 L_AgriOther","NMVOC","Gg","3.840588"
"IE","2014","N14 M_Other","NMVOC","Gg","0"
"IE","2014","N14 O_AviCruise","NMVOC","Gg","0.289966357771394"
"IE","2014","N14 P_IntShipping","NMVOC","Gg","0.36484547826196"
"IE","2014","N14 N_Natural","NMVOC","Gg","0"
"IE","2014","N14 z_Memo","NMVOC","Gg","6.77006796892454"
"BG","1999","N14 A_PublicPower","NMVOC","Gg","0.05165763"
"BG","1999","N14 B_Industry","NMVOC","Gg","7.916562731"
"BG","1999","N14 C_OtherStatComb","NMVOC","Gg","15.915062516"
"BG","1999","N14 D_Fugitive","NMVOC","Gg","12.954720627"
"BG","1999","N14 E_Solvents","NMVOC","Gg","15.635213425"
"BG","1999","N14 F_RoadTransport","NMVOC","Gg","31.794096985328"
"BG","1999","N14 G_Shipping","NMVOC","Gg","0.0304"
"BG","1999","N14 H_Aviation","NMVOC","Gg","0.0108744"
"BG","1999","N14 I_Offroad","NMVOC","Gg","1.02821238536987"
"BG","1999","N14 J_Waste","NMVOC","Gg","5.37836486708042"
"BG","1999","N14 K_AgriLivestock","NMVOC","Gg","12.5935991472431"
"BG","1999","N14 L_AgriOther","NMVOC","Gg","3.248623448792"
"BG","1999","N14 M_Other","NMVOC","Gg","0"
"BG","1999","N14 O_AviCruise","NMVOC","Gg","0.0392"
"BG","1999","N14 P_IntShipping","NMVOC","Gg","0"
"GR","2007","N14 A_PublicPower","NMVOC","Gg","1.90729467736811"
"GR","2007","N14 B_Industry","NMVOC","Gg","15.5782002722608"
"GR","2007","N14 C_OtherStatComb","NMVOC","Gg","7.5788166111448"
"GR","2007","N14 D_Fugitive","NMVOC","Gg","22.08218"
"GR","2007","N14 E_Solvents","NMVOC","Gg","139.613556208548"
"GR","2007","N14 F_RoadTransport","NMVOC","Gg","82.114736686927"
"GR","2007","N14 G_Shipping","NMVOC","Gg","1.841"
"GR","2007","N14 H_Aviation","NMVOC","Gg","0.012370591644"
"GR","2007","N14 I_Offroad","NMVOC","Gg","7.56702713191636"
"GR","2007","N14 J_Waste","NMVOC","Gg","5.2817274736813"
"GR","2007","N14 K_AgriLivestock","NMVOC","Gg","15.05373015047"
"GR","2007","N14 L_AgriOther","NMVOC","Gg","3.402046550695"
"GR","2007","N14 M_Other","NMVOC","Gg","0"
"GR","2007","N14 O_AviCruise","NMVOC","Gg","0.020589150251"
"GR","2007","N14 P_IntShipping","NMVOC","Gg","8.744"
"LI","2007","N14 A_PublicPower","NMVOC","Gg","0.0001274887116288"
"LI","2007","N14 B_Industry","NMVOC","Gg","0.0178639256341719"
"LI","2007","N14 C_OtherStatComb","NMVOC","Gg","0.0109168510161444"
"LI","2007","N14 D_Fugitive","NMVOC","Gg","0.0078026688768"
"LI","2007","N14 E_Solvents","NMVOC","Gg","0.181079169575077"
"LI","2007","N14 F_RoadTransport","NMVOC","Gg","0.0314049562915079"
"LI","2007","N14 G_Shipping","NMVOC","Gg","0"
"LI","2007","N14 H_Aviation","NMVOC","Gg","6.852e-06"
"LI","2007","N14 I_Offroad","NMVOC","Gg","0.0317083804119842"
"LI","2007","N14 J_Waste","NMVOC","Gg","0.00462149914076905"
"LI","2007","N14 K_AgriLivestock","NMVOC","Gg","0.057671166"
"LI","2007","N14 L_AgriOther","NMVOC","Gg","3.9778068e-14"
"LI","2007","N14 M_Other","NMVOC","Gg","0"
"CA","1990","N14 A_PublicPower","NMVOC","Gg","2.40014872312746"
"CA","1990","N14 B_Industry","NMVOC","Gg","279.91159217105"
"CA","1990","N14 C_OtherStatComb","NMVOC","Gg","359.136552022785"
"CA","1990","N14 D_Fugitive","NMVOC","Gg","619.558036820481"
"CA","1990","N14 E_Solvents","NMVOC","Gg","363.81360239143"
"CA","1990","N14 F_RoadTransport","NMVOC","Gg","412.057860056375"
"CA","1990","N14 G_Shipping","NMVOC","Gg","5.77082999446527"
"CA","1990","N14 H_Aviation","NMVOC","Gg","2.51536843378872"
"CA","1990","N14 I_Offroad","NMVOC","Gg","825.0202660519"
"CA","1990","N14 J_Waste","NMVOC","Gg","16.385435010738"
"CA","1990","N14 K_AgriLivestock","NMVOC","Gg","103.491832715214"
"CA","1990","N14 L_AgriOther","NMVOC","Gg","2.19959569501664"
"CA","1990","N14 M_Other","NMVOC","Gg","40.5375771871566"
"CA","1990","N14 O_AviCruise","NMVOC","Gg","2.3873190412175"
"CA","1990","N14 P_IntShipping","NMVOC","Gg","0"
"CA","1990","N14 N_Natural","NMVOC","Gg","0"
"CA","1990","N14 z_Memo","NMVOC","Gg","0"
"SK","2015","N14 A_PublicPower","NMVOC","Gg","0.170164608"
"SK","2015","N14 B_Industry","NMVOC","Gg","5.69724564340446"
"SK","2015","N14 C_OtherStatComb","NMVOC","Gg","42.763699230414"
"SK","2015","N14 D_Fugitive","NMVOC","Gg","6.3294041912522"
"SK","2015","N14 E_Solvents","NMVOC","Gg","27.7312949315776"
"SK","2015","N14 F_RoadTransport","NMVOC","Gg","5.92022977322257"
"SK","2015","N14 G_Shipping","NMVOC","Gg","0.0242976287414671"
"SK","2015","N14 H_Aviation","NMVOC","Gg","0.00139209911512288"
"SK","2015","N14 I_Offroad","NMVOC","Gg","1.14198158529563"
"SK","2015","N14 J_Waste","NMVOC","Gg","0.66810405069599"
"SK","2015","N14 K_AgriLivestock","NMVOC","Gg","4.7507109145547"
"SK","2015","N14 L_AgriOther","NMVOC","Gg","1.89485813548948"
"SK","2015","N14 M_Other","NMVOC","Gg","0"
"SK","2015","N14 O_AviCruise","NMVOC","Gg","0.00203563493695776"
"SK","2015","N14 P_IntShipping","NMVOC","Gg","0"
"SK","2015","N14 N_Natural","NMVOC","Gg","0.176285"
"SK","2015","N14 z_Memo","NMVOC","Gg","0"
"SI","1999","N14 A_PublicPower","NMVOC","Gg","0.077630883898"
"SI","1999","N14 B_Industry","NMVOC","Gg","3.63812899244797"
"SI","1999","N14 C_OtherStatComb","NMVOC","Gg","6.37875446525215"
"SI","1999","N14 D_Fugitive","NMVOC","Gg","4.38314814099294"
"SI","1999","N14 E_Solvents","NMVOC","Gg","13.465870174"
"SI","1999","N14 F_RoadTransport","NMVOC","Gg","16.8500229591728"
"SI","1999","N14 G_Shipping","NMVOC","Gg","0"
"SI","1999","N14 H_Aviation","NMVOC","Gg","0.05220755"
"SI","1999","N14 I_Offroad","NMVOC","Gg","2.48831216692538"
"SI","1999","N14 J_Waste","NMVOC","Gg","1.22497529564489"
"SI","1999","N14 K_AgriLivestock","NMVOC","Gg","5.40788355261336"
"SI","1999","N14 L_AgriOther","NMVOC","Gg","0.0220373928838377"
"SI","1999","N14 M_Other","NMVOC","Gg","0"
"SI","1999","N14 O_AviCruise","NMVOC","Gg","0"
"SI","1999","N14 P_IntShipping","NMVOC","Gg","0"
"SI","1999","N14 N_Natural","NMVOC","Gg","0"
"SI","1999","N14 z_Memo","NMVOC","Gg","0.00027972"
"DE","1993","N14 A_PublicPower","NMVOC","Gg","5.5615644"
"DE","1993","N14 B_Industry","NMVOC","Gg","93.7776371572853"
"DE","1993","N14 C_OtherStatComb","NMVOC","Gg","136.206668596907"
"DE","1993","N14 D_Fugitive","NMVOC","Gg","188.341597822416"
"DE","1993","N14 E_Solvents","NMVOC","Gg","1131.73215742343"
"DE","1993","N14 F_RoadTransport","NMVOC","Gg","721.088012932686"
"DE","1993","N14 G_Shipping","NMVOC","Gg","3.18459080817204"
"DE","1993","N14 H_Aviation","NMVOC","Gg","1.08148924780612"
"DE","1993","N14 I_Offroad","NMVOC","Gg","54.8177035060551"
"DE","1993","N14 J_Waste","NMVOC","Gg","0.141485942"
"DE","1993","N14 K_AgriLivestock","NMVOC","Gg","226.491661325334"
"DE","1993","N14 L_AgriOther","NMVOC","Gg","7.69933763955549"
"DE","1993","N14 M_Other","NMVOC","Gg","0"
"DE","1993","N14 O_AviCruise","NMVOC","Gg","1.92845644491113"
"DE","1993","N14 P_IntShipping","NMVOC","Gg","2.932709719246"
"DE","1993","N14 N_Natural","NMVOC","Gg","0.53280343131"
"DE","1993","N14 z_Memo","NMVOC","Gg","0"
"NL","2011","N14 A_PublicPower","NMVOC","Gg","0.446634121"
"NL","2011","N14 B_Industry","NMVOC","Gg","26.274924271"
"NL","2011","N14 C_OtherStatComb","NMVOC","Gg","12.759755532"
"NL","2011","N14 D_Fugitive","NMVOC","Gg","17.07075253"
"NL","2011","N14 E_Solvents","NMVOC","Gg","79.678746124"
"NL","2011","N14 F_RoadTransport","NMVOC","Gg","33.66619292"
"NL","2011","N14 G_Shipping","NMVOC","Gg","1.496855515"
"NL","2011","N14 H_Aviation","NMVOC","Gg","0.28282862"
"NL","2011","N14 I_Offroad","NMVOC","Gg","7.099956209"
"NL","2011","N14 J_Waste","NMVOC","Gg","1.511825812"
"NL","2011","N14 K_AgriLivestock","NMVOC","Gg","59.521202304"
"NL","2011","N14 L_AgriOther","NMVOC","Gg","24.50864614"
"NL","2011","N14 M_Other","NMVOC","Gg","0.409715564"
"NL","2011","N14 O_AviCruise","NMVOC","Gg","0"
"NL","2011","N14 P_IntShipping","NMVOC","Gg","2.999855767"
"NL","2011","N14 N_Natural","NMVOC","Gg","0"
"NL","2011","N14 z_Memo","NMVOC","Gg","33.176651826"
"AZ","1999","N14 A_PublicPower","NMVOC","Gg","0.127351224"
"AZ","1999","N14 B_Industry","NMVOC","Gg","4.5e-05"
"AZ","1999","N14 C_OtherStatComb","NMVOC","Gg","0"
"AZ","1999","N14 D_Fugitive","NMVOC","Gg","4.8674"
"AZ","1999","N14 E_Solvents","NMVOC","Gg","21.47418"
"AZ","1999","N14 F_RoadTransport","NMVOC","Gg","5.7807164955"
"AZ","1999","N14 G_Shipping","NMVOC","Gg","0"
"AZ","1999","N14 H_Aviation","NMVOC","Gg","0"
"AZ","1999","N14 I_Offroad","NMVOC","Gg","0"
"AZ","1999","N14 J_Waste","NMVOC","Gg","0"
"AZ","1999","N14 K_AgriLivestock","NMVOC","Gg","17.14304725"
"AZ","1999","N14 L_AgriOther","NMVOC","Gg","0"
"AZ","1999","N14 M_Other","NMVOC","Gg","0"
"AZ","1999","N14 O_AviCruise","NMVOC","Gg","0"
"AZ","1999","N14 P_IntShipping","NMVOC","Gg","0"
"AZ","1999","N14 N_Natural","NMVOC","Gg","0"
"AZ","1999","N14 z_Memo","NMVOC","Gg","2.97424"
"CZ","1998","N14 A_PublicPower","NMVOC","Gg","7.053091818"
"CZ","1998","N14 B_Industry","NMVOC","Gg","7.813206371896"
"CZ","1998","N14 C_OtherStatComb","NMVOC","Gg","97.5117552282369"
"CZ","1998","N14 D_Fugitive","NMVOC","Gg","15.42681526"
"CZ","1998","N14 E_Solvents","NMVOC","Gg","116.889532869965"
"CZ","1998","N14 F_RoadTransport","NMVOC","Gg","55.913667406825"
"CZ","1998","N14 G_Shipping","NMVOC","Gg","0.056218536"
"CZ","1998","N14 H_Aviation","NMVOC","Gg","0.04720075"
"CZ","1998","N14 I_Offroad","NMVOC","Gg","9.13402465844444"
"CZ","1998","N14 J_Waste","NMVOC","Gg","0.146692792839"
"CZ","1998","N14 K_AgriLivestock","NMVOC","Gg","0"
"CZ","1998","N14 L_AgriOther","NMVOC","Gg","0"
"CZ","1998","N14 M_Other","NMVOC","Gg","0"
"CZ","1998","N14 O_AviCruise","NMVOC","Gg","0.27614175"
"CZ","1998","N14 P_IntShipping","NMVOC","Gg","0"
"CZ","1998","N14 N_Natural","NMVOC","Gg","0.265"
"CZ","1998","N14 z_Memo","NMVOC","Gg","56.546477906825"
"PT","1997","N14 A_PublicPower","NMVOC","Gg","0.299994353748335"
"PT","1997","N14 B_Industry","NMVOC","Gg","22.8833758122531"
"PT","1997","N14 C_OtherStatComb","NMVOC","Gg","24.8103165417426"
"PT","1997","N14 D_Fugitive","NMVOC","Gg","12.5753050902187"
"PT","1997","N14 E_Solvents","NMVOC","Gg","92.1959149828979"
"PT","1997","N14 F_RoadTransport","NMVOC","Gg","79.5664291470305"
"PT","1997","N14 G_Shipping","NMVOC","Gg","0.21574806607519"
"PT","1997","N14 H_Aviation","NMVOC","Gg","1.24953889263847"
"PT","1997","N14 I_Offroad","NMVOC","Gg","1.16252933071588"
"PT","1997","N14 J_Waste","NMVOC","Gg","1.86696108022552"
"PT","1997","N14 K_AgriLivestock","NMVOC","Gg","9.63451087399987"
"PT","1997","N14 L_AgriOther","NMVOC","Gg","7.7796657044366"
"PT","1997","N14 M_Other","NMVOC","Gg","0"
"PT","1997","N14 O_AviCruise","NMVOC","Gg","0.328386376942311"
"PT","1997","N14 P_IntShipping","NMVOC","Gg","1.00925618568933"
"PT","1997","N14 N_Natural","NMVOC","Gg","506.703472881509"
"PT","1997","N14 z_Memo","NMVOC","Gg","0"
"RS","2013","N14 A_PublicPower","NMVOC","Gg","0.4776102011"
"RS","2013","N14 B_Industry","NMVOC","Gg","12.323750768826"
"RS","2013","N14 C_OtherStatComb","NMVOC","Gg","24.80132295127"
"RS","2013","N14 D_Fugitive","NMVOC","Gg","37.859481081718"
"RS","2013","N14 E_Solvents","NMVOC","Gg","17.5922425068"
"RS","2013","N14 F_RoadTransport","NMVOC","Gg","13.627172083"
"RS","2013","N14 G_Shipping","NMVOC","Gg","0.0216"
"RS","2013","N14 H_Aviation","NMVOC","Gg","0.023454"
"RS","2013","N14 I_Offroad","NMVOC","Gg","1.653876"
"RS","2013","N14 J_Waste","NMVOC","Gg","0.00300872922"
"RS","2013","N14 K_AgriLivestock","NMVOC","Gg","15.382376728875"
"RS","2013","N14 L_AgriOther","NMVOC","Gg","3.00194352"
"RS","2013","N14 M_Other","NMVOC","Gg","0"
"RS","2013","N14 O_AviCruise","NMVOC","Gg","0.0031301"
"RS","2013","N14 P_IntShipping","NMVOC","Gg","0"
"RS","2013","N14 N_Natural","NMVOC","Gg","0.19635"
"RS","2013","N14 z_Memo","NMVOC","Gg","0"
"EU12","2004","N14 A_PublicPower","NMVOC","Gg","25.968249818666"
"EU12","2004","N14 B_Industry","NMVOC","Gg","511.222253082316"
"EU12","2004","N14 C_OtherStatComb","NMVOC","Gg","562.252815873161"
"EU12","2004","N14 D_Fugitive","NMVOC","Gg","617.995201366174"
"EU12","2004","N14 E_Solvents","NMVOC","Gg","2796.26814856888"
"EU12","2004","N14 F_RoadTransport","NMVOC","Gg","1370.2486616689"
"EU12","2004","N14 G_Shipping","NMVOC","Gg","81.4885323601032"
"EU12","2004","N14 H_Aviation","NMVOC","Gg","7.90990789587163"
"EU12","2004","N14 I_Offroad","NMVOC","Gg","223.315101089143"
"EU12","2004","N14 J_Waste","NMVOC","Gg","52.2678154052837"
"EU12","2004","N14 K_AgriLivestock","NMVOC","Gg","610.163960882528"
"EU12","2004","N14 L_AgriOther","NMVOC","Gg","174.450623037627"
"EU12","2004","N14 M_Other","NMVOC","Gg","1.955415123584"
"EU12","2004","N14 O_AviCruise","NMVOC","Gg","8.36420701500022"
"EU12","2004","N14 P_IntShipping","NMVOC","Gg","48.9742280881605"
"EU12","2004","N14 N_Natural","NMVOC","Gg","2050.08531725717"
"EU12","2004","N14 z_Memo","NMVOC","Gg","1458.18484462706"
"SI","1983","N14 A_PublicPower","NMVOC","Gg","0"
"SI","1983","N14 B_Industry","NMVOC","Gg","0"
"SI","1983","N14 C_OtherStatComb","NMVOC","Gg","0"
"SI","1983","N14 D_Fugitive","NMVOC","Gg","0"
"SI","1983","N14 E_Solvents","NMVOC","Gg","0"
"SI","1983","N14 F_RoadTransport","NMVOC","Gg","0"
"SI","1983","N14 G_Shipping","NMVOC","Gg","0"
"SI","1983","N14 H_Aviation","NMVOC","Gg","0"
"SI","1983","N14 I_Offroad","NMVOC","Gg","0"
"SI","1983","N14 J_Waste","NMVOC","Gg","0"
"SI","1983","N14 K_AgriLivestock","NMVOC","Gg","0"
"SI","1983","N14 L_AgriOther","NMVOC","Gg","0"
"SI","1983","N14 M_Other","NMVOC","Gg","0"
"SI","1983","N14 O_AviCruise","NMVOC","Gg","0"
"SI","1983","N14 P_IntShipping","NMVOC","Gg","0"
"SI","1983","N14 N_Natural","NMVOC","Gg","0"
"SI","1983","N14 z_Memo","NMVOC","Gg","0"
"SI","2014","N14 A_PublicPower","NMVOC","Gg","0.124252803074929"
"SI","2014","N14 B_Industry","NMVOC","Gg","3.10859022866303"
"SI","2014","N14 C_OtherStatComb","NMVOC","Gg","6.45204889861577"
"SI","2014","N14 D_Fugitive","NMVOC","Gg","1.43625260045519"
"SI","2014","N14 E_Solvents","NMVOC","Gg","8.103397924"
"SI","2014","N14 F_RoadTransport","NMVOC","Gg","2.62209825027309"
"SI","2014","N14 G_Shipping","NMVOC","Gg","0"
"SI","2014","N14 H_Aviation","NMVOC","Gg","0.05096286598"
"SI","2014","N14 I_Offroad","NMVOC","Gg","1.73421471695896"
"SI","2014","N14 J_Waste","NMVOC","Gg","0.4639233545248"
"SI","2014","N14 K_AgriLivestock","NMVOC","Gg","5.63682554399723"
"SI","2014","N14 L_AgriOther","NMVOC","Gg","0.0260560072882716"
"SI","2014","N14 M_Other","NMVOC","Gg","0"
"SI","2014","N14 O_AviCruise","NMVOC","Gg","0"
"SI","2014","N14 P_IntShipping","NMVOC","Gg","0.1567697787"
"SI","2014","N14 N_Natural","NMVOC","Gg","0"
"SI","2014","N14 z_Memo","NMVOC","Gg","0.000404470458"
"EU09","2011","N14 A_PublicPower","NMVOC","Gg","21.9346358372814"
"EU09","2011","N14 B_Industry","NMVOC","Gg","344.17783115117"
"EU09","2011","N14 C_OtherStatComb","NMVOC","Gg","430.414323285278"
"EU09","2011","N14 D_Fugitive","NMVOC","Gg","388.637009039699"
"EU09","2011","N14 E_Solvents","NMVOC","Gg","1870.97664751345"
"EU09","2011","N14 F_RoadTransport","NMVOC","Gg","503.549023856986"
"EU09","2011","N14 G_Shipping","NMVOC","Gg","47.8513864537388"
"EU09","2011","N14 H_Aviation","NMVOC","Gg","5.54668736612383"
"EU09","2011","N14 I_Offroad","NMVOC","Gg","133.175790182612"
"EU09","2011","N14 J_Waste","NMVOC","Gg","34.732297077914"
"EU09","2011","N14 K_AgriLivestock","NMVOC","Gg","544.389826522567"
"EU09","2011","N14 L_AgriOther","NMVOC","Gg","75.2163215046401"
"EU09","2011","N14 M_Other","NMVOC","Gg","1.96168150681"
"EU09","2011","N14 O_AviCruise","NMVOC","Gg","8.38070752544656"
"EU09","2011","N14 P_IntShipping","NMVOC","Gg","32.3166600074667"
"EU09","2011","N14 N_Natural","NMVOC","Gg","1599.5827098134"
"EU09","2011","N14 z_Memo","NMVOC","Gg","1528.27255367489"
"KZ","1992","N14 C_OtherStatComb","NMVOC","Gg","0"
"KZ","1992","N14 D_Fugitive","NMVOC","Gg","0"
"KZ","1992","N14 E_Solvents","NMVOC","Gg","23.935575"
"KZ","1992","N14 F_RoadTransport","NMVOC","Gg","45.4472539037215"
"KZ","1992","N14 G_Shipping","NMVOC","Gg","0"
"KZ","1992","N14 H_Aviation","NMVOC","Gg","0.204298062696"
"KZ","1992","N14 I_Offroad","NMVOC","Gg","1.79573106139535"
"KZ","1992","N14 J_Waste","NMVOC","Gg","5.48078"
"KZ","1992","N14 K_AgriLivestock","NMVOC","Gg","117.153444"
"KZ","1992","N14 L_AgriOther","NMVOC","Gg","29.963214"
"KZ","1992","N14 M_Other","NMVOC","Gg","0"
"KZ","1992","N14 N_Natural","NMVOC","Gg","4.0072"
"FR","2014","N14 A_PublicPower","NMVOC","Gg","0.587560944031744"
"FR","2014","N14 B_Industry","NMVOC","Gg","58.184067687836"
"FR","2014","N14 C_OtherStatComb","NMVOC","Gg","131.190867538122"
"FR","2014","N14 D_Fugitive","NMVOC","Gg","23.9456091533634"
"FR","2014","N14 E_Solvents","NMVOC","Gg","330.563160313533"
"FR","2014","N14 F_RoadTransport","NMVOC","Gg","68.8885288785212"
"FR","2014","N14 G_Shipping","NMVOC","Gg","9.29234877982818"
"FR","2014","N14 H_Aviation","NMVOC","Gg","1.20048983019773"
"FR","2014","N14 I_Offroad","NMVOC","Gg","25.5250213516073"
"FR","2014","N14 J_Waste","NMVOC","Gg","9.89143427072521"
"FR","2014","N14 K_AgriLivestock","NMVOC","Gg","0"
"FR","2014","N14 L_AgriOther","NMVOC","Gg","1.71971221418047"
"FR","2014","N14 M_Other","NMVOC","Gg","0"
"FR","2014","N14 O_AviCruise","NMVOC","Gg","2.23677738042467"
"FR","2014","N14 P_IntShipping","NMVOC","Gg","5.32695202446545"
"FR","2014","N14 N_Natural","NMVOC","Gg","99.7472524273663"
"FR","2014","N14 z_Memo","NMVOC","Gg","1512.63191509104"
"PT","1990","N14 A_PublicPower","NMVOC","Gg","0.373007102085424"
"PT","1990","N14 B_Industry","NMVOC","Gg","15.894322581524"
"PT","1990","N14 C_OtherStatComb","NMVOC","Gg","29.6170280463539"
"PT","1990","N14 D_Fugitive","NMVOC","Gg","8.66484649190589"
"PT","1990","N14 E_Solvents","NMVOC","Gg","87.0237864327366"
"PT","1990","N14 F_RoadTransport","NMVOC","Gg","91.7807445954402"
"PT","1990","N14 G_Shipping","NMVOC","Gg","0.230128639328196"
"PT","1990","N14 H_Aviation","NMVOC","Gg","1.14007715792327"
"PT","1990","N14 I_Offroad","NMVOC","Gg","1.36977259405978"
"PT","1990","N14 J_Waste","NMVOC","Gg","1.36270919158017"
"PT","1990","N14 K_AgriLivestock","NMVOC","Gg","10.4094136958827"
"PT","1990","N14 L_AgriOther","NMVOC","Gg","8.2484937367101"
"PT","1990","N14 M_Other","NMVOC","Gg","0"
"PT","1990","N14 O_AviCruise","NMVOC","Gg","0.349455631239214"
"PT","1990","N14 P_IntShipping","NMVOC","Gg","1.226321426517"
"PT","1990","N14 N_Natural","NMVOC","Gg","499.658338108902"
"PT","1990","N14 z_Memo","NMVOC","Gg","0"
"EU09","1990","N14 A_PublicPower","NMVOC","Gg","20.1714568489839"
"EU09","1990","N14 B_Industry","NMVOC","Gg","681.097954595281"
"EU09","1990","N14 C_OtherStatComb","NMVOC","Gg","1161.54190408464"
"EU09","1990","N14 D_Fugitive","NMVOC","Gg","1405.22907379363"
"EU09","1990","N14 E_Solvents","NMVOC","Gg","3470.63277005024"
"EU09","1990","N14 F_RoadTransport","NMVOC","Gg","4225.33319618583"
"EU09","1990","N14 G_Shipping","NMVOC","Gg","72.5507189773556"
"EU09","1990","N14 H_Aviation","NMVOC","Gg","12.0603682017122"
"EU09","1990","N14 I_Offroad","NMVOC","Gg","316.511865864779"
"EU09","1990","N14 J_Waste","NMVOC","Gg","46.3632909433546"
"EU09","1990","N14 K_AgriLivestock","NMVOC","Gg","630.143218340399"
"EU09","1990","N14 L_AgriOther","NMVOC","Gg","117.568594560863"
"EU09","1990","N14 M_Other","NMVOC","Gg","1.242815475527"
"EU09","1990","N14 O_AviCruise","NMVOC","Gg","6.53069384537831"
"EU09","1990","N14 P_IntShipping","NMVOC","Gg","26.1571747144936"
"EU09","1990","N14 N_Natural","NMVOC","Gg","1417.46209247746"
"EU09","1990","N14 z_Memo","NMVOC","Gg","1447.95698572762"
"MK","1997","N14 A_PublicPower","NMVOC","Gg","0.07669837396512"
"MK","1997","N14 B_Industry","NMVOC","Gg","1.93377916197691"
"MK","1997","N14 C_OtherStatComb","NMVOC","Gg","9.79601604008652"
"MK","1997","N14 D_Fugitive","NMVOC","Gg","2.48339561662466"
"MK","1997","N14 E_Solvents","NMVOC","Gg","7.52001324064178"
"MK","1997","N14 F_RoadTransport","NMVOC","Gg","15.208239140808"
"MK","1997","N14 G_Shipping","NMVOC","Gg","1.81023027225942e-05"
"MK","1997","N14 H_Aviation","NMVOC","Gg","0.00237603124474043"
"MK","1997","N14 I_Offroad","NMVOC","Gg","0.90654210905521"
"MK","1997","N14 J_Waste","NMVOC","Gg","1.40166133856519"
"MK","1997","N14 K_AgriLivestock","NMVOC","Gg","4.29214038494196"
"MK","1997","N14 L_AgriOther","NMVOC","Gg","1.1051"
"MK","1997","N14 M_Other","NMVOC","Gg","0"
"MK","1997","N14 O_AviCruise","NMVOC","Gg","0.362240649292511"
"MK","1997","N14 P_IntShipping","NMVOC","Gg","0"
"MK","1997","N14 N_Natural","NMVOC","Gg","0"
"MK","1997","N14 z_Memo","NMVOC","Gg","0"
"CZ","1990","N14 A_PublicPower","NMVOC","Gg","9.004924002"
"CZ","1990","N14 B_Industry","NMVOC","Gg","22.822904896"
"CZ","1990","N14 C_OtherStatComb","NMVOC","Gg","199.788972115119"
"CZ","1990","N14 D_Fugitive","NMVOC","Gg","20.5738954"
"CZ","1990","N14 E_Solvents","NMVOC","Gg","185.10612990712"
"CZ","1990","N14 F_RoadTransport","NMVOC","Gg","58.1448406506227"
"CZ","1990","N14 G_Shipping","NMVOC","Gg","0.08024"
"CZ","1990","N14 H_Aviation","NMVOC","Gg","0.15736275"
"CZ","1990","N14 I_Offroad","NMVOC","Gg","13.2727445725177"
"CZ","1990","N14 J_Waste","NMVOC","Gg","0.0673182942830552"
"CZ","1990","N14 K_AgriLivestock","NMVOC","Gg","0"
"CZ","1990","N14 L_AgriOther","NMVOC","Gg","0"
"CZ","1990","N14 M_Other","NMVOC","Gg","0"
"CZ","1990","N14 O_AviCruise","NMVOC","Gg","1.28190975"
"CZ","1990","N14 P_IntShipping","NMVOC","Gg","0"
"CZ","1990","N14 N_Natural","NMVOC","Gg","0"
"CZ","1990","N14 z_Memo","NMVOC","Gg","59.5249565586227"
"SI","2012","N14 A_PublicPower","NMVOC","Gg","0.158937538375114"
"SI","2012","N14 B_Industry","NMVOC","Gg","2.61843384887061"
"SI","2012","N14 C_OtherStatComb","NMVOC","Gg","7.77875852233756"
"SI","2012","N14 D_Fugitive","NMVOC","Gg","1.95916870288454"
"SI","2012","N14 E_Solvents","NMVOC","Gg","9.2448095584"
"SI","2012","N14 F_RoadTransport","NMVOC","Gg","3.50381463689481"
"SI","2012","N14 G_Shipping","NMVOC","Gg","0"
"SI","2012","N14 H_Aviation","NMVOC","Gg","0.04926243907"
"SI","2012","N14 I_Offroad","NMVOC","Gg","1.6037966693472"
"SI","2012","N14 J_Waste","NMVOC","Gg","0.6274156810873"
"SI","2012","N14 K_AgriLivestock","NMVOC","Gg","5.57301379711754"
"SI","2012","N14 L_AgriOther","NMVOC","Gg","0.0254371547654839"
"SI","2012","N14 M_Other","NMVOC","Gg","0"
"SI","2012","N14 O_AviCruise","NMVOC","Gg","0"
"SI","2012","N14 P_IntShipping","NMVOC","Gg","0.137876121"
"SI","2012","N14 N_Natural","NMVOC","Gg","0"
"SI","2012","N14 z_Memo","NMVOC","Gg","0.000125867007"
"EU27","1995","N14 A_PublicPower","NMVOC","Gg","42.3479670743294"
"EU27","1995","N14 B_Industry","NMVOC","Gg","902.129607982556"
"EU27","1995","N14 C_OtherStatComb","NMVOC","Gg","1422.82650541105"
"EU27","1995","N14 D_Fugitive","NMVOC","Gg","1312.37479694089"
"EU27","1995","N14 E_Solvents","NMVOC","Gg","4008.68468193417"
"EU27","1995","N14 F_RoadTransport","NMVOC","Gg","4211.54991539096"
"EU27","1995","N14 G_Shipping","NMVOC","Gg","102.532872227545"
"EU27","1995","N14 H_Aviation","NMVOC","Gg","10.7122038913287"
"EU27","1995","N14 I_Offroad","NMVOC","Gg","380.608447021722"
"EU27","1995","N14 J_Waste","NMVOC","Gg","98.1485959755042"
"EU27","1995","N14 K_AgriLivestock","NMVOC","Gg","963.614525938484"
"EU27","1995","N14 L_AgriOther","NMVOC","Gg","229.537228739946"
"EU27","1995","N14 M_Other","NMVOC","Gg","1.34102957928434"
"EU27","1995","N14 O_AviCruise","NMVOC","Gg","9.06319643849461"
"EU27","1995","N14 P_IntShipping","NMVOC","Gg","38.579287818157"
"EU27","1995","N14 N_Natural","NMVOC","Gg","2205.28394415417"
"EU27","1995","N14 z_Memo","NMVOC","Gg","1507.45864017259"
"TR","2007","N14 A_PublicPower","NMVOC","Gg","2.2189208717129"
"TR","2007","N14 B_Industry","NMVOC","Gg","133.274620189852"
"TR","2007","N14 C_OtherStatComb","NMVOC","Gg","196.046473288538"
"TR","2007","N14 D_Fugitive","NMVOC","Gg","0"
"TR","2007","N14 E_Solvents","NMVOC","Gg","227.738252141774"
"TR","2007","N14 F_RoadTransport","NMVOC","Gg","54.6835607829611"
"TR","2007","N14 G_Shipping","NMVOC","Gg","1.34549717544"
"TR","2007","N14 H_Aviation","NMVOC","Gg","3.52266279393506"
"TR","2007","N14 I_Offroad","NMVOC","Gg","0.630622434665178"
"TR","2007","N14 J_Waste","NMVOC","Gg","38.1739568125"
"TR","2007","N14 K_AgriLivestock","NMVOC","Gg","157.81894195082"
"TR","2007","N14 L_AgriOther","NMVOC","Gg","172.39167191971"
"TR","2007","N14 M_Other","NMVOC","Gg","0"
"TR","2007","N14 O_AviCruise","NMVOC","Gg","0.967422586101565"
"TR","2007","N14 P_IntShipping","NMVOC","Gg","0"
"TR","2007","N14 N_Natural","NMVOC","Gg","0"
"IE","2009","N14 A_PublicPower","NMVOC","Gg","0.35135272534391"
"IE","2009","N14 B_Industry","NMVOC","Gg","18.3154292720054"
"IE","2009","N14 C_OtherStatComb","NMVOC","Gg","11.9907193671501"
"IE","2009","N14 D_Fugitive","NMVOC","Gg","6.19019022954086"
"IE","2009","N14 E_Solvents","NMVOC","Gg","21.8340278210718"
"IE","2009","N14 F_RoadTransport","NMVOC","Gg","10.4271174934471"
"IE","2009","N14 G_Shipping","NMVOC","Gg","0.17415211791741"
"IE","2009","N14 H_Aviation","NMVOC","Gg","0.129535680573444"
"IE","2009","N14 I_Offroad","NMVOC","Gg","0.868284658547639"
"IE","2009","N14 J_Waste","NMVOC","Gg","0.338471145862392"
"IE","2009","N14 K_AgriLivestock","NMVOC","Gg","38.7641720571138"
"IE","2009","N14 L_AgriOther","NMVOC","Gg","3.950754"
"IE","2009","N14 M_Other","NMVOC","Gg","0"
"IE","2009","N14 O_AviCruise","NMVOC","Gg","0.310302415562283"
"IE","2009","N14 P_IntShipping","NMVOC","Gg","0.26570628974551"
"IE","2009","N14 N_Natural","NMVOC","Gg","0"
"IE","2009","N14 z_Memo","NMVOC","Gg","10.7533273259136"
"MC","1993","N14 A_PublicPower","NMVOC","Gg","0.000154776653282517"
"MC","1993","N14 B_Industry","NMVOC","Gg","4.4e-06"
"MC","1993","N14 C_OtherStatComb","NMVOC","Gg","0.000609718471595751"
"MC","1993","N14 D_Fugitive","NMVOC","Gg","7.61428571428572e-05"
"MC","1993","N14 E_Solvents","NMVOC","Gg","0.0600480982534719"
"MC","1993","N14 F_RoadTransport","NMVOC","Gg","0.493002232329911"
"MC","1993","N14 G_Shipping","NMVOC","Gg","0.0136221825784777"
"MC","1993","N14 H_Aviation","NMVOC","Gg","0.0159544216"
"MC","1993","N14 I_Offroad","NMVOC","Gg","0.0125964802838625"
"MC","1993","N14 J_Waste","NMVOC","Gg","9.503001e-05"
"MC","1993","N14 K_AgriLivestock","NMVOC","Gg","0"
"MC","1993","N14 L_AgriOther","NMVOC","Gg","0"
"MC","1993","N14 M_Other","NMVOC","Gg","0"
"MC","1993","N14 O_AviCruise","NMVOC","Gg","0"
"MC","1993","N14 P_IntShipping","NMVOC","Gg","0.0390388955045388"
"MC","1993","N14 N_Natural","NMVOC","Gg","0"
"MC","1993","N14 z_Memo","NMVOC","Gg","0"
"KZ","1994","N14 C_OtherStatComb","NMVOC","Gg","0"
"KZ","1994","N14 D_Fugitive","NMVOC","Gg","0"
"KZ","1994","N14 E_Solvents","NMVOC","Gg","20.47651634382"
"KZ","1994","N14 F_RoadTransport","NMVOC","Gg","30.6800645085851"
"KZ","1994","N14 G_Shipping","NMVOC","Gg","19.8434403578172"
"KZ","1994","N14 H_Aviation","NMVOC","Gg","0.169234132392"
"KZ","1994","N14 I_Offroad","NMVOC","Gg","1.22109742883721"
"KZ","1994","N14 J_Waste","NMVOC","Gg","5.4335"
"KZ","1994","N14 K_AgriLivestock","NMVOC","Gg","98.773322"
"KZ","1994","N14 L_AgriOther","NMVOC","Gg","27.229664"
"KZ","1994","N14 M_Other","NMVOC","Gg","0"
"KZ","1994","N14 N_Natural","NMVOC","Gg","12.41"
"EE","2009","N14 A_PublicPower","NMVOC","Gg","0.4215468"
"EE","2009","N14 B_Industry","NMVOC","Gg","2.0190035"
"EE","2009","N14 C_OtherStatComb","NMVOC","Gg","4.9947518"
"EE","2009","N14 D_Fugitive","NMVOC","Gg","1.6839434"
"EE","2009","N14 E_Solvents","NMVOC","Gg","5.204461"
"EE","2009","N14 F_RoadTransport","NMVOC","Gg","3.441916"
"EE","2009","N14 G_Shipping","NMVOC","Gg","0.0596"
"EE","2009","N14 H_Aviation","NMVOC","Gg","0.009883"
"EE","2009","N14 I_Offroad","NMVOC","Gg","1.176612"
"EE","2009","N14 J_Waste","NMVOC","Gg","0.580397"
"EE","2009","N14 K_AgriLivestock","NMVOC","Gg","3.851858"
"EE","2009","N14 L_AgriOther","NMVOC","Gg","0.371564"
"EE","2009","N14 M_Other","NMVOC","Gg","0"
"EE","2009","N14 O_AviCruise","NMVOC","Gg","0.014363"
"EE","2009","N14 P_IntShipping","NMVOC","Gg","0.632605"
"EE","2009","N14 N_Natural","NMVOC","Gg","37.58496"
"EE","2009","N14 z_Memo","NMVOC","Gg","0"
"FI","1989","N14 A_PublicPower","NMVOC","Gg","0"
"FI","1989","N14 B_Industry","NMVOC","Gg","32"
"FI","1989","N14 C_OtherStatComb","NMVOC","Gg","27.4"
"FI","1989","N14 D_Fugitive","NMVOC","Gg","7.8171"
"FI","1989","N14 E_Solvents","NMVOC","Gg","52.7"
"FI","1989","N14 F_RoadTransport","NMVOC","Gg","65.7697339944728"
"FI","1989","N14 G_Shipping","NMVOC","Gg","9.639"
"FI","1989","N14 H_Aviation","NMVOC","Gg","0.0973960693164298"
"FI","1989","N14 I_Offroad","NMVOC","Gg","20.5628209090251"
"FI","1989","N14 J_Waste","NMVOC","Gg","0.2"
"FI","1989","N14 K_AgriLivestock","NMVOC","Gg","13.4098648365291"
"FI","1989","N14 L_AgriOther","NMVOC","Gg","4.31140018681962"
"FI","1989","N14 M_Other","NMVOC","Gg","0"
"FI","1989","N14 O_AviCruise","NMVOC","Gg","0.156435837670048"
"FI","1989","N14 P_IntShipping","NMVOC","Gg","0"
"FI","1989","N14 N_Natural","NMVOC","Gg","0"
"FI","1989","N14 z_Memo","NMVOC","Gg","0"
"EU27","2007","N14 A_PublicPower","NMVOC","Gg","43.9182677758827"
"EU27","2007","N14 B_Industry","NMVOC","Gg","693.174540841815"
"EU27","2007","N14 C_OtherStatComb","NMVOC","Gg","1073.2028089604"
"EU27","2007","N14 D_Fugitive","NMVOC","Gg","679.547782924058"
"EU27","2007","N14 E_Solvents","NMVOC","Gg","3340.89286854785"
"EU27","2007","N14 F_RoadTransport","NMVOC","Gg","1271.85134521859"
"EU27","2007","N14 G_Shipping","NMVOC","Gg","85.586207972975"
"EU27","2007","N14 H_Aviation","NMVOC","Gg","8.92159940137382"
"EU27","2007","N14 I_Offroad","NMVOC","Gg","298.407226309668"
"EU27","2007","N14 J_Waste","NMVOC","Gg","93.6403922450851"
"EU27","2007","N14 K_AgriLivestock","NMVOC","Gg","864.500269323056"
"EU27","2007","N14 L_AgriOther","NMVOC","Gg","222.003038639584"
"EU27","2007","N14 M_Other","NMVOC","Gg","1.861575057546"
"EU27","2007","N14 O_AviCruise","NMVOC","Gg","12.1825673738198"
"EU27","2007","N14 P_IntShipping","NMVOC","Gg","61.1747866290759"
"EU27","2007","N14 N_Natural","NMVOC","Gg","2414.05718185932"
"EU27","2007","N14 z_Memo","NMVOC","Gg","1386.25881325216"
"FR","2016","N14 A_PublicPower","NMVOC","Gg","0.709695425960727"
"FR","2016","N14 B_Industry","NMVOC","Gg","59.0020624275158"
"FR","2016","N14 C_OtherStatComb","NMVOC","Gg","141.975313315909"
"FR","2016","N14 D_Fugitive","NMVOC","Gg","23.5691238179205"
"FR","2016","N14 E_Solvents","NMVOC","Gg","293.198185019551"
"FR","2016","N14 F_RoadTransport","NMVOC","Gg","58.8693165340831"
"FR","2016","N14 G_Shipping","NMVOC","Gg","9.4090819722528"
"FR","2016","N14 H_Aviation","NMVOC","Gg","1.22799081886424"
"FR","2016","N14 I_Offroad","NMVOC","Gg","20.6082122205124"
"FR","2016","N14 J_Waste","NMVOC","Gg","9.33204495407303"
"FR","2016","N14 K_AgriLivestock","NMVOC","Gg","0"
"FR","2016","N14 L_AgriOther","NMVOC","Gg","1.58730606164053"
"FR","2016","N14 M_Other","NMVOC","Gg","0"
"FR","2016","N14 O_AviCruise","NMVOC","Gg","2.37830868434069"
"FR","2016","N14 P_IntShipping","NMVOC","Gg","4.50276249805149"
"FR","2016","N14 N_Natural","NMVOC","Gg","102.42877539338"
"FR","2016","N14 z_Memo","NMVOC","Gg","1549.78972021578"
"RS","2017","N14 A_PublicPower","NMVOC","Gg","0.46936733895"
"RS","2017","N14 B_Industry","NMVOC","Gg","12.3987156506599"
"RS","2017","N14 C_OtherStatComb","NMVOC","Gg","25.2545285493494"
"RS","2017","N14 D_Fugitive","NMVOC","Gg","38.0440017379"
"RS","2017","N14 E_Solvents","NMVOC","Gg","17.3902712627"
"RS","2017","N14 F_RoadTransport","NMVOC","Gg","12.3622593944866"
"RS","2017","N14 G_Shipping","NMVOC","Gg","0.0189"
"RS","2017","N14 H_Aviation","NMVOC","Gg","0.0294695"
"RS","2017","N14 I_Offroad","NMVOC","Gg","0.622936315"
"RS","2017","N14 J_Waste","NMVOC","Gg","0.00240964615074074"
"RS","2017","N14 K_AgriLivestock","NMVOC","Gg","15.5166064205"
"RS","2017","N14 L_AgriOther","NMVOC","Gg","2.9567918"
"RS","2017","N14 M_Other","NMVOC","Gg","0"
"RS","2017","N14 O_AviCruise","NMVOC","Gg","0.0058859"
"RS","2017","N14 P_IntShipping","NMVOC","Gg","0"
"RS","2017","N14 N_Natural","NMVOC","Gg","0.3675"
"RS","2017","N14 z_Memo","NMVOC","Gg","0"
"CH","1986","N14 A_PublicPower","NMVOC","Gg","0.521786504887596"
"CH","1986","N14 B_Industry","NMVOC","Gg","8.1258031062408"
"CH","1986","N14 C_OtherStatComb","NMVOC","Gg","9.45103598093127"
"CH","1986","N14 D_Fugitive","NMVOC","Gg","15.3368303936889"
"CH","1986","N14 E_Solvents","NMVOC","Gg","143.175038572"
"CH","1986","N14 F_RoadTransport","NMVOC","Gg","107.514678403737"
"CH","1986","N14 G_Shipping","NMVOC","Gg","1.62393102946728"
"CH","1986","N14 H_Aviation","NMVOC","Gg","0.247226948266865"
"CH","1986","N14 I_Offroad","NMVOC","Gg","6.98196286885383"
"CH","1986","N14 J_Waste","NMVOC","Gg","1.46205549703872"
"CH","1986","N14 K_AgriLivestock","NMVOC","Gg","19.3891235213495"
"CH","1986","N14 L_AgriOther","NMVOC","Gg","2.1365566409066"
"CH","1986","N14 M_Other","NMVOC","Gg","0.12884"
"CH","1986","N14 O_AviCruise","NMVOC","Gg","0.511533120013358"
"CH","1986","N14 P_IntShipping","NMVOC","Gg","0.364535272333637"
"CH","1986","N14 N_Natural","NMVOC","Gg","0.75737275"
"CH","1986","N14 z_Memo","NMVOC","Gg","109.460408189904"
"GR","2010","N14 A_PublicPower","NMVOC","Gg","1.71371480321794"
"GR","2010","N14 B_Industry","NMVOC","Gg","13.4514149844227"
"GR","2010","N14 C_OtherStatComb","NMVOC","Gg","9.4777385351"
"GR","2010","N14 D_Fugitive","NMVOC","Gg","19.1616"
"GR","2010","N14 E_Solvents","NMVOC","Gg","118.266548336354"
"GR","2010","N14 F_RoadTransport","NMVOC","Gg","60.0151355086229"
"GR","2010","N14 G_Shipping","NMVOC","Gg","2.0062"
"GR","2010","N14 H_Aviation","NMVOC","Gg","0.012658059684"
"GR","2010","N14 I_Offroad","NMVOC","Gg","5.8283382785249"
"GR","2010","N14 J_Waste","NMVOC","Gg","7.6065031816968"
"GR","2010","N14 K_AgriLivestock","NMVOC","Gg","14.42503541499"
"GR","2010","N14 L_AgriOther","NMVOC","Gg","3.38171399897"
"GR","2010","N14 M_Other","NMVOC","Gg","0"
"GR","2010","N14 O_AviCruise","NMVOC","Gg","0.020140622914"
"GR","2010","N14 P_IntShipping","NMVOC","Gg","7.562"
"FI","1992","N14 A_PublicPower","NMVOC","Gg","0.43416175447"
"FI","1992","N14 B_Industry","NMVOC","Gg","21.2349665784474"
"FI","1992","N14 C_OtherStatComb","NMVOC","Gg","14.7329149813467"
"FI","1992","N14 D_Fugitive","NMVOC","Gg","14.66078992"
"FI","1992","N14 E_Solvents","NMVOC","Gg","41.156566605"
"FI","1992","N14 F_RoadTransport","NMVOC","Gg","74.2711668083974"
"FI","1992","N14 G_Shipping","NMVOC","Gg","9.95529971231303"
"FI","1992","N14 H_Aviation","NMVOC","Gg","0.0981946266223302"
"FI","1992","N14 I_Offroad","NMVOC","Gg","21.6206243620763"
"FI","1992","N14 J_Waste","NMVOC","Gg","0.260225999"
"FI","1992","N14 K_AgriLivestock","NMVOC","Gg","12.3981840854279"
"FI","1992","N14 L_AgriOther","NMVOC","Gg","4.06942244885464"
"FI","1992","N14 M_Other","NMVOC","Gg","0"
"FI","1992","N14 O_AviCruise","NMVOC","Gg","0.143551727226379"
"FI","1992","N14 P_IntShipping","NMVOC","Gg","1.5677"
"FI","1992","N14 N_Natural","NMVOC","Gg","0"
"FI","1992","N14 z_Memo","NMVOC","Gg","0"
"GR","1998","N14 A_PublicPower","NMVOC","Gg","1.56230608865984"
"GR","1998","N14 B_Industry","NMVOC","Gg","18.9743574975836"
"GR","1998","N14 C_OtherStatComb","NMVOC","Gg","7.93963838051509"
"GR","1998","N14 D_Fugitive","NMVOC","Gg","18.91333"
"GR","1998","N14 E_Solvents","NMVOC","Gg","105.249709400663"
"GR","1998","N14 F_RoadTransport","NMVOC","Gg","144.01378836248"
"GR","1998","N14 G_Shipping","NMVOC","Gg","2.4382"
"GR","1998","N14 H_Aviation","NMVOC","Gg","0.0106366986623461"
"GR","1998","N14 I_Offroad","NMVOC","Gg","9.7052704"
"GR","1998","N14 J_Waste","NMVOC","Gg","3.21093452010466"
"GR","1998","N14 K_AgriLivestock","NMVOC","Gg","14.689412778324"
"GR","1998","N14 L_AgriOther","NMVOC","Gg","3.555963349935"
"GR","1998","N14 M_Other","NMVOC","Gg","0"
"GR","1998","N14 O_AviCruise","NMVOC","Gg","0.0175067111424119"
"GR","1998","N14 P_IntShipping","NMVOC","Gg","9.677"
"MK","2013","N14 A_PublicPower","NMVOC","Gg","0.0677335318844731"
"MK","2013","N14 B_Industry","NMVOC","Gg","1.86123679896158"
"MK","2013","N14 C_OtherStatComb","NMVOC","Gg","6.93934760583816"
"MK","2013","N14 D_Fugitive","NMVOC","Gg","2.59159921714267"
"MK","2013","N14 E_Solvents","NMVOC","Gg","8.25798415369732"
"MK","2013","N14 F_RoadTransport","NMVOC","Gg","5.85100158282832"
"MK","2013","N14 G_Shipping","NMVOC","Gg","0.000115854737424603"
"MK","2013","N14 H_Aviation","NMVOC","Gg","0.00254056723"
"MK","2013","N14 I_Offroad","NMVOC","Gg","0.854285895861937"
"MK","2013","N14 J_Waste","NMVOC","Gg","3.8016036773"
"MK","2013","N14 K_AgriLivestock","NMVOC","Gg","3.147353263"
"MK","2013","N14 L_AgriOther","NMVOC","Gg","1.08388896"
"MK","2013","N14 M_Other","NMVOC","Gg","0"
"MK","2013","N14 O_AviCruise","NMVOC","Gg","0.19205755826"
"MK","2013","N14 P_IntShipping","NMVOC","Gg","0"
"MK","2013","N14 N_Natural","NMVOC","Gg","0.8532"
"MK","2013","N14 z_Memo","NMVOC","Gg","0"
"EU27","2004","N14 A_PublicPower","NMVOC","Gg","43.1017779231385"
"EU27","2004","N14 B_Industry","NMVOC","Gg","715.473208014167"
"EU27","2004","N14 C_OtherStatComb","NMVOC","Gg","1053.9179914777"
"EU27","2004","N14 D_Fugitive","NMVOC","Gg","778.590667022651"
"EU27","2004","N14 E_Solvents","NMVOC","Gg","3453.71667169267"
"EU27","2004","N14 F_RoadTransport","NMVOC","Gg","1776.59184175735"
"EU27","2004","N14 G_Shipping","NMVOC","Gg","95.3562735502393"
"EU27","2004","N14 H_Aviation","NMVOC","Gg","8.96515755640423"
"EU27","2004","N14 I_Offroad","NMVOC","Gg","323.943257162945"
"EU27","2004","N14 J_Waste","NMVOC","Gg","97.0850990622601"
"EU27","2004","N14 K_AgriLivestock","NMVOC","Gg","870.130706150598"
"EU27","2004","N14 L_AgriOther","NMVOC","Gg","224.603745662539"
"EU27","2004","N14 M_Other","NMVOC","Gg","1.959576123584"
"EU27","2004","N14 O_AviCruise","NMVOC","Gg","10.3253659295132"
"EU27","2004","N14 P_IntShipping","NMVOC","Gg","54.5545927836441"
"EU27","2004","N14 N_Natural","NMVOC","Gg","2289.99823247254"
"EU27","2004","N14 z_Memo","NMVOC","Gg","1458.18531082706"
"RS","1994","N14 A_PublicPower","NMVOC","Gg","0.4449517692"
"RS","1994","N14 B_Industry","NMVOC","Gg","8.44179109106903"
"RS","1994","N14 C_OtherStatComb","NMVOC","Gg","27.7685305923378"
"RS","1994","N14 D_Fugitive","NMVOC","Gg","31.7056242"
"RS","1994","N14 E_Solvents","NMVOC","Gg","18.63475908"
"RS","1994","N14 F_RoadTransport","NMVOC","Gg","32.209429763"
"RS","1994","N14 G_Shipping","NMVOC","Gg","0.0162"
"RS","1994","N14 H_Aviation","NMVOC","Gg","0.003409"
"RS","1994","N14 I_Offroad","NMVOC","Gg","0.32718"
"RS","1994","N14 J_Waste","NMVOC","Gg","0.000178584875185185"
"RS","1994","N14 K_AgriLivestock","NMVOC","Gg","21.74431680625"
"RS","1994","N14 L_AgriOther","NMVOC","Gg","3.1076272"
"RS","1994","N14 M_Other","NMVOC","Gg","0"
"RS","1994","N14 O_AviCruise","NMVOC","Gg","0.000437515"
"RS","1994","N14 P_IntShipping","NMVOC","Gg","0"
"RS","1994","N14 N_Natural","NMVOC","Gg","0"
"RS","1994","N14 z_Memo","NMVOC","Gg","0"
"SI","2009","N14 A_PublicPower","NMVOC","Gg","0.15034237588217"
"SI","2009","N14 B_Industry","NMVOC","Gg","3.20050197288793"
"SI","2009","N14 C_OtherStatComb","NMVOC","Gg","8.11773614380605"
"SI","2009","N14 D_Fugitive","NMVOC","Gg","2.39390632834237"
"SI","2009","N14 E_Solvents","NMVOC","Gg","11.446008349"
"SI","2009","N14 F_RoadTransport","NMVOC","Gg","4.75691040574182"
"SI","2009","N14 G_Shipping","NMVOC","Gg","0"
"SI","2009","N14 H_Aviation","NMVOC","Gg","0.05481113585"
"SI","2009","N14 I_Offroad","NMVOC","Gg","1.64025502704193"
"SI","2009","N14 J_Waste","NMVOC","Gg","1.1909324573787"
"SI","2009","N14 K_AgriLivestock","NMVOC","Gg","5.73224680550126"
"SI","2009","N14 L_AgriOther","NMVOC","Gg","0.0252487102625767"
"SI","2009","N14 M_Other","NMVOC","Gg","0"
"SI","2009","N14 O_AviCruise","NMVOC","Gg","0"
"SI","2009","N14 P_IntShipping","NMVOC","Gg","0.08858727"
"SI","2009","N14 N_Natural","NMVOC","Gg","0"
"SI","2009","N14 z_Memo","NMVOC","Gg","0.000310130226"
"ES","1991","N14 A_PublicPower","NMVOC","Gg","0.780349707293477"
"ES","1991","N14 B_Industry","NMVOC","Gg","61.5586082349324"
"ES","1991","N14 C_OtherStatComb","NMVOC","Gg","35.85880437"
"ES","1991","N14 D_Fugitive","NMVOC","Gg","48.144726015136"
"ES","1991","N14 E_Solvents","NMVOC","Gg","354.174746922"
"ES","1991","N14 F_RoadTransport","NMVOC","Gg","351.286478765"
"ES","1991","N14 G_Shipping","NMVOC","Gg","3.899615355"
"ES","1991","N14 H_Aviation","NMVOC","Gg","0.294719469985332"
"ES","1991","N14 I_Offroad","NMVOC","Gg","22.594135551"
"ES","1991","N14 J_Waste","NMVOC","Gg","7.52560575961"
"ES","1991","N14 K_AgriLivestock","NMVOC","Gg","46.440285203"
"ES","1991","N14 L_AgriOther","NMVOC","Gg","79.425483005"
"ES","1991","N14 M_Other","NMVOC","Gg","0"
"ES","1991","N14 O_AviCruise","NMVOC","Gg","0.601901062351058"
"ES","1991","N14 P_IntShipping","NMVOC","Gg","8.255859155"
"ES","1991","N14 N_Natural","NMVOC","Gg","0"
"ES","1991","N14 z_Memo","NMVOC","Gg","0"
"PT","1999","N14 A_PublicPower","NMVOC","Gg","0.795761228472101"
"PT","1999","N14 B_Industry","NMVOC","Gg","23.5772106395663"
"PT","1999","N14 C_OtherStatComb","NMVOC","Gg","23.2101012265253"
"PT","1999","N14 D_Fugitive","NMVOC","Gg","12.9417144366352"
"PT","1999","N14 E_Solvents","NMVOC","Gg","93.7844533677681"
"PT","1999","N14 F_RoadTransport","NMVOC","Gg","71.0702929983322"
"PT","1999","N14 G_Shipping","NMVOC","Gg","0.198373378714562"
"PT","1999","N14 H_Aviation","NMVOC","Gg","1.53287474051263"
"PT","1999","N14 I_Offroad","NMVOC","Gg","0.855594763478351"
"PT","1999","N14 J_Waste","NMVOC","Gg","2.05973363064589"
"PT","1999","N14 K_AgriLivestock","NMVOC","Gg","10.033860717301"
"PT","1999","N14 L_AgriOther","NMVOC","Gg","7.96487748704673"
"PT","1999","N14 M_Other","NMVOC","Gg","0"
"PT","1999","N14 O_AviCruise","NMVOC","Gg","0.338076523806136"
"PT","1999","N14 P_IntShipping","NMVOC","Gg","1.32715874767648"
"PT","1999","N14 N_Natural","NMVOC","Gg","516.204771444493"
"PT","1999","N14 z_Memo","NMVOC","Gg","0"
"HR","2009","N14 A_PublicPower","NMVOC","Gg","0.2659213876142"
"HR","2009","N14 B_Industry","NMVOC","Gg","6.98366532880769"
"HR","2009","N14 C_OtherStatComb","NMVOC","Gg","21.72973785835"
"HR","2009","N14 D_Fugitive","NMVOC","Gg","5.45355412198343"
"HR","2009","N14 E_Solvents","NMVOC","Gg","31.8889827428033"
"HR","2009","N14 F_RoadTransport","NMVOC","Gg","12.5182595245286"
"HR","2009","N14 G_Shipping","NMVOC","Gg","0.34377562948"
"HR","2009","N14 H_Aviation","NMVOC","Gg","0.0287824694"
"HR","2009","N14 I_Offroad","NMVOC","Gg","1.92731580470505"
"HR","2009","N14 J_Waste","NMVOC","Gg","3.57669954704"
"HR","2009","N14 K_AgriLivestock","NMVOC","Gg","8.32586794579"
"HR","2009","N14 L_AgriOther","NMVOC","Gg","1.11764052"
"HR","2009","N14 M_Other","NMVOC","Gg","0"
"HR","2009","N14 O_AviCruise","NMVOC","Gg","0.04257724733"
"HR","2009","N14 P_IntShipping","NMVOC","Gg","0.01903989416"
"HR","2009","N14 N_Natural","NMVOC","Gg","0.8367"
"HR","2009","N14 z_Memo","NMVOC","Gg","0"
"NO","1993","N14 A_PublicPower","NMVOC","Gg","0.4055625533"
"NO","1993","N14 B_Industry","NMVOC","Gg","7.6102041303"
"NO","1993","N14 C_OtherStatComb","NMVOC","Gg","7.3596423367"
"NO","1993","N14 D_Fugitive","NMVOC","Gg","198.7357542398"
"NO","1993","N14 E_Solvents","NMVOC","Gg","47.1026134725"
"NO","1993","N14 F_RoadTransport","NMVOC","Gg","55.7529780083"
"NO","1993","N14 G_Shipping","NMVOC","Gg","2.2124399329"
"NO","1993","N14 H_Aviation","NMVOC","Gg","0.2575247847"
"NO","1993","N14 I_Offroad","NMVOC","Gg","30.7989932222"
"NO","1993","N14 J_Waste","NMVOC","Gg","1.2620267558"
"NO","1993","N14 K_AgriLivestock","NMVOC","Gg","10.2325817381"
"NO","1993","N14 L_AgriOther","NMVOC","Gg","0.8790452508"
"NO","1993","N14 M_Other","NMVOC","Gg","0"
"NO","1993","N14 O_AviCruise","NMVOC","Gg","0.6814826482"
"NO","1993","N14 P_IntShipping","NMVOC","Gg","0.4170608576"
"NO","1993","N14 N_Natural","NMVOC","Gg","0"
"NO","1993","N14 z_Memo","NMVOC","Gg","58.948164648"
"ES","2010","N14 A_PublicPower","NMVOC","Gg","2.10257029471571"
"ES","2010","N14 B_Industry","NMVOC","Gg","71.0537663221164"
"ES","2010","N14 C_OtherStatComb","NMVOC","Gg","43.019716456"
"ES","2010","N14 D_Fugitive","NMVOC","Gg","24.853544687131"
"ES","2010","N14 E_Solvents","NMVOC","Gg","285.778585198"
"ES","2010","N14 F_RoadTransport","NMVOC","Gg","46.637519226"
"ES","2010","N14 G_Shipping","NMVOC","Gg","1.823499905"
"ES","2010","N14 H_Aviation","NMVOC","Gg","0.766742604406382"
"ES","2010","N14 I_Offroad","NMVOC","Gg","10.584826458"
"ES","2010","N14 J_Waste","NMVOC","Gg","6.104209250635"
"ES","2010","N14 K_AgriLivestock","NMVOC","Gg","53.075790419"
"ES","2010","N14 L_AgriOther","NMVOC","Gg","84.374168757"
"ES","2010","N14 M_Other","NMVOC","Gg","0"
"ES","2010","N14 O_AviCruise","NMVOC","Gg","1.30377409891116"
"ES","2010","N14 P_IntShipping","NMVOC","Gg","20.460251834"
"ES","2010","N14 N_Natural","NMVOC","Gg","0"
"ES","2010","N14 z_Memo","NMVOC","Gg","0"
"DE","1994","N14 A_PublicPower","NMVOC","Gg","5.427438685"
"DE","1994","N14 B_Industry","NMVOC","Gg","100.06197997148"
"DE","1994","N14 C_OtherStatComb","NMVOC","Gg","94.0743272470662"
"DE","1994","N14 D_Fugitive","NMVOC","Gg","166.006221155495"
"DE","1994","N14 E_Solvents","NMVOC","Gg","931.595649486474"
"DE","1994","N14 F_RoadTransport","NMVOC","Gg","570.352457028815"
"DE","1994","N14 G_Shipping","NMVOC","Gg","3.049991432534"
"DE","1994","N14 H_Aviation","NMVOC","Gg","1.1478217203844"
"DE","1994","N14 I_Offroad","NMVOC","Gg","54.2111230154273"
"DE","1994","N14 J_Waste","NMVOC","Gg","0.146821971"
"DE","1994","N14 K_AgriLivestock","NMVOC","Gg","226.710423145602"
"DE","1994","N14 L_AgriOther","NMVOC","Gg","7.49504518315087"
"DE","1994","N14 M_Other","NMVOC","Gg","0"
"DE","1994","N14 O_AviCruise","NMVOC","Gg","2.02009009955251"
"DE","1994","N14 P_IntShipping","NMVOC","Gg","2.66137838904263"
"DE","1994","N14 N_Natural","NMVOC","Gg","0.40416620706"
"DE","1994","N14 z_Memo","NMVOC","Gg","0"
"FR","2010","N14 A_PublicPower","NMVOC","Gg","0.733253821017324"
"FR","2010","N14 B_Industry","NMVOC","Gg","62.603282126805"
"FR","2010","N14 C_OtherStatComb","NMVOC","Gg","193.468516934357"
"FR","2010","N14 D_Fugitive","NMVOC","Gg","31.283950054417"
"FR","2010","N14 E_Solvents","NMVOC","Gg","363.457351985442"
"FR","2010","N14 F_RoadTransport","NMVOC","Gg","109.162979491693"
"FR","2010","N14 G_Shipping","NMVOC","Gg","8.54049275457893"
"FR","2010","N14 H_Aviation","NMVOC","Gg","1.2450934785782"
"FR","2010","N14 I_Offroad","NMVOC","Gg","32.4679599320174"
"FR","2010","N14 J_Waste","NMVOC","Gg","11.8769983331499"
"FR","2010","N14 K_AgriLivestock","NMVOC","Gg","0"
"FR","2010","N14 L_AgriOther","NMVOC","Gg","1.79070139437057"
"FR","2010","N14 M_Other","NMVOC","Gg","0"
"FR","2010","N14 O_AviCruise","NMVOC","Gg","2.16677184264681"
"FR","2010","N14 P_IntShipping","NMVOC","Gg","6.77836549416927"
"FR","2010","N14 N_Natural","NMVOC","Gg","94.4149143438941"
"FR","2010","N14 z_Memo","NMVOC","Gg","1432.44842798169"
"LV","1992","N14 A_PublicPower","NMVOC","Gg","0.16879773"
"LV","1992","N14 B_Industry","NMVOC","Gg","3.877873498"
"LV","1992","N14 C_OtherStatComb","NMVOC","Gg","14.2556506"
"LV","1992","N14 D_Fugitive","NMVOC","Gg","3.59027"
"LV","1992","N14 E_Solvents","NMVOC","Gg","9.44999027921313"
"LV","1992","N14 F_RoadTransport","NMVOC","Gg","21.9605213193091"
"LV","1992","N14 G_Shipping","NMVOC","Gg","0.0113599855095541"
"LV","1992","N14 H_Aviation","NMVOC","Gg","0.0282348251032469"
"LV","1992","N14 I_Offroad","NMVOC","Gg","2.80381541897079"
"LV","1992","N14 J_Waste","NMVOC","Gg","0.757014391675702"
"LV","1992","N14 K_AgriLivestock","NMVOC","Gg","11.593247440397"
"LV","1992","N14 L_AgriOther","NMVOC","Gg","1.393885"
"LV","1992","N14 M_Other","NMVOC","Gg","0"
"LV","1992","N14 O_AviCruise","NMVOC","Gg","0.0301339211967531"
"LV","1992","N14 P_IntShipping","NMVOC","Gg","0.4956"
"LV","1992","N14 N_Natural","NMVOC","Gg","4.206"
"LV","1992","N14 z_Memo","NMVOC","Gg","0"
"EU28","1993","N14 A_PublicPower","NMVOC","Gg","38.0558620213539"
"EU28","1993","N14 B_Industry","NMVOC","Gg","959.57552749171"
"EU28","1993","N14 C_OtherStatComb","NMVOC","Gg","1703.88389285018"
"EU28","1993","N14 D_Fugitive","NMVOC","Gg","1521.78698178469"
"EU28","1993","N14 E_Solvents","NMVOC","Gg","4658.55952531261"
"EU28","1993","N14 F_RoadTransport","NMVOC","Gg","4863.11596997198"
"EU28","1993","N14 G_Shipping","NMVOC","Gg","96.6619898557456"
"EU28","1993","N14 H_Aviation","NMVOC","Gg","11.0342776026162"
"EU28","1993","N14 I_Offroad","NMVOC","Gg","386.406887837196"
"EU28","1993","N14 J_Waste","NMVOC","Gg","100.692990704906"
"EU28","1993","N14 K_AgriLivestock","NMVOC","Gg","982.678267940359"
"EU28","1993","N14 L_AgriOther","NMVOC","Gg","242.403074092218"
"EU28","1993","N14 M_Other","NMVOC","Gg","1.29884517742117"
"EU28","1993","N14 O_AviCruise","NMVOC","Gg","9.06056489890663"
"EU28","1993","N14 P_IntShipping","NMVOC","Gg","39.3893204194802"
"EU28","1993","N14 N_Natural","NMVOC","Gg","2206.74467726225"
"EU28","1993","N14 z_Memo","NMVOC","Gg","1402.88197047926"
"SK","2002","N14 A_PublicPower","NMVOC","Gg","0.169328625"
"SK","2002","N14 B_Industry","NMVOC","Gg","10.5867194910174"
"SK","2002","N14 C_OtherStatComb","NMVOC","Gg","39.3877421647633"
"SK","2002","N14 D_Fugitive","NMVOC","Gg","10.7924959355303"
"SK","2002","N14 E_Solvents","NMVOC","Gg","56.5105929420925"
"SK","2002","N14 F_RoadTransport","NMVOC","Gg","20.6291118364672"
"SK","2002","N14 G_Shipping","NMVOC","Gg","0.0243959462897727"
"SK","2002","N14 H_Aviation","NMVOC","Gg","0.00158359967347005"
"SK","2002","N14 I_Offroad","NMVOC","Gg","0.844456703009832"
"SK","2002","N14 J_Waste","NMVOC","Gg","0.952454225200254"
"SK","2002","N14 K_AgriLivestock","NMVOC","Gg","6.77537828474807"
"SK","2002","N14 L_AgriOther","NMVOC","Gg","2.69814591296902"
"SK","2002","N14 M_Other","NMVOC","Gg","0"
"SK","2002","N14 O_AviCruise","NMVOC","Gg","0.00265062043648909"
"SK","2002","N14 P_IntShipping","NMVOC","Gg","0"
"SK","2002","N14 N_Natural","NMVOC","Gg","0.29766"
"SK","2002","N14 z_Memo","NMVOC","Gg","0"
"AZ","2011","N14 A_PublicPower","NMVOC","Gg","0.49016021"
"AZ","2011","N14 B_Industry","NMVOC","Gg","11.77827427"
"AZ","2011","N14 C_OtherStatComb","NMVOC","Gg","2.526171495"
"AZ","2011","N14 D_Fugitive","NMVOC","Gg","12.68679"
"AZ","2011","N14 E_Solvents","NMVOC","Gg","13.813438"
"AZ","2011","N14 F_RoadTransport","NMVOC","Gg","21.2625400115"
"AZ","2011","N14 G_Shipping","NMVOC","Gg","0.31444"
"AZ","2011","N14 H_Aviation","NMVOC","Gg","0"
"AZ","2011","N14 I_Offroad","NMVOC","Gg","4.0987458"
"AZ","2011","N14 J_Waste","NMVOC","Gg","0.002898"
"AZ","2011","N14 K_AgriLivestock","NMVOC","Gg","24.586273133"
"AZ","2011","N14 L_AgriOther","NMVOC","Gg","1.38303824"
"AZ","2011","N14 M_Other","NMVOC","Gg","0"
"AZ","2011","N14 O_AviCruise","NMVOC","Gg","0"
"AZ","2011","N14 P_IntShipping","NMVOC","Gg","0"
"AZ","2011","N14 N_Natural","NMVOC","Gg","0"
"AZ","2011","N14 z_Memo","NMVOC","Gg","21.5867450115"
"FR","1984","N14 A_PublicPower","NMVOC","Gg","0"
"FR","1984","N14 B_Industry","NMVOC","Gg","0"
"FR","1984","N14 C_OtherStatComb","NMVOC","Gg","0"
"FR","1984","N14 D_Fugitive","NMVOC","Gg","0"
"FR","1984","N14 E_Solvents","NMVOC","Gg","0"
"FR","1984","N14 F_RoadTransport","NMVOC","Gg","0"
"FR","1984","N14 G_Shipping","NMVOC","Gg","0"
"FR","1984","N14 H_Aviation","NMVOC","Gg","0"
"FR","1984","N14 I_Offroad","NMVOC","Gg","0"
"FR","1984","N14 J_Waste","NMVOC","Gg","0"
"FR","1984","N14 K_AgriLivestock","NMVOC","Gg","0"
"FR","1984","N14 L_AgriOther","NMVOC","Gg","0"
"FR","1984","N14 M_Other","NMVOC","Gg","0"
"FR","1984","N14 O_AviCruise","NMVOC","Gg","0"
"FR","1984","N14 P_IntShipping","NMVOC","Gg","0"
"FR","1984","N14 N_Natural","NMVOC","Gg","0"
"FR","1984","N14 z_Memo","NMVOC","Gg","0"
"KZ","2009","N14 D_Fugitive","NMVOC","Gg","0"
"KZ","2009","N14 E_Solvents","NMVOC","Gg","29.500246613034"
"KZ","2009","N14 F_RoadTransport","NMVOC","Gg","53.4344854966263"
"KZ","2009","N14 G_Shipping","NMVOC","Gg","0.0305855014499449"
"KZ","2009","N14 H_Aviation","NMVOC","Gg","0.0378721688868073"
"KZ","2009","N14 I_Offroad","NMVOC","Gg","1.5372350372093"
"KZ","2009","N14 J_Waste","NMVOC","Gg","6.2153777666"
"KZ","2009","N14 K_AgriLivestock","NMVOC","Gg","78.111917"
"KZ","2009","N14 L_AgriOther","NMVOC","Gg","18.425414"
"KZ","2009","N14 M_Other","NMVOC","Gg","0"
"KZ","2009","N14 N_Natural","NMVOC","Gg","6.604"
"IE","1993","N14 A_PublicPower","NMVOC","Gg","0.230739574797349"
"IE","1993","N14 B_Industry","NMVOC","Gg","11.5127654066227"
"IE","1993","N14 C_OtherStatComb","NMVOC","Gg","23.3755570142534"
"IE","1993","N14 D_Fugitive","NMVOC","Gg","3.56311840589114"
"IE","1993","N14 E_Solvents","NMVOC","Gg","23.3141673773199"
"IE","1993","N14 F_RoadTransport","NMVOC","Gg","32.4337950410131"
"IE","1993","N14 G_Shipping","NMVOC","Gg","0.0791"
"IE","1993","N14 H_Aviation","NMVOC","Gg","0.0954867435715155"
"IE","1993","N14 I_Offroad","NMVOC","Gg","1.54553181618008"
"IE","1993","N14 J_Waste","NMVOC","Gg","1.15914126664861"
"IE","1993","N14 K_AgriLivestock","NMVOC","Gg","38.3212373181186"
"IE","1993","N14 L_AgriOther","NMVOC","Gg","3.787698"
"IE","1993","N14 M_Other","NMVOC","Gg","0"
"IE","1993","N14 O_AviCruise","NMVOC","Gg","0.167982172028684"
"IE","1993","N14 P_IntShipping","NMVOC","Gg","0.1492"
"IE","1993","N14 N_Natural","NMVOC","Gg","0"
"IE","1993","N14 z_Memo","NMVOC","Gg","34.1856467458367"
"PT","2012","N14 A_PublicPower","NMVOC","Gg","1.59050321484601"
"PT","2012","N14 B_Industry","NMVOC","Gg","26.7115798402989"
"PT","2012","N14 C_OtherStatComb","NMVOC","Gg","14.9788076193537"
"PT","2012","N14 D_Fugitive","NMVOC","Gg","8.63130105885521"
"PT","2012","N14 E_Solvents","NMVOC","Gg","75.9244140582565"
"PT","2012","N14 F_RoadTransport","NMVOC","Gg","19.8883161721243"
"PT","2012","N14 G_Shipping","NMVOC","Gg","0.199348286776135"
"PT","2012","N14 H_Aviation","NMVOC","Gg","0.472024584254161"
"PT","2012","N14 I_Offroad","NMVOC","Gg","0.685658670495852"
"PT","2012","N14 J_Waste","NMVOC","Gg","2.41138125452268"
"PT","2012","N14 K_AgriLivestock","NMVOC","Gg","7.55134902858859"
"PT","2012","N14 L_AgriOther","NMVOC","Gg","6.59785804336148"
"PT","2012","N14 M_Other","NMVOC","Gg","0"
"PT","2012","N14 O_AviCruise","NMVOC","Gg","0.374096843873757"
"PT","2012","N14 P_IntShipping","NMVOC","Gg","1.83292917761996"
"PT","2012","N14 N_Natural","NMVOC","Gg","539.737913716256"
"PT","2012","N14 z_Memo","NMVOC","Gg","0"
"MT","2011","N14 A_PublicPower","NMVOC","Gg","0.0514707968850407"
"MT","2011","N14 B_Industry","NMVOC","Gg","0.168263177829974"
"MT","2011","N14 C_OtherStatComb","NMVOC","Gg","0.0216473027868787"
"MT","2011","N14 D_Fugitive","NMVOC","Gg","0.146"
"MT","2011","N14 E_Solvents","NMVOC","Gg","0.50142856"
"MT","2011","N14 F_RoadTransport","NMVOC","Gg","1.45871089989644"
"MT","2011","N14 G_Shipping","NMVOC","Gg","0.013973150769479"
"MT","2011","N14 H_Aviation","NMVOC","Gg","0.03296007"
"MT","2011","N14 I_Offroad","NMVOC","Gg","0.000126431638992"
"MT","2011","N14 J_Waste","NMVOC","Gg","0.38776228"
"MT","2011","N14 K_AgriLivestock","NMVOC","Gg","0.462510278792275"
"MT","2011","N14 L_AgriOther","NMVOC","Gg","0.00031902358212766"
"MT","2011","N14 M_Other","NMVOC","Gg","0.00348"
"MT","2011","N14 O_AviCruise","NMVOC","Gg","0.0080516875"
"MT","2011","N14 P_IntShipping","NMVOC","Gg","9.46132767778716e-12"
"NL","1996","N14 A_PublicPower","NMVOC","Gg","1.025996013"
"NL","1996","N14 B_Industry","NMVOC","Gg","39.12643857"
"NL","1996","N14 C_OtherStatComb","NMVOC","Gg","15.453031773"
"NL","1996","N14 D_Fugitive","NMVOC","Gg","30.333992046"
"NL","1996","N14 E_Solvents","NMVOC","Gg","121.60154406"
"NL","1996","N14 F_RoadTransport","NMVOC","Gg","114.025678354"
"NL","1996","N14 G_Shipping","NMVOC","Gg","1.747548239"
"NL","1996","N14 H_Aviation","NMVOC","Gg","0.288134228"
"NL","1996","N14 I_Offroad","NMVOC","Gg","13.92326022"
"NL","1996","N14 J_Waste","NMVOC","Gg","2.340936987"
"NL","1996","N14 K_AgriLivestock","NMVOC","Gg","39.912713953"
"NL","1996","N14 L_AgriOther","NMVOC","Gg","27.379368317"
"NL","1996","N14 M_Other","NMVOC","Gg","0.412479208"
"NL","1996","N14 O_AviCruise","NMVOC","Gg","0"
"NL","1996","N14 P_IntShipping","NMVOC","Gg","2.890338614"
"NL","1996","N14 N_Natural","NMVOC","Gg","0"
"NL","1996","N14 z_Memo","NMVOC","Gg","103.451091331"
"DK","2016","N14 A_PublicPower","NMVOC","Gg","0.916042438235639"
"DK","2016","N14 B_Industry","NMVOC","Gg","3.6280048964509"
"DK","2016","N14 C_OtherStatComb","NMVOC","Gg","13.9212272631453"
"DK","2016","N14 D_Fugitive","NMVOC","Gg","9.02128996102987"
"DK","2016","N14 E_Solvents","NMVOC","Gg","25.2105886048818"
"DK","2016","N14 F_RoadTransport","NMVOC","Gg","7.25672914486942"
"DK","2016","N14 G_Shipping","NMVOC","Gg","0.450286430211179"
"DK","2016","N14 H_Aviation","NMVOC","Gg","0.160026447424441"
"DK","2016","N14 I_Offroad","NMVOC","Gg","4.43396534336231"
"DK","2016","N14 J_Waste","NMVOC","Gg","0.561371950508343"
"DK","2016","N14 K_AgriLivestock","NMVOC","Gg","35.8290088273855"
"DK","2016","N14 L_AgriOther","NMVOC","Gg","1.7670464125"
"DK","2016","N14 M_Other","NMVOC","Gg","0"
"DK","2016","N14 O_AviCruise","NMVOC","Gg","0.186126190566477"
"DK","2016","N14 P_IntShipping","NMVOC","Gg","1.58677928559085"
"DK","2016","N14 N_Natural","NMVOC","Gg","0"
"DK","2016","N14 z_Memo","NMVOC","Gg","0"
"MC","1994","N14 A_PublicPower","NMVOC","Gg","0.00016371085138016"
"MC","1994","N14 B_Industry","NMVOC","Gg","4.53152e-05"
"MC","1994","N14 C_OtherStatComb","NMVOC","Gg","0.000571601720987751"
"MC","1994","N14 D_Fugitive","NMVOC","Gg","7.05714285714286e-05"
"MC","1994","N14 E_Solvents","NMVOC","Gg","0.0605948173000873"
"MC","1994","N14 F_RoadTransport","NMVOC","Gg","0.462567776733029"
"MC","1994","N14 G_Shipping","NMVOC","Gg","0.0132540311706746"
"MC","1994","N14 H_Aviation","NMVOC","Gg","0.016530722"
"MC","1994","N14 I_Offroad","NMVOC","Gg","0.0125964802838625"
"MC","1994","N14 J_Waste","NMVOC","Gg","9.471483e-05"
"MC","1994","N14 K_AgriLivestock","NMVOC","Gg","0"
"MC","1994","N14 L_AgriOther","NMVOC","Gg","0"
"MC","1994","N14 M_Other","NMVOC","Gg","0"
"MC","1994","N14 O_AviCruise","NMVOC","Gg","0"
"MC","1994","N14 P_IntShipping","NMVOC","Gg","0.0380888927347243"
"MC","1994","N14 N_Natural","NMVOC","Gg","0"
"MC","1994","N14 z_Memo","NMVOC","Gg","0"
"EU27","2013","N14 A_PublicPower","NMVOC","Gg","41.0910780023375"
"EU27","2013","N14 B_Industry","NMVOC","Gg","622.008351243216"
"EU27","2013","N14 C_OtherStatComb","NMVOC","Gg","1099.53867187282"
"EU27","2013","N14 D_Fugitive","NMVOC","Gg","504.584954517609"
"EU27","2013","N14 E_Solvents","NMVOC","Gg","2602.30260875001"
"EU27","2013","N14 F_RoadTransport","NMVOC","Gg","682.400255372141"
"EU27","2013","N14 G_Shipping","NMVOC","Gg","47.8553890094274"
"EU27","2013","N14 H_Aviation","NMVOC","Gg","7.47447673446296"
"EU27","2013","N14 I_Offroad","NMVOC","Gg","177.603085853603"
"EU27","2013","N14 J_Waste","NMVOC","Gg","71.4579169972003"
"EU27","2013","N14 K_AgriLivestock","NMVOC","Gg","856.572177546113"
"EU27","2013","N14 L_AgriOther","NMVOC","Gg","215.882292450214"
"EU27","2013","N14 M_Other","NMVOC","Gg","1.964726608888"
"EU27","2013","N14 O_AviCruise","NMVOC","Gg","11.7178516430436"
"EU27","2013","N14 P_IntShipping","NMVOC","Gg","50.6813104331634"
"EU27","2013","N14 N_Natural","NMVOC","Gg","2439.95559009381"
"EU27","2013","N14 z_Memo","NMVOC","Gg","1490.83009631742"
"RS","2012","N14 A_PublicPower","NMVOC","Gg","0.4665751865"
"RS","2012","N14 B_Industry","NMVOC","Gg","10.3762546645539"
"RS","2012","N14 C_OtherStatComb","NMVOC","Gg","29.25245950802"
"RS","2012","N14 D_Fugitive","NMVOC","Gg","34.9425033477812"
"RS","2012","N14 E_Solvents","NMVOC","Gg","17.06104681181"
"RS","2012","N14 F_RoadTransport","NMVOC","Gg","15.5230908495"
"RS","2012","N14 G_Shipping","NMVOC","Gg","0.02052"
"RS","2012","N14 H_Aviation","NMVOC","Gg","0.0224945"
"RS","2012","N14 I_Offroad","NMVOC","Gg","0.999427"
"RS","2012","N14 J_Waste","NMVOC","Gg","0.00295469551074074"
"RS","2012","N14 K_AgriLivestock","NMVOC","Gg","15.97217754025"
"RS","2012","N14 L_AgriOther","NMVOC","Gg","2.9775049"
"RS","2012","N14 M_Other","NMVOC","Gg","0"
"RS","2012","N14 O_AviCruise","NMVOC","Gg","0.0022884075"
"RS","2012","N14 P_IntShipping","NMVOC","Gg","0"
"RS","2012","N14 N_Natural","NMVOC","Gg","2.611"
"RS","2012","N14 z_Memo","NMVOC","Gg","0"
"EE","1998","N14 A_PublicPower","NMVOC","Gg","1.05"
"EE","1998","N14 B_Industry","NMVOC","Gg","3.36336195"
"EE","1998","N14 C_OtherStatComb","NMVOC","Gg","6.492438"
"EE","1998","N14 D_Fugitive","NMVOC","Gg","2.38"
"EE","1998","N14 E_Solvents","NMVOC","Gg","8.942508"
"EE","1998","N14 F_RoadTransport","NMVOC","Gg","11.234104"
"EE","1998","N14 G_Shipping","NMVOC","Gg","0.0447"
"EE","1998","N14 H_Aviation","NMVOC","Gg","0.008775"
"EE","1998","N14 I_Offroad","NMVOC","Gg","0.875573"
"EE","1998","N14 J_Waste","NMVOC","Gg","1.057388"
"EE","1998","N14 K_AgriLivestock","NMVOC","Gg","4.167608"
"EE","1998","N14 L_AgriOther","NMVOC","Gg","0.411377"
"EE","1998","N14 M_Other","NMVOC","Gg","0"
"EE","1998","N14 O_AviCruise","NMVOC","Gg","0.005556"
"EE","1998","N14 P_IntShipping","NMVOC","Gg","0.2946"
"EE","1998","N14 N_Natural","NMVOC","Gg","0.0162"
"EE","1998","N14 z_Memo","NMVOC","Gg","0"
"CH","2005","N14 A_PublicPower","NMVOC","Gg","0.201561596206"
"CH","2005","N14 B_Industry","NMVOC","Gg","7.55858027904734"
"CH","2005","N14 C_OtherStatComb","NMVOC","Gg","5.15987703236356"
"CH","2005","N14 D_Fugitive","NMVOC","Gg","5.69697017825253"
"CH","2005","N14 E_Solvents","NMVOC","Gg","42.0228311403663"
"CH","2005","N14 F_RoadTransport","NMVOC","Gg","20.6464168531367"
"CH","2005","N14 G_Shipping","NMVOC","Gg","0.598003679043736"
"CH","2005","N14 H_Aviation","NMVOC","Gg","0.221541126731797"
"CH","2005","N14 I_Offroad","NMVOC","Gg","5.67794243069986"
"CH","2005","N14 J_Waste","NMVOC","Gg","0.754873942456444"
"CH","2005","N14 K_AgriLivestock","NMVOC","Gg","17.5085436263258"
"CH","2005","N14 L_AgriOther","NMVOC","Gg","0.4702737975468"
"CH","2005","N14 M_Other","NMVOC","Gg","0.185123495880978"
"CH","2005","N14 O_AviCruise","NMVOC","Gg","0.413009833198877"
"CH","2005","N14 P_IntShipping","NMVOC","Gg","0.18243081861814"
"CH","2005","N14 N_Natural","NMVOC","Gg","61.725016577365"
"CH","2005","N14 z_Memo","NMVOC","Gg","19.6517518768668"
"DE","2006","N14 A_PublicPower","NMVOC","Gg","10.5617597457422"
"DE","2006","N14 B_Industry","NMVOC","Gg","44.0325146656078"
"DE","2006","N14 C_OtherStatComb","NMVOC","Gg","40.3585896325217"
"DE","2006","N14 D_Fugitive","NMVOC","Gg","85.0734964719328"
"DE","2006","N14 E_Solvents","NMVOC","Gg","775.262273315703"
"DE","2006","N14 F_RoadTransport","NMVOC","Gg","169.970335709183"
"DE","2006","N14 G_Shipping","NMVOC","Gg","1.21773212567004"
"DE","2006","N14 H_Aviation","NMVOC","Gg","0.971247921440469"
"DE","2006","N14 I_Offroad","NMVOC","Gg","42.3767085408164"
"DE","2006","N14 J_Waste","NMVOC","Gg","0.152511111999995"
"DE","2006","N14 K_AgriLivestock","NMVOC","Gg","190.501980778949"
"DE","2006","N14 L_AgriOther","NMVOC","Gg","8.83289502086895"
"DE","2006","N14 M_Other","NMVOC","Gg","0"
"DE","2006","N14 O_AviCruise","NMVOC","Gg","1.84304489023241"
"DE","2006","N14 P_IntShipping","NMVOC","Gg","3.63559536989712"
"DE","2006","N14 N_Natural","NMVOC","Gg","0.20129196276"
"DE","2006","N14 z_Memo","NMVOC","Gg","0"
"CH","1983","N14 A_PublicPower","NMVOC","Gg","0.578460172634182"
"CH","1983","N14 B_Industry","NMVOC","Gg","8.19313343689349"
"CH","1983","N14 C_OtherStatComb","NMVOC","Gg","8.60388279254872"
"CH","1983","N14 D_Fugitive","NMVOC","Gg","14.3116484940098"
"CH","1983","N14 E_Solvents","NMVOC","Gg","137.68960176875"
"CH","1983","N14 F_RoadTransport","NMVOC","Gg","117.745929121078"
"CH","1983","N14 G_Shipping","NMVOC","Gg","1.58737530758388"
"CH","1983","N14 H_Aviation","NMVOC","Gg","0.207719188027924"
"CH","1983","N14 I_Offroad","NMVOC","Gg","6.64280681693544"
"CH","1983","N14 J_Waste","NMVOC","Gg","2.0588960243274"
"CH","1983","N14 K_AgriLivestock","NMVOC","Gg","20.2455593953848"
"CH","1983","N14 L_AgriOther","NMVOC","Gg","2.09691028069412"
"CH","1983","N14 M_Other","NMVOC","Gg","0.12878"
"CH","1983","N14 O_AviCruise","NMVOC","Gg","0.428495002272942"
"CH","1983","N14 P_IntShipping","NMVOC","Gg","0.35842213612693"
"CH","1983","N14 N_Natural","NMVOC","Gg","0.75737275"
"CH","1983","N14 z_Memo","NMVOC","Gg","119.60912289767"
"BE","2011","N14 A_PublicPower","NMVOC","Gg","0.451289123039168"
"BE","2011","N14 B_Industry","NMVOC","Gg","18.7188926051315"
"BE","2011","N14 C_OtherStatComb","NMVOC","Gg","12.2893203699797"
"BE","2011","N14 D_Fugitive","NMVOC","Gg","7.94242484556933"
"BE","2011","N14 E_Solvents","NMVOC","Gg","44.354282462991"
"BE","2011","N14 F_RoadTransport","NMVOC","Gg","10.8693335437315"
"BE","2011","N14 G_Shipping","NMVOC","Gg","0.277742645823363"
"BE","2011","N14 H_Aviation","NMVOC","Gg","0.145853699328944"
"BE","2011","N14 I_Offroad","NMVOC","Gg","5.00803126941175"
"BE","2011","N14 J_Waste","NMVOC","Gg","1.04750492244058"
"BE","2011","N14 K_AgriLivestock","NMVOC","Gg","24.12520022"
"BE","2011","N14 L_AgriOther","NMVOC","Gg","1.1984785014"
"BE","2011","N14 M_Other","NMVOC","Gg","0"
"BE","2011","N14 O_AviCruise","NMVOC","Gg","1.03024000823535"
"BE","2011","N14 P_IntShipping","NMVOC","Gg","0.722627548508798"
"BE","2011","N14 N_Natural","NMVOC","Gg","49.4234162182"
"BE","2011","N14 z_Memo","NMVOC","Gg","10.1001438452045"
"RU","2012","N14 A_PublicPower","NMVOC","Gg","5.556"
"RU","2012","N14 B_Industry","NMVOC","Gg","550.875887305"
"RU","2012","N14 C_OtherStatComb","NMVOC","Gg","9.61032236836074"
"RU","2012","N14 D_Fugitive","NMVOC","Gg","238.309"
"RU","2012","N14 E_Solvents","NMVOC","Gg","153.6145964"
"RU","2012","N14 F_RoadTransport","NMVOC","Gg","1026.95112290306"
"RU","2012","N14 G_Shipping","NMVOC","Gg","1.698314"
"RU","2012","N14 H_Aviation","NMVOC","Gg","0.655"
"RU","2012","N14 I_Offroad","NMVOC","Gg","171.189633298526"
"RU","2012","N14 J_Waste","NMVOC","Gg","18.202"
"RU","2012","N14 K_AgriLivestock","NMVOC","Gg","258.458205183"
"RU","2012","N14 L_AgriOther","NMVOC","Gg","119.657562"
"RU","2012","N14 M_Other","NMVOC","Gg","48.2860000000001"
"RU","2012","N14 O_AviCruise","NMVOC","Gg","0"
"RU","2012","N14 P_IntShipping","NMVOC","Gg","0"
"RU","2012","N14 N_Natural","NMVOC","Gg","1.7245839"
"RU","2012","N14 z_Memo","NMVOC","Gg","0"
"MD","1998","N14 A_PublicPower","NMVOC","Gg","0.19008335788"
"MD","1998","N14 B_Industry","NMVOC","Gg","5.035740118"
"MD","1998","N14 C_OtherStatComb","NMVOC","Gg","2.31562026822"
"MD","1998","N14 D_Fugitive","NMVOC","Gg","0"
"MD","1998","N14 E_Solvents","NMVOC","Gg","6.79653"
"MD","1998","N14 F_RoadTransport","NMVOC","Gg","1.02747833935655"
"MD","1998","N14 G_Shipping","NMVOC","Gg","0.0001176"
"MD","1998","N14 H_Aviation","NMVOC","Gg","0"
"MD","1998","N14 K_AgriLivestock","NMVOC","Gg","13.280145278"
"MD","1998","N14 L_AgriOther","NMVOC","Gg","1.477159003685"
"RO","2016","N14 A_PublicPower","NMVOC","Gg","0.6571643"
"RO","2016","N14 B_Industry","NMVOC","Gg","24.236748191181"
"RO","2016","N14 C_OtherStatComb","NMVOC","Gg","75.08028602"
"RO","2016","N14 D_Fugitive","NMVOC","Gg","10.7954912742"
"RO","2016","N14 E_Solvents","NMVOC","Gg","48.47320730252"
"RO","2016","N14 F_RoadTransport","NMVOC","Gg","22.8119374070399"
"RO","2016","N14 G_Shipping","NMVOC","Gg","0.112"
"RO","2016","N14 H_Aviation","NMVOC","Gg","0.05214"
"RO","2016","N14 I_Offroad","NMVOC","Gg","14.1667619181667"
"RO","2016","N14 J_Waste","NMVOC","Gg","2.4937842079"
"RO","2016","N14 K_AgriLivestock","NMVOC","Gg","30.4347108589117"
"RO","2016","N14 L_AgriOther","NMVOC","Gg","7.5022317756056"
"RO","2016","N14 M_Other","NMVOC","Gg","0"
"RO","2016","N14 O_AviCruise","NMVOC","Gg","0.09132"
"RO","2016","N14 P_IntShipping","NMVOC","Gg","0.0837"
"RS","1999","N14 A_PublicPower","NMVOC","Gg","0.438831019"
"RS","1999","N14 B_Industry","NMVOC","Gg","7.36748742084999"
"RS","1999","N14 C_OtherStatComb","NMVOC","Gg","27.4843498704436"
"RS","1999","N14 D_Fugitive","NMVOC","Gg","24.946889"
"RS","1999","N14 E_Solvents","NMVOC","Gg","17.760807722"
"RS","1999","N14 F_RoadTransport","NMVOC","Gg","30.1249714485"
"RS","1999","N14 G_Shipping","NMVOC","Gg","0.0432"
"RS","1999","N14 H_Aviation","NMVOC","Gg","0.00511"
"RS","1999","N14 I_Offroad","NMVOC","Gg","0.34941"
"RS","1999","N14 J_Waste","NMVOC","Gg","0.000235469766296296"
"RS","1999","N14 K_AgriLivestock","NMVOC","Gg","23.2735338875"
"RS","1999","N14 L_AgriOther","NMVOC","Gg","3.10113248"
"RS","1999","N14 M_Other","NMVOC","Gg","0"
"RS","1999","N14 O_AviCruise","NMVOC","Gg","0.00185685"
"RS","1999","N14 P_IntShipping","NMVOC","Gg","0"
"RS","1999","N14 N_Natural","NMVOC","Gg","0.03955"
"RS","1999","N14 z_Memo","NMVOC","Gg","0"
"EU28","1991","N14 A_PublicPower","NMVOC","Gg","41.8435749895247"
"EU28","1991","N14 B_Industry","NMVOC","Gg","1037.40247242123"
"EU28","1991","N14 C_OtherStatComb","NMVOC","Gg","1971.29353684829"
"EU28","1991","N14 D_Fugitive","NMVOC","Gg","1671.89428336721"
"EU28","1991","N14 E_Solvents","NMVOC","Gg","4972.64351054523"
"EU28","1991","N14 F_RoadTransport","NMVOC","Gg","5214.41097688475"
"EU28","1991","N14 G_Shipping","NMVOC","Gg","96.6497665216831"
"EU28","1991","N14 H_Aviation","NMVOC","Gg","13.0463385487918"
"EU28","1991","N14 I_Offroad","NMVOC","Gg","421.50696919818"
"EU28","1991","N14 J_Waste","NMVOC","Gg","102.726800072001"
"EU28","1991","N14 K_AgriLivestock","NMVOC","Gg","1079.00185249661"
"EU28","1991","N14 L_AgriOther","NMVOC","Gg","272.845549891302"
"EU28","1991","N14 M_Other","NMVOC","Gg","1.28718496355594"
"EU28","1991","N14 O_AviCruise","NMVOC","Gg","9.31119847571863"
"EU28","1991","N14 P_IntShipping","NMVOC","Gg","38.408521799857"
"EU28","1991","N14 N_Natural","NMVOC","Gg","2127.1734304455"
"EU28","1991","N14 z_Memo","NMVOC","Gg","1423.51919657751"
"DE","2015","N14 A_PublicPower","NMVOC","Gg","9.68754454851576"
"DE","2015","N14 B_Industry","NMVOC","Gg","43.0125067613197"
"DE","2015","N14 C_OtherStatComb","NMVOC","Gg","37.6616411296957"
"DE","2015","N14 D_Fugitive","NMVOC","Gg","72.4756402119056"
"DE","2015","N14 E_Solvents","NMVOC","Gg","545.400719086575"
"DE","2015","N14 F_RoadTransport","NMVOC","Gg","94.7025782810278"
"DE","2015","N14 G_Shipping","NMVOC","Gg","1.12716624695392"
"DE","2015","N14 H_Aviation","NMVOC","Gg","0.853770533667329"
"DE","2015","N14 I_Offroad","NMVOC","Gg","29.8624995835304"
"DE","2015","N14 J_Waste","NMVOC","Gg","0.153204879999995"
"DE","2015","N14 K_AgriLivestock","NMVOC","Gg","197.118040502534"
"DE","2015","N14 L_AgriOther","NMVOC","Gg","9.8461206647588"
"DE","2015","N14 M_Other","NMVOC","Gg","0"
"DE","2015","N14 O_AviCruise","NMVOC","Gg","1.63051703889434"
"DE","2015","N14 P_IntShipping","NMVOC","Gg","3.21851996691293"
"DE","2015","N14 N_Natural","NMVOC","Gg","0.23671318682"
"DE","2015","N14 z_Memo","NMVOC","Gg","0"
"SE","2015","N14 A_PublicPower","NMVOC","Gg","2.86157591579976"
"SE","2015","N14 B_Industry","NMVOC","Gg","10.8100479560833"
"SE","2015","N14 C_OtherStatComb","NMVOC","Gg","10.9213594959422"
"SE","2015","N14 D_Fugitive","NMVOC","Gg","13.3750008014622"
"SE","2015","N14 E_Solvents","NMVOC","Gg","57.4879746105946"
"SE","2015","N14 F_RoadTransport","NMVOC","Gg","10.1703945778823"
"SE","2015","N14 G_Shipping","NMVOC","Gg","3.15161595967781"
"SE","2015","N14 H_Aviation","NMVOC","Gg","0.149103703040622"
"SE","2015","N14 I_Offroad","NMVOC","Gg","12.6222322089827"
"SE","2015","N14 J_Waste","NMVOC","Gg","0.670208735729027"
"SE","2015","N14 K_AgriLivestock","NMVOC","Gg","21.3287621907324"
"SE","2015","N14 L_AgriOther","NMVOC","Gg","10.1473739540807"
"SE","2015","N14 M_Other","NMVOC","Gg","0"
"SE","2015","N14 O_AviCruise","NMVOC","Gg","0.481567957607004"
"SE","2015","N14 P_IntShipping","NMVOC","Gg","1.82617100416"
"SE","2015","N14 N_Natural","NMVOC","Gg","0"
"SE","2015","N14 z_Memo","NMVOC","Gg","0"
"IS","2004","N14 A_PublicPower","NMVOC","Gg","0.00016791324"
"IS","2004","N14 B_Industry","NMVOC","Gg","0.494151716428932"
"IS","2004","N14 C_OtherStatComb","NMVOC","Gg","0.001737861097"
"IS","2004","N14 D_Fugitive","NMVOC","Gg","0.241250310569787"
"IS","2004","N14 E_Solvents","NMVOC","Gg","1.394586375337"
"IS","2004","N14 F_RoadTransport","NMVOC","Gg","2.15430813686539"
"IS","2004","N14 G_Shipping","NMVOC","Gg","0.0425538"
"IS","2004","N14 H_Aviation","NMVOC","Gg","0.118238883477602"
"IS","2004","N14 I_Offroad","NMVOC","Gg","0.929434858"
"IS","2004","N14 J_Waste","NMVOC","Gg","0.547770509928442"
"IS","2004","N14 K_AgriLivestock","NMVOC","Gg","1.75319571013592"
"IS","2004","N14 L_AgriOther","NMVOC","Gg","5.88836988267312e-08"
"IS","2004","N14 M_Other","NMVOC","Gg","0"
"IS","2004","N14 O_AviCruise","NMVOC","Gg","0.163584031522399"
"IS","2004","N14 P_IntShipping","NMVOC","Gg","0.0184042"
"IS","2004","N14 N_Natural","NMVOC","Gg","0"
"IS","2004","N14 z_Memo","NMVOC","Gg","0"
"LU","1990","N14 A_PublicPower","NMVOC","Gg","0.00114740211097777"
"LU","1990","N14 B_Industry","NMVOC","Gg","0.749650048439039"
"LU","1990","N14 C_OtherStatComb","NMVOC","Gg","0.591972796101385"
"LU","1990","N14 D_Fugitive","NMVOC","Gg","0.617544448045914"
"LU","1990","N14 E_Solvents","NMVOC","Gg","5.0098591901607"
"LU","1990","N14 F_RoadTransport","NMVOC","Gg","15.7051432490985"
"LU","1990","N14 G_Shipping","NMVOC","Gg","0.0202472356838375"
"LU","1990","N14 H_Aviation","NMVOC","Gg","0.0134071993103448"
"LU","1990","N14 I_Offroad","NMVOC","Gg","0.504494809596128"
"LU","1990","N14 J_Waste","NMVOC","Gg","0.0322112866903527"
"LU","1990","N14 K_AgriLivestock","NMVOC","Gg","3.17196965025939"
"LU","1990","N14 L_AgriOther","NMVOC","Gg","0.10861628"
"LU","1990","N14 M_Other","NMVOC","Gg","0"
"LU","1990","N14 O_AviCruise","NMVOC","Gg","0.0241899041673715"
"LU","1990","N14 P_IntShipping","NMVOC","Gg","0"
"LU","1990","N14 N_Natural","NMVOC","Gg","0"
"LU","1990","N14 z_Memo","NMVOC","Gg","6.97982120524403"
"NO","1996","N14 A_PublicPower","NMVOC","Gg","0.4372568185"
"NO","1996","N14 B_Industry","NMVOC","Gg","8.3434456331"
"NO","1996","N14 C_OtherStatComb","NMVOC","Gg","8.1958241497"
"NO","1996","N14 D_Fugitive","NMVOC","Gg","232.9625107592"
"NO","1996","N14 E_Solvents","NMVOC","Gg","52.0416206982"
"NO","1996","N14 F_RoadTransport","NMVOC","Gg","46.042250054"
"NO","1996","N14 G_Shipping","NMVOC","Gg","3.2022460571"
"NO","1996","N14 H_Aviation","NMVOC","Gg","0.3293188907"
"NO","1996","N14 I_Offroad","NMVOC","Gg","30.9574934809"
"NO","1996","N14 J_Waste","NMVOC","Gg","1.2562507193"
"NO","1996","N14 K_AgriLivestock","NMVOC","Gg","10.5646712374"
"NO","1996","N14 L_AgriOther","NMVOC","Gg","0.8769291689"
"NO","1996","N14 M_Other","NMVOC","Gg","0"
"NO","1996","N14 O_AviCruise","NMVOC","Gg","0.9470216021"
"NO","1996","N14 P_IntShipping","NMVOC","Gg","0.4136930437"
"NO","1996","N14 N_Natural","NMVOC","Gg","0"
"NO","1996","N14 z_Memo","NMVOC","Gg","50.482254032"
"AT","2017","N14 A_PublicPower","NMVOC","Gg","0.382610571412594"
"AT","2017","N14 B_Industry","NMVOC","Gg","4.37618992668603"
"AT","2017","N14 C_OtherStatComb","NMVOC","Gg","27.0440897159211"
"AT","2017","N14 D_Fugitive","NMVOC","Gg","2.2896737991163"
"AT","2017","N14 E_Solvents","NMVOC","Gg","36.7463257679261"
"AT","2017","N14 F_RoadTransport","NMVOC","Gg","8.39639712140786"
"AT","2017","N14 G_Shipping","NMVOC","Gg","0.2695754941037"
"AT","2017","N14 H_Aviation","NMVOC","Gg","0.186479637856299"
"AT","2017","N14 I_Offroad","NMVOC","Gg","2.911068903858"
"AT","2017","N14 J_Waste","NMVOC","Gg","0.0599059395167517"
"AT","2017","N14 K_AgriLivestock","NMVOC","Gg","27.1226973857295"
"AT","2017","N14 L_AgriOther","NMVOC","Gg","10.4038032988927"
"AT","2017","N14 M_Other","NMVOC","Gg","0"
"AT","2017","N14 O_AviCruise","NMVOC","Gg","0.201697675336819"
"AT","2017","N14 P_IntShipping","NMVOC","Gg","0"
"AT","2017","N14 N_Natural","NMVOC","Gg","0"
"AT","2017","N14 z_Memo","NMVOC","Gg","8.05815407735353"
"MD","1992","N14 A_PublicPower","NMVOC","Gg","0.375230118"
"MD","1992","N14 B_Industry","NMVOC","Gg","6.742097432"
"MD","1992","N14 C_OtherStatComb","NMVOC","Gg","3.0175306"
"MD","1992","N14 D_Fugitive","NMVOC","Gg","0"
"MD","1992","N14 E_Solvents","NMVOC","Gg","25.83903"
"MD","1992","N14 F_RoadTransport","NMVOC","Gg","2.931953512025"
"MD","1992","N14 G_Shipping","NMVOC","Gg","0.000182"
"MD","1992","N14 H_Aviation","NMVOC","Gg","0"
"MD","1992","N14 K_AgriLivestock","NMVOC","Gg","19.167480467"
"MD","1992","N14 L_AgriOther","NMVOC","Gg","1.471565457045"
"MT","2014","N14 A_PublicPower","NMVOC","Gg","0.0481351049063881"
"MT","2014","N14 B_Industry","NMVOC","Gg","0.187094146746977"
"MT","2014","N14 C_OtherStatComb","NMVOC","Gg","0.0257174499060808"
"MT","2014","N14 D_Fugitive","NMVOC","Gg","0.146"
"MT","2014","N14 E_Solvents","NMVOC","Gg","0.52162584"
"MT","2014","N14 F_RoadTransport","NMVOC","Gg","1.00541450793163"
"MT","2014","N14 G_Shipping","NMVOC","Gg","0.0147236897167518"
"MT","2014","N14 H_Aviation","NMVOC","Gg","0.05824451"
"MT","2014","N14 I_Offroad","NMVOC","Gg","0.0002725304218272"
"MT","2014","N14 J_Waste","NMVOC","Gg","0.42013801"
"MT","2014","N14 K_AgriLivestock","NMVOC","Gg","0.460125972480226"
"MT","2014","N14 L_AgriOther","NMVOC","Gg","0.00032899970212766"
"MT","2014","N14 M_Other","NMVOC","Gg","0.00348"
"MT","2014","N14 O_AviCruise","NMVOC","Gg","0"
"MT","2014","N14 P_IntShipping","NMVOC","Gg","9.42742449687416e-12"
"MT","2014","N14 N_Natural","NMVOC","Gg","0"
"TR","1995","N14 A_PublicPower","NMVOC","Gg","0.912488320968"
"TR","1995","N14 B_Industry","NMVOC","Gg","103.08053390251"
"TR","1995","N14 C_OtherStatComb","NMVOC","Gg","258.32189287512"
"TR","1995","N14 D_Fugitive","NMVOC","Gg","0"
"TR","1995","N14 E_Solvents","NMVOC","Gg","198.187114926051"
"TR","1995","N14 F_RoadTransport","NMVOC","Gg","27.9099612127202"
"TR","1995","N14 G_Shipping","NMVOC","Gg","0.6146334"
"TR","1995","N14 H_Aviation","NMVOC","Gg","1.6152439208203"
"TR","1995","N14 I_Offroad","NMVOC","Gg","1.0513851"
"TR","1995","N14 J_Waste","NMVOC","Gg","31.667443672005"
"TR","1995","N14 K_AgriLivestock","NMVOC","Gg","166.98665759"
"TR","1995","N14 L_AgriOther","NMVOC","Gg","184.18674024"
"TR","1995","N14 M_Other","NMVOC","Gg","0"
"TR","1995","N14 O_AviCruise","NMVOC","Gg","0.443591550617663"
"TR","1995","N14 P_IntShipping","NMVOC","Gg","0"
"TR","1995","N14 N_Natural","NMVOC","Gg","0"
"IS","1996","N14 A_PublicPower","NMVOC","Gg","0.00031439524"
"IS","1996","N14 B_Industry","NMVOC","Gg","0.425540122702196"
"IS","1996","N14 C_OtherStatComb","NMVOC","Gg","0.002153936962"
"IS","1996","N14 D_Fugitive","NMVOC","Gg","0.215610834936206"
"IS","1996","N14 E_Solvents","NMVOC","Gg","1.326595599434"
"IS","1996","N14 F_RoadTransport","NMVOC","Gg","7.887182158"
"IS","1996","N14 G_Shipping","NMVOC","Gg","0.0382606"
"IS","1996","N14 H_Aviation","NMVOC","Gg","0.0958893738311974"
"IS","1996","N14 I_Offroad","NMVOC","Gg","0.974951148"
"IS","1996","N14 J_Waste","NMVOC","Gg","0.525405886388"
"IS","1996","N14 K_AgriLivestock","NMVOC","Gg","1.94848689140546"
"IS","1996","N14 L_AgriOther","NMVOC","Gg","7.20943510546722e-08"
"IS","1996","N14 M_Other","NMVOC","Gg","0"
"IS","1996","N14 O_AviCruise","NMVOC","Gg","0.117227566168802"
"IS","1996","N14 P_IntShipping","NMVOC","Gg","0.0168098"
"IS","1996","N14 N_Natural","NMVOC","Gg","0"
"IS","1996","N14 z_Memo","NMVOC","Gg","0"
"CY","2009","N14 A_PublicPower","NMVOC","Gg","0.11006065086624"
"CY","2009","N14 B_Industry","NMVOC","Gg","0.351879595728207"
"CY","2009","N14 C_OtherStatComb","NMVOC","Gg","0.0383391453274"
"CY","2009","N14 D_Fugitive","NMVOC","Gg","1.11915659191613"
"CY","2009","N14 E_Solvents","NMVOC","Gg","12.1438620834462"
"CY","2009","N14 F_RoadTransport","NMVOC","Gg","3.52904890860683"
"CY","2009","N14 G_Shipping","NMVOC","Gg","0.00690185796755105"
"CY","2009","N14 H_Aviation","NMVOC","Gg","0.0156109227131564"
"CY","2009","N14 I_Offroad","NMVOC","Gg","0.0637139768587572"
"CY","2009","N14 J_Waste","NMVOC","Gg","0.843018782779839"
"CY","2009","N14 K_AgriLivestock","NMVOC","Gg","1.01363632015418"
"CY","2009","N14 L_AgriOther","NMVOC","Gg","0.027768"
"CY","2009","N14 M_Other","NMVOC","Gg","0"
"CY","2009","N14 O_AviCruise","NMVOC","Gg","0.0601068218680464"
"CY","2009","N14 P_IntShipping","NMVOC","Gg","0.0986798811220426"
"CY","2009","N14 N_Natural","NMVOC","Gg","0"
"CY","2009","N14 z_Memo","NMVOC","Gg","3.55156168928753"
"FR","2001","N14 A_PublicPower","NMVOC","Gg","1.20358543534833"
"FR","2001","N14 B_Industry","NMVOC","Gg","86.0720141210403"
"FR","2001","N14 C_OtherStatComb","NMVOC","Gg","356.438023987746"
"FR","2001","N14 D_Fugitive","NMVOC","Gg","66.1900650512981"
"FR","2001","N14 E_Solvents","NMVOC","Gg","562.5646852376"
"FR","2001","N14 F_RoadTransport","NMVOC","Gg","395.259038146584"
"FR","2001","N14 G_Shipping","NMVOC","Gg","19.6292013924979"
"FR","2001","N14 H_Aviation","NMVOC","Gg","1.51538106222284"
"FR","2001","N14 I_Offroad","NMVOC","Gg","52.9966471451658"
"FR","2001","N14 J_Waste","NMVOC","Gg","12.7806271635214"
"FR","2001","N14 K_AgriLivestock","NMVOC","Gg","0"
"FR","2001","N14 L_AgriOther","NMVOC","Gg","2.39709542783737"
"FR","2001","N14 M_Other","NMVOC","Gg","0"
"FR","2001","N14 O_AviCruise","NMVOC","Gg","1.94483830584379"
"FR","2001","N14 P_IntShipping","NMVOC","Gg","6.87892269899023"
"FR","2001","N14 N_Natural","NMVOC","Gg","105.159055794065"
"FR","2001","N14 z_Memo","NMVOC","Gg","1443.48743961286"
"MD","1999","N14 A_PublicPower","NMVOC","Gg","0.163782916"
"MD","1999","N14 B_Industry","NMVOC","Gg","3.114176108"
"MD","1999","N14 C_OtherStatComb","NMVOC","Gg","2.31396423467"
"MD","1999","N14 D_Fugitive","NMVOC","Gg","0"
"MD","1999","N14 E_Solvents","NMVOC","Gg","9.18951"
"MD","1999","N14 F_RoadTransport","NMVOC","Gg","0.85348977842"
"MD","1999","N14 G_Shipping","NMVOC","Gg","0.000196"
"MD","1999","N14 H_Aviation","NMVOC","Gg","0"
"MD","1999","N14 K_AgriLivestock","NMVOC","Gg","12.562073073"
"MD","1999","N14 L_AgriOther","NMVOC","Gg","1.430890369825"
"SI","2004","N14 A_PublicPower","NMVOC","Gg","0.092817122065352"
"SI","2004","N14 B_Industry","NMVOC","Gg","4.53634223446431"
"SI","2004","N14 C_OtherStatComb","NMVOC","Gg","7.14756772098354"
"SI","2004","N14 D_Fugitive","NMVOC","Gg","4.01247183310138"
"SI","2004","N14 E_Solvents","NMVOC","Gg","14.518233438"
"SI","2004","N14 F_RoadTransport","NMVOC","Gg","8.71629097791167"
"SI","2004","N14 G_Shipping","NMVOC","Gg","0"
"SI","2004","N14 H_Aviation","NMVOC","Gg","0.0448336183"
"SI","2004","N14 I_Offroad","NMVOC","Gg","1.91552539810245"
"SI","2004","N14 J_Waste","NMVOC","Gg","1.1457050513832"
"SI","2004","N14 K_AgriLivestock","NMVOC","Gg","5.50936097520034"
"SI","2004","N14 L_AgriOther","NMVOC","Gg","0.0239657371052235"
"SI","2004","N14 M_Other","NMVOC","Gg","0"
"SI","2004","N14 O_AviCruise","NMVOC","Gg","0"
"SI","2004","N14 P_IntShipping","NMVOC","Gg","0"
"SI","2004","N14 N_Natural","NMVOC","Gg","0"
"SI","2004","N14 z_Memo","NMVOC","Gg","0.0004662"
"LV","2014","N14 A_PublicPower","NMVOC","Gg","0.162272015038536"
"LV","2014","N14 B_Industry","NMVOC","Gg","6.12944413383459"
"LV","2014","N14 C_OtherStatComb","NMVOC","Gg","10.5830220214831"
"LV","2014","N14 D_Fugitive","NMVOC","Gg","2.33876476506709"
"LV","2014","N14 E_Solvents","NMVOC","Gg","9.5634969921804"
"LV","2014","N14 F_RoadTransport","NMVOC","Gg","3.1496196814833"
"LV","2014","N14 G_Shipping","NMVOC","Gg","0.0318464029752973"
"LV","2014","N14 H_Aviation","NMVOC","Gg","0.04154499"
"LV","2014","N14 I_Offroad","NMVOC","Gg","1.62983576419652"
"LV","2014","N14 J_Waste","NMVOC","Gg","0.791361077086"
"LV","2014","N14 K_AgriLivestock","NMVOC","Gg","6.4784481286972"
"LV","2014","N14 L_AgriOther","NMVOC","Gg","1.221269"
"LV","2014","N14 M_Other","NMVOC","Gg","0"
"LV","2014","N14 O_AviCruise","NMVOC","Gg","0.0458585622385559"
"LV","2014","N14 P_IntShipping","NMVOC","Gg","0.64409922010047"
"LV","2014","N14 N_Natural","NMVOC","Gg","0.322873"
"LV","2014","N14 z_Memo","NMVOC","Gg","0"
"CY","2011","N14 A_PublicPower","NMVOC","Gg","0.17868114165149"
"CY","2011","N14 B_Industry","NMVOC","Gg","0.3566735181"
"CY","2011","N14 C_OtherStatComb","NMVOC","Gg","0.0338741377539"
"CY","2011","N14 D_Fugitive","NMVOC","Gg","1.08438120962676"
"CY","2011","N14 E_Solvents","NMVOC","Gg","7.2493443419284"
"CY","2011","N14 F_RoadTransport","NMVOC","Gg","3.11028304688942"
"CY","2011","N14 G_Shipping","NMVOC","Gg","0.007708"
"CY","2011","N14 H_Aviation","NMVOC","Gg","0.0245489270327519"
"CY","2011","N14 I_Offroad","NMVOC","Gg","0.062606313"
"CY","2011","N14 J_Waste","NMVOC","Gg","0.720327875892097"
"CY","2011","N14 K_AgriLivestock","NMVOC","Gg","0.993813980197451"
"CY","2011","N14 L_AgriOther","NMVOC","Gg","0.031951"
"CY","2011","N14 M_Other","NMVOC","Gg","0"
"CY","2011","N14 O_AviCruise","NMVOC","Gg","0.0881329325148519"
"CY","2011","N14 P_IntShipping","NMVOC","Gg","0.08771"
"CY","2011","N14 N_Natural","NMVOC","Gg","0"
"CY","2011","N14 z_Memo","NMVOC","Gg","3.14253997392217"
"EE","2002","N14 A_PublicPower","NMVOC","Gg","0.43"
"EE","2002","N14 B_Industry","NMVOC","Gg","3.13989954"
"EE","2002","N14 C_OtherStatComb","NMVOC","Gg","5.626741"
"EE","2002","N14 D_Fugitive","NMVOC","Gg","4.649"
"EE","2002","N14 E_Solvents","NMVOC","Gg","7.258402"
"EE","2002","N14 F_RoadTransport","NMVOC","Gg","7.901401"
"EE","2002","N14 G_Shipping","NMVOC","Gg","0.08195"
"EE","2002","N14 H_Aviation","NMVOC","Gg","0.011706"
"EE","2002","N14 I_Offroad","NMVOC","Gg","1.403667"
"EE","2002","N14 J_Waste","NMVOC","Gg","0.965677"
"EE","2002","N14 K_AgriLivestock","NMVOC","Gg","3.696402"
"EE","2002","N14 L_AgriOther","NMVOC","Gg","0.337289"
"EE","2002","N14 M_Other","NMVOC","Gg","0"
"EE","2002","N14 O_AviCruise","NMVOC","Gg","0.006985"
"EE","2002","N14 P_IntShipping","NMVOC","Gg","0.3289"
"EE","2002","N14 N_Natural","NMVOC","Gg","0.62451"
"EE","2002","N14 z_Memo","NMVOC","Gg","0"
"LV","1996","N14 A_PublicPower","NMVOC","Gg","0.121521309465124"
"LV","1996","N14 B_Industry","NMVOC","Gg","3.36561160652945"
"LV","1996","N14 C_OtherStatComb","NMVOC","Gg","16.4173870689403"
"LV","1996","N14 D_Fugitive","NMVOC","Gg","3.097849"
"LV","1996","N14 E_Solvents","NMVOC","Gg","8.82975555967288"
"LV","1996","N14 F_RoadTransport","NMVOC","Gg","16.9965144557613"
"LV","1996","N14 G_Shipping","NMVOC","Gg","0.012744068991164"
"LV","1996","N14 H_Aviation","NMVOC","Gg","0.0337021080537907"
"LV","1996","N14 I_Offroad","NMVOC","Gg","1.34380321994598"
"LV","1996","N14 J_Waste","NMVOC","Gg","0.848707186049064"
"LV","1996","N14 K_AgriLivestock","NMVOC","Gg","6.81023311830817"
"LV","1996","N14 L_AgriOther","NMVOC","Gg","0.88967"
"LV","1996","N14 M_Other","NMVOC","Gg","0"
"LV","1996","N14 O_AviCruise","NMVOC","Gg","0.0359051697462093"
"LV","1996","N14 P_IntShipping","NMVOC","Gg","0.2695"
"LV","1996","N14 N_Natural","NMVOC","Gg","0.4635"
"LV","1996","N14 z_Memo","NMVOC","Gg","0"
"MD","2012","N14 A_PublicPower","NMVOC","Gg","0.179592464432"
"MD","2012","N14 B_Industry","NMVOC","Gg","4.218260684548"
"MD","2012","N14 C_OtherStatComb","NMVOC","Gg","3.54988809534378"
"MD","2012","N14 D_Fugitive","NMVOC","Gg","0"
"MD","2012","N14 E_Solvents","NMVOC","Gg","25.90946"
"MD","2012","N14 F_RoadTransport","NMVOC","Gg","2.62454823621"
"MD","2012","N14 G_Shipping","NMVOC","Gg","0.0002408"
"MD","2012","N14 H_Aviation","NMVOC","Gg","1.9e-06"
"MD","2012","N14 K_AgriLivestock","NMVOC","Gg","7.96106614908"
"MD","2012","N14 L_AgriOther","NMVOC","Gg","1.3967260702885"
"IT","2016","N14 A_PublicPower","NMVOC","Gg","2.58195919694395"
"IT","2016","N14 B_Industry","NMVOC","Gg","44.5013791829985"
"IT","2016","N14 C_OtherStatComb","NMVOC","Gg","189.77419638922"
"IT","2016","N14 D_Fugitive","NMVOC","Gg","46.3945685170399"
"IT","2016","N14 E_Solvents","NMVOC","Gg","321.467935404109"
"IT","2016","N14 F_RoadTransport","NMVOC","Gg","121.932945695975"
"IT","2016","N14 G_Shipping","NMVOC","Gg","16.1464845144098"
"IT","2016","N14 H_Aviation","NMVOC","Gg","0.744394427329203"
"IT","2016","N14 I_Offroad","NMVOC","Gg","10.7698917163071"
"IT","2016","N14 J_Waste","NMVOC","Gg","10.6942203259479"
"IT","2016","N14 K_AgriLivestock","NMVOC","Gg","109.615107575918"
"IT","2016","N14 L_AgriOther","NMVOC","Gg","24.7804291222438"
"IT","2016","N14 M_Other","NMVOC","Gg","0"
"IT","2016","N14 O_AviCruise","NMVOC","Gg","1.27617003367896"
"IT","2016","N14 P_IntShipping","NMVOC","Gg","5.02308250606976"
"IT","2016","N14 N_Natural","NMVOC","Gg","1407.22396471463"
"IT","2016","N14 z_Memo","NMVOC","Gg","0"
"NL","2013","N14 A_PublicPower","NMVOC","Gg","1.510370929"
"NL","2013","N14 B_Industry","NMVOC","Gg","23.623113857"
"NL","2013","N14 C_OtherStatComb","NMVOC","Gg","12.726539209"
"NL","2013","N14 D_Fugitive","NMVOC","Gg","15.486704754"
"NL","2013","N14 E_Solvents","NMVOC","Gg","76.479634601"
"NL","2013","N14 F_RoadTransport","NMVOC","Gg","29.567585292"
"NL","2013","N14 G_Shipping","NMVOC","Gg","1.471556049"
"NL","2013","N14 H_Aviation","NMVOC","Gg","0.284177311"
"NL","2013","N14 I_Offroad","NMVOC","Gg","6.037855546"
"NL","2013","N14 J_Waste","NMVOC","Gg","1.44327488"
"NL","2013","N14 K_AgriLivestock","NMVOC","Gg","62.352411084"
"NL","2013","N14 L_AgriOther","NMVOC","Gg","25.839617021"
"NL","2013","N14 M_Other","NMVOC","Gg","0.409784166"
"NL","2013","N14 O_AviCruise","NMVOC","Gg","0"
"NL","2013","N14 P_IntShipping","NMVOC","Gg","2.599186133"
"NL","2013","N14 N_Natural","NMVOC","Gg","0"
"NL","2013","N14 z_Memo","NMVOC","Gg","31.008081536"
"CA","1993","N14 A_PublicPower","NMVOC","Gg","3.33956278226159"
"CA","1993","N14 B_Industry","NMVOC","Gg","293.569214273173"
"CA","1993","N14 C_OtherStatComb","NMVOC","Gg","354.991229260944"
"CA","1993","N14 D_Fugitive","NMVOC","Gg","653.908319188324"
"CA","1993","N14 E_Solvents","NMVOC","Gg","357.72729638128"
"CA","1993","N14 F_RoadTransport","NMVOC","Gg","394.307704452279"
"CA","1993","N14 G_Shipping","NMVOC","Gg","6.22690138430598"
"CA","1993","N14 H_Aviation","NMVOC","Gg","1.79347168525481"
"CA","1993","N14 I_Offroad","NMVOC","Gg","825.787436336053"
"CA","1993","N14 J_Waste","NMVOC","Gg","15.7537157808876"
"CA","1993","N14 K_AgriLivestock","NMVOC","Gg","104.999843883042"
"CA","1993","N14 L_AgriOther","NMVOC","Gg","2.17952500358181"
"CA","1993","N14 M_Other","NMVOC","Gg","46.4588450949802"
"CA","1993","N14 O_AviCruise","NMVOC","Gg","2.34955293569578"
"CA","1993","N14 P_IntShipping","NMVOC","Gg","0"
"CA","1993","N14 N_Natural","NMVOC","Gg","0"
"CA","1993","N14 z_Memo","NMVOC","Gg","0"
"ES","2009","N14 A_PublicPower","NMVOC","Gg","1.65071274323509"
"ES","2009","N14 B_Industry","NMVOC","Gg","74.0911940871208"
"ES","2009","N14 C_OtherStatComb","NMVOC","Gg","44.298590353"
"ES","2009","N14 D_Fugitive","NMVOC","Gg","24.741177783092"
"ES","2009","N14 E_Solvents","NMVOC","Gg","284.81167335"
"ES","2009","N14 F_RoadTransport","NMVOC","Gg","53.28282992"
"ES","2009","N14 G_Shipping","NMVOC","Gg","1.86019094"
"ES","2009","N14 H_Aviation","NMVOC","Gg","0.71831349865609"
"ES","2009","N14 I_Offroad","NMVOC","Gg","11.449718493"
"ES","2009","N14 J_Waste","NMVOC","Gg","6.7517042572"
"ES","2009","N14 K_AgriLivestock","NMVOC","Gg","51.373770961"
"ES","2009","N14 L_AgriOther","NMVOC","Gg","83.310018238"
"ES","2009","N14 M_Other","NMVOC","Gg","0"
"ES","2009","N14 O_AviCruise","NMVOC","Gg","1.2575020581309"
"ES","2009","N14 P_IntShipping","NMVOC","Gg","20.603484955"
"ES","2009","N14 N_Natural","NMVOC","Gg","0"
"ES","2009","N14 z_Memo","NMVOC","Gg","0"
"EU27","2008","N14 A_PublicPower","NMVOC","Gg","44.1990580682845"
"EU27","2008","N14 B_Industry","NMVOC","Gg","662.193989391955"
"EU27","2008","N14 C_OtherStatComb","NMVOC","Gg","1127.42402886672"
"EU27","2008","N14 D_Fugitive","NMVOC","Gg","635.703351249987"
"EU27","2008","N14 E_Solvents","NMVOC","Gg","3174.58651268795"
"EU27","2008","N14 F_RoadTransport","NMVOC","Gg","1138.43972272475"
"EU27","2008","N14 G_Shipping","NMVOC","Gg","76.7080145240817"
"EU27","2008","N14 H_Aviation","NMVOC","Gg","8.8061428586756"
"EU27","2008","N14 I_Offroad","NMVOC","Gg","261.80257599636"
"EU27","2008","N14 J_Waste","NMVOC","Gg","92.0186996809408"
"EU27","2008","N14 K_AgriLivestock","NMVOC","Gg","859.863376968865"
"EU27","2008","N14 L_AgriOther","NMVOC","Gg","216.704385243943"
"EU27","2008","N14 M_Other","NMVOC","Gg","1.882742819098"
"EU27","2008","N14 O_AviCruise","NMVOC","Gg","12.5301971294714"
"EU27","2008","N14 P_IntShipping","NMVOC","Gg","63.6306469558577"
"EU27","2008","N14 N_Natural","NMVOC","Gg","2372.60706697911"
"EU27","2008","N14 z_Memo","NMVOC","Gg","1386.19279486498"
"EU09","1991","N14 A_PublicPower","NMVOC","Gg","20.1417184394104"
"EU09","1991","N14 B_Industry","NMVOC","Gg","653.7718171891"
"EU09","1991","N14 C_OtherStatComb","NMVOC","Gg","1153.36694041768"
"EU09","1991","N14 D_Fugitive","NMVOC","Gg","1372.90947576086"
"EU09","1991","N14 E_Solvents","NMVOC","Gg","3377.31922789017"
"EU09","1991","N14 F_RoadTransport","NMVOC","Gg","3949.82028857756"
"EU09","1991","N14 G_Shipping","NMVOC","Gg","73.6778262859083"
"EU09","1991","N14 H_Aviation","NMVOC","Gg","10.8379815184535"
"EU09","1991","N14 I_Offroad","NMVOC","Gg","294.0772037512"
"EU09","1991","N14 J_Waste","NMVOC","Gg","47.5607093640512"
"EU09","1991","N14 K_AgriLivestock","NMVOC","Gg","609.464549586984"
"EU09","1991","N14 L_AgriOther","NMVOC","Gg","120.349779361385"
"EU09","1991","N14 M_Other","NMVOC","Gg","1.285784388648"
"EU09","1991","N14 O_AviCruise","NMVOC","Gg","6.0320168749677"
"EU09","1991","N14 P_IntShipping","NMVOC","Gg","24.7990931526249"
"EU09","1991","N14 N_Natural","NMVOC","Gg","1380.7324324762"
"EU09","1991","N14 z_Memo","NMVOC","Gg","1423.51919657751"
"CA","2008","N14 A_PublicPower","NMVOC","Gg","1.75260482741518"
"CA","2008","N14 B_Industry","NMVOC","Gg","159.906985338273"
"CA","2008","N14 C_OtherStatComb","NMVOC","Gg","238.4909972559"
"CA","2008","N14 D_Fugitive","NMVOC","Gg","687.382390099396"
"CA","2008","N14 E_Solvents","NMVOC","Gg","341.138184080626"
"CA","2008","N14 F_RoadTransport","NMVOC","Gg","241.616615797126"
"CA","2008","N14 G_Shipping","NMVOC","Gg","8.53143198403641"
"CA","2008","N14 H_Aviation","NMVOC","Gg","2.64064363775037"
"CA","2008","N14 I_Offroad","NMVOC","Gg","343.893266631328"
"CA","2008","N14 J_Waste","NMVOC","Gg","10.8070392543428"
"CA","2008","N14 K_AgriLivestock","NMVOC","Gg","118.352621806298"
"CA","2008","N14 L_AgriOther","NMVOC","Gg","2.25481404873868"
"CA","2008","N14 M_Other","NMVOC","Gg","4.3068181509435"
"CA","2008","N14 O_AviCruise","NMVOC","Gg","3.37702006330876"
"CA","2008","N14 P_IntShipping","NMVOC","Gg","0"
"CA","2008","N14 N_Natural","NMVOC","Gg","0"
"CA","2008","N14 z_Memo","NMVOC","Gg","0"
"LU","1992","N14 A_PublicPower","NMVOC","Gg","0.00271003856646962"
"LU","1992","N14 B_Industry","NMVOC","Gg","0.749711128467648"
"LU","1992","N14 C_OtherStatComb","NMVOC","Gg","0.601582991372929"
"LU","1992","N14 D_Fugitive","NMVOC","Gg","0.73597299071998"
"LU","1992","N14 E_Solvents","NMVOC","Gg","5.00990726215592"
"LU","1992","N14 F_RoadTransport","NMVOC","Gg","15.1573676988341"
"LU","1992","N14 G_Shipping","NMVOC","Gg","0.0280383981803776"
"LU","1992","N14 H_Aviation","NMVOC","Gg","0.0157729634482759"
"LU","1992","N14 I_Offroad","NMVOC","Gg","0.520840965952772"
"LU","1992","N14 J_Waste","NMVOC","Gg","0.0330529680911299"
"LU","1992","N14 K_AgriLivestock","NMVOC","Gg","3.07157782653866"
"LU","1992","N14 L_AgriOther","NMVOC","Gg","0.10813812"
"LU","1992","N14 M_Other","NMVOC","Gg","0"
"LU","1992","N14 O_AviCruise","NMVOC","Gg","0.0243324841469203"
"LU","1992","N14 P_IntShipping","NMVOC","Gg","0"
"LU","1992","N14 N_Natural","NMVOC","Gg","0"
"LU","1992","N14 z_Memo","NMVOC","Gg","5.55066878441677"
"FI","1987","N14 A_PublicPower","NMVOC","Gg","0"
"FI","1987","N14 B_Industry","NMVOC","Gg","0"
"FI","1987","N14 C_OtherStatComb","NMVOC","Gg","0"
"FI","1987","N14 D_Fugitive","NMVOC","Gg","0"
"FI","1987","N14 E_Solvents","NMVOC","Gg","0"
"FI","1987","N14 F_RoadTransport","NMVOC","Gg","63.4940976046511"
"FI","1987","N14 G_Shipping","NMVOC","Gg","9.639"
"FI","1987","N14 H_Aviation","NMVOC","Gg","0.0763623106288177"
"FI","1987","N14 I_Offroad","NMVOC","Gg","18.3909521217256"
"FI","1987","N14 J_Waste","NMVOC","Gg","0"
"FI","1987","N14 K_AgriLivestock","NMVOC","Gg","15.0566541575324"
"FI","1987","N14 L_AgriOther","NMVOC","Gg","4.63517577138629"
"FI","1987","N14 M_Other","NMVOC","Gg","118.432"
"FI","1987","N14 O_AviCruise","NMVOC","Gg","0.118162730785719"
"FI","1987","N14 P_IntShipping","NMVOC","Gg","0"
"FI","1987","N14 N_Natural","NMVOC","Gg","0"
"FI","1987","N14 z_Memo","NMVOC","Gg","0"
"NL","1993","N14 A_PublicPower","NMVOC","Gg","0.925037983"
"NL","1993","N14 B_Industry","NMVOC","Gg","59.736209434"
"NL","1993","N14 C_OtherStatComb","NMVOC","Gg","14.93097877"
"NL","1993","N14 D_Fugitive","NMVOC","Gg","39.057589462"
"NL","1993","N14 E_Solvents","NMVOC","Gg","140.762806191"
"NL","1993","N14 F_RoadTransport","NMVOC","Gg","140.826589975"
"NL","1993","N14 G_Shipping","NMVOC","Gg","1.907697417"
"NL","1993","N14 H_Aviation","NMVOC","Gg","0.354363249"
"NL","1993","N14 I_Offroad","NMVOC","Gg","13.395179865"
"NL","1993","N14 J_Waste","NMVOC","Gg","2.359634622"
"NL","1993","N14 K_AgriLivestock","NMVOC","Gg","42.298131475"
"NL","1993","N14 L_AgriOther","NMVOC","Gg","42.463921678"
"NL","1993","N14 M_Other","NMVOC","Gg","0.412479208"
"NL","1993","N14 O_AviCruise","NMVOC","Gg","0"
"NL","1993","N14 P_IntShipping","NMVOC","Gg","2.685840196"
"NL","1993","N14 N_Natural","NMVOC","Gg","0"
"NL","1993","N14 z_Memo","NMVOC","Gg","132.912451232"
"NO","2015","N14 A_PublicPower","NMVOC","Gg","2.0078768366"
"NO","2015","N14 B_Industry","NMVOC","Gg","6.8718617999"
"NO","2015","N14 C_OtherStatComb","NMVOC","Gg","7.037904469"
"NO","2015","N14 D_Fugitive","NMVOC","Gg","58.516299322"
"NO","2015","N14 E_Solvents","NMVOC","Gg","48.6164641507"
"NO","2015","N14 F_RoadTransport","NMVOC","Gg","7.082333506"
"NO","2015","N14 G_Shipping","NMVOC","Gg","3.4900036288"
"NO","2015","N14 H_Aviation","NMVOC","Gg","0.4370100876"
"NO","2015","N14 I_Offroad","NMVOC","Gg","18.5574077744"
"NO","2015","N14 J_Waste","NMVOC","Gg","0.7709321522"
"NO","2015","N14 K_AgriLivestock","NMVOC","Gg","10.00066536"
"NO","2015","N14 L_AgriOther","NMVOC","Gg","0.7200008894"
"NO","2015","N14 M_Other","NMVOC","Gg","0"
"NO","2015","N14 O_AviCruise","NMVOC","Gg","1.1951706586"
"NO","2015","N14 P_IntShipping","NMVOC","Gg","0.0778996856"
"NO","2015","N14 N_Natural","NMVOC","Gg","0"
"NO","2015","N14 z_Memo","NMVOC","Gg","12.039183014"
"DE","2010","N14 A_PublicPower","NMVOC","Gg","11.9196568217941"
"DE","2010","N14 B_Industry","NMVOC","Gg","41.8276786683799"
"DE","2010","N14 C_OtherStatComb","NMVOC","Gg","54.4209144251581"
"DE","2010","N14 D_Fugitive","NMVOC","Gg","78.4088087586619"
"DE","2010","N14 E_Solvents","NMVOC","Gg","716.549341812849"
"DE","2010","N14 F_RoadTransport","NMVOC","Gg","115.386450320733"
"DE","2010","N14 G_Shipping","NMVOC","Gg","1.11532553737978"
"DE","2010","N14 H_Aviation","NMVOC","Gg","0.881468976240583"
"DE","2010","N14 I_Offroad","NMVOC","Gg","35.5691642977645"
"DE","2010","N14 J_Waste","NMVOC","Gg","0.155375391"
"DE","2010","N14 K_AgriLivestock","NMVOC","Gg","191.735591576892"
"DE","2010","N14 L_AgriOther","NMVOC","Gg","9.49125704346041"
"DE","2010","N14 M_Other","NMVOC","Gg","0"
"DE","2010","N14 O_AviCruise","NMVOC","Gg","1.70254353060153"
"DE","2010","N14 P_IntShipping","NMVOC","Gg","3.99441101432999"
"DE","2010","N14 N_Natural","NMVOC","Gg","0.22419142578"
"DE","2010","N14 z_Memo","NMVOC","Gg","0"
"IT","1999","N14 A_PublicPower","NMVOC","Gg","4.10157721419"
"IT","1999","N14 B_Industry","NMVOC","Gg","60.5832957090411"
"IT","1999","N14 C_OtherStatComb","NMVOC","Gg","123.459305359844"
"IT","1999","N14 D_Fugitive","NMVOC","Gg","87.6551840232473"
"IT","1999","N14 E_Solvents","NMVOC","Gg","524.050635387838"
"IT","1999","N14 F_RoadTransport","NMVOC","Gg","692.692012691741"
"IT","1999","N14 G_Shipping","NMVOC","Gg","51.088180562032"
"IT","1999","N14 H_Aviation","NMVOC","Gg","0.562576983121326"
"IT","1999","N14 I_Offroad","NMVOC","Gg","52.6559120103107"
"IT","1999","N14 J_Waste","NMVOC","Gg","13.2783561528368"
"IT","1999","N14 K_AgriLivestock","NMVOC","Gg","122.767920510061"
"IT","1999","N14 L_AgriOther","NMVOC","Gg","29.8452318887871"
"IT","1999","N14 M_Other","NMVOC","Gg","0"
"IT","1999","N14 O_AviCruise","NMVOC","Gg","0.713506247885918"
"IT","1999","N14 P_IntShipping","NMVOC","Gg","2.4441875647653"
"IT","1999","N14 N_Natural","NMVOC","Gg","1219.83356916354"
"IT","1999","N14 z_Memo","NMVOC","Gg","0"
"EU09","2000","N14 A_PublicPower","NMVOC","Gg","24.503327009332"
"EU09","2000","N14 B_Industry","NMVOC","Gg","435.744897558719"
"EU09","2000","N14 C_OtherStatComb","NMVOC","Gg","635.52731518868"
"EU09","2000","N14 D_Fugitive","NMVOC","Gg","741.956004821335"
"EU09","2000","N14 E_Solvents","NMVOC","Gg","2601.80267846149"
"EU09","2000","N14 F_RoadTransport","NMVOC","Gg","1904.77944821197"
"EU09","2000","N14 G_Shipping","NMVOC","Gg","81.2397288274485"
"EU09","2000","N14 H_Aviation","NMVOC","Gg","8.09260443669625"
"EU09","2000","N14 I_Offroad","NMVOC","Gg","236.557627066113"
"EU09","2000","N14 J_Waste","NMVOC","Gg","46.6465518833"
"EU09","2000","N14 K_AgriLivestock","NMVOC","Gg","570.947150713855"
"EU09","2000","N14 L_AgriOther","NMVOC","Gg","81.5017416362771"
"EU09","2000","N14 M_Other","NMVOC","Gg","1.960425104047"
"EU09","2000","N14 O_AviCruise","NMVOC","Gg","6.87673776099358"
"EU09","2000","N14 P_IntShipping","NMVOC","Gg","27.9725989726347"
"EU09","2000","N14 N_Natural","NMVOC","Gg","1498.14058812774"
"EU09","2000","N14 z_Memo","NMVOC","Gg","1475.79131907043"
"SE","1994","N14 A_PublicPower","NMVOC","Gg","2.7518427931545"
"SE","1994","N14 B_Industry","NMVOC","Gg","20.867453044717"
"SE","1994","N14 C_OtherStatComb","NMVOC","Gg","19.9822774776176"
"SE","1994","N14 D_Fugitive","NMVOC","Gg","14.7551386440403"
"SE","1994","N14 E_Solvents","NMVOC","Gg","59.5872700287424"
"SE","1994","N14 F_RoadTransport","NMVOC","Gg","108.966594749646"
"SE","1994","N14 G_Shipping","NMVOC","Gg","5.03679786216149"
"SE","1994","N14 H_Aviation","NMVOC","Gg","0.163305747996919"
"SE","1994","N14 I_Offroad","NMVOC","Gg","14.6657672913262"
"SE","1994","N14 J_Waste","NMVOC","Gg","2.07353154928815"
"SE","1994","N14 K_AgriLivestock","NMVOC","Gg","26.9869619832854"
"SE","1994","N14 L_AgriOther","NMVOC","Gg","12.335796038472"
"SE","1994","N14 M_Other","NMVOC","Gg","0"
"SE","1994","N14 O_AviCruise","NMVOC","Gg","1.13831532704113"
"SE","1994","N14 P_IntShipping","NMVOC","Gg","1.20793757093083"
"SE","1994","N14 N_Natural","NMVOC","Gg","0"
"SE","1994","N14 z_Memo","NMVOC","Gg","0"
"CZ","1992","N14 A_PublicPower","NMVOC","Gg","7.767950992"
"CZ","1992","N14 B_Industry","NMVOC","Gg","19.767922398"
"CZ","1992","N14 C_OtherStatComb","NMVOC","Gg","167.38549954895"
"CZ","1992","N14 D_Fugitive","NMVOC","Gg","20.4872358"
"CZ","1992","N14 E_Solvents","NMVOC","Gg","141.518740949491"
"CZ","1992","N14 F_RoadTransport","NMVOC","Gg","66.6052786490013"
"CZ","1992","N14 G_Shipping","NMVOC","Gg","0.0801205852000001"
"CZ","1992","N14 H_Aviation","NMVOC","Gg","0.0696135"
"CZ","1992","N14 I_Offroad","NMVOC","Gg","10.5597075302222"
"CZ","1992","N14 J_Waste","NMVOC","Gg","0.109814845947167"
"CZ","1992","N14 K_AgriLivestock","NMVOC","Gg","0"
"CZ","1992","N14 L_AgriOther","NMVOC","Gg","0"
"CZ","1992","N14 M_Other","NMVOC","Gg","0"
"CZ","1992","N14 O_AviCruise","NMVOC","Gg","0.4985265"
"CZ","1992","N14 P_IntShipping","NMVOC","Gg","0"
"CZ","1992","N14 N_Natural","NMVOC","Gg","0"
"CZ","1992","N14 z_Memo","NMVOC","Gg","67.6259223830014"
"MT","2006","N14 A_PublicPower","NMVOC","Gg","0.0564804154108"
"MT","2006","N14 B_Industry","NMVOC","Gg","0.142050361247846"
"MT","2006","N14 C_OtherStatComb","NMVOC","Gg","0.0154923927521537"
"MT","2006","N14 D_Fugitive","NMVOC","Gg","0.152"
"MT","2006","N14 E_Solvents","NMVOC","Gg","0.48755192"
"MT","2006","N14 F_RoadTransport","NMVOC","Gg","1.82414909505496"
"MT","2006","N14 G_Shipping","NMVOC","Gg","0.0106984566962375"
"MT","2006","N14 H_Aviation","NMVOC","Gg","0.02646987"
"MT","2006","N14 I_Offroad","NMVOC","Gg","8.9867785206857e-05"
"MT","2006","N14 J_Waste","NMVOC","Gg","0.385508711684644"
"MT","2006","N14 K_AgriLivestock","NMVOC","Gg","0.567534970891743"
"MT","2006","N14 L_AgriOther","NMVOC","Gg","0.000275935234042553"
"MT","2006","N14 M_Other","NMVOC","Gg","0.004071"
"MT","2006","N14 O_AviCruise","NMVOC","Gg","0.0076312415"
"MT","2006","N14 P_IntShipping","NMVOC","Gg","5.90092063522052e-12"
"NO","1991","N14 A_PublicPower","NMVOC","Gg","0.3849799986"
"NO","1991","N14 B_Industry","NMVOC","Gg","7.2061012107"
"NO","1991","N14 C_OtherStatComb","NMVOC","Gg","6.6562270081"
"NO","1991","N14 D_Fugitive","NMVOC","Gg","152.5633858921"
"NO","1991","N14 E_Solvents","NMVOC","Gg","45.570631202"
"NO","1991","N14 F_RoadTransport","NMVOC","Gg","60.7188501835"
"NO","1991","N14 G_Shipping","NMVOC","Gg","2.011242179"
"NO","1991","N14 H_Aviation","NMVOC","Gg","0.2477555826"
"NO","1991","N14 I_Offroad","NMVOC","Gg","30.3488786374"
"NO","1991","N14 J_Waste","NMVOC","Gg","1.2461030558"
"NO","1991","N14 K_AgriLivestock","NMVOC","Gg","10.2940128997"
"NO","1991","N14 L_AgriOther","NMVOC","Gg","0.9172893564"
"NO","1991","N14 M_Other","NMVOC","Gg","0"
"NO","1991","N14 O_AviCruise","NMVOC","Gg","0.649439665"
"NO","1991","N14 P_IntShipping","NMVOC","Gg","0.2950166605"
"NO","1991","N14 N_Natural","NMVOC","Gg","0"
"NO","1991","N14 z_Memo","NMVOC","Gg","63.639855447"
"CY","2010","N14 A_PublicPower","NMVOC","Gg","0.0999499230981383"
"CY","2010","N14 B_Industry","NMVOC","Gg","0.372076704292858"
"CY","2010","N14 C_OtherStatComb","NMVOC","Gg","0.0343557676742"
"CY","2010","N14 D_Fugitive","NMVOC","Gg","1.10025389078582"
"CY","2010","N14 E_Solvents","NMVOC","Gg","12.8624753223852"
"CY","2010","N14 F_RoadTransport","NMVOC","Gg","3.34557045677939"
"CY","2010","N14 G_Shipping","NMVOC","Gg","0.00760698538246988"
"CY","2010","N14 H_Aviation","NMVOC","Gg","0.0216557982409765"
"CY","2010","N14 I_Offroad","NMVOC","Gg","0.0641719814036349"
"CY","2010","N14 J_Waste","NMVOC","Gg","0.765542530129355"
"CY","2010","N14 K_AgriLivestock","NMVOC","Gg","1.0189413163865"
"CY","2010","N14 L_AgriOther","NMVOC","Gg","0.029281"
"CY","2010","N14 M_Other","NMVOC","Gg","0"
"CY","2010","N14 O_AviCruise","NMVOC","Gg","0.0701689524412841"
"CY","2010","N14 P_IntShipping","NMVOC","Gg","0.093"
"CY","2010","N14 N_Natural","NMVOC","Gg","0"
"CY","2010","N14 z_Memo","NMVOC","Gg","3.37483324040284"
"GB","2010","N14 A_PublicPower","NMVOC","Gg","2.8752357477"
"GB","2010","N14 B_Industry","NMVOC","Gg","124.59695418752"
"GB","2010","N14 C_OtherStatComb","NMVOC","Gg","43.005829543513"
"GB","2010","N14 D_Fugitive","NMVOC","Gg","180.4314562809"
"GB","2010","N14 E_Solvents","NMVOC","Gg","307.701077883333"
"GB","2010","N14 F_RoadTransport","NMVOC","Gg","71.7285109337224"
"GB","2010","N14 G_Shipping","NMVOC","Gg","8.594314077231"
"GB","2010","N14 H_Aviation","NMVOC","Gg","1.882781148165"
"GB","2010","N14 I_Offroad","NMVOC","Gg","35.404980821079"
"GB","2010","N14 J_Waste","NMVOC","Gg","8.208361436551"
"GB","2010","N14 K_AgriLivestock","NMVOC","Gg","86.095493678957"
"GB","2010","N14 L_AgriOther","NMVOC","Gg","7.926122387515"
"GB","2010","N14 M_Other","NMVOC","Gg","1.574569100451"
"GB","2010","N14 O_AviCruise","NMVOC","Gg","1.605007271621"
"GB","2010","N14 P_IntShipping","NMVOC","Gg","9.363562525966"
"GB","2010","N14 N_Natural","NMVOC","Gg","91.914864509804"
"GB","2010","N14 z_Memo","NMVOC","Gg","68.880416772476"
"KZ","2012","N14 A_PublicPower","NMVOC","Gg","5.38986190442"
"KZ","2012","N14 B_Industry","NMVOC","Gg","12.3676993166446"
"KZ","2012","N14 C_OtherStatComb","NMVOC","Gg","70.647778671182"
"KZ","2012","N14 D_Fugitive","NMVOC","Gg","0"
"KZ","2012","N14 E_Solvents","NMVOC","Gg","34.14079707657"
"KZ","2012","N14 F_RoadTransport","NMVOC","Gg","66.1233373935478"
"KZ","2012","N14 G_Shipping","NMVOC","Gg","0.0774285973010578"
"KZ","2012","N14 H_Aviation","NMVOC","Gg","0.03396"
"KZ","2012","N14 I_Offroad","NMVOC","Gg","1.79163910883721"
"KZ","2012","N14 J_Waste","NMVOC","Gg","5.6861505288"
"KZ","2012","N14 K_AgriLivestock","NMVOC","Gg","75.239656"
"KZ","2012","N14 L_AgriOther","NMVOC","Gg","18.224002"
"KZ","2012","N14 M_Other","NMVOC","Gg","0"
"KZ","2012","N14 N_Natural","NMVOC","Gg","4.359"
"MC","2014","N14 A_PublicPower","NMVOC","Gg","0.000184464702233204"
"MC","2014","N14 B_Industry","NMVOC","Gg","6.48672e-05"
"MC","2014","N14 C_OtherStatComb","NMVOC","Gg","0.0005161469135742"
"MC","2014","N14 D_Fugitive","NMVOC","Gg","9.60714285714286e-05"
"MC","2014","N14 E_Solvents","NMVOC","Gg","0.109426923552784"
"MC","2014","N14 F_RoadTransport","NMVOC","Gg","0.103104749845017"
"MC","2014","N14 G_Shipping","NMVOC","Gg","0.0147905051885096"
"MC","2014","N14 H_Aviation","NMVOC","Gg","0.019784316903"
"MC","2014","N14 I_Offroad","NMVOC","Gg","0.00665342292100549"
"MC","2014","N14 J_Waste","NMVOC","Gg","0.00010379343"
"MC","2014","N14 K_AgriLivestock","NMVOC","Gg","0"
"MC","2014","N14 L_AgriOther","NMVOC","Gg","0"
"MC","2014","N14 M_Other","NMVOC","Gg","0"
"MC","2014","N14 O_AviCruise","NMVOC","Gg","0"
"MC","2014","N14 P_IntShipping","NMVOC","Gg","0.060491161404399"
"MC","2014","N14 N_Natural","NMVOC","Gg","0"
"MC","2014","N14 z_Memo","NMVOC","Gg","0"
"EU27","1991","N14 A_PublicPower","NMVOC","Gg","41.3952652841987"
"EU27","1991","N14 B_Industry","NMVOC","Gg","1013.90625483794"
"EU27","1991","N14 C_OtherStatComb","NMVOC","Gg","1944.37633731531"
"EU27","1991","N14 D_Fugitive","NMVOC","Gg","1668.07241010686"
"EU27","1991","N14 E_Solvents","NMVOC","Gg","4931.00604214352"
"EU27","1991","N14 F_RoadTransport","NMVOC","Gg","5187.36274388972"
"EU27","1991","N14 G_Shipping","NMVOC","Gg","96.3322243718372"
"EU27","1991","N14 H_Aviation","NMVOC","Gg","13.0330154048568"
"EU27","1991","N14 I_Offroad","NMVOC","Gg","418.469067980781"
"EU27","1991","N14 J_Waste","NMVOC","Gg","101.065957009561"
"EU27","1991","N14 K_AgriLivestock","NMVOC","Gg","1067.22370556911"
"EU27","1991","N14 L_AgriOther","NMVOC","Gg","270.223482991302"
"EU27","1991","N14 M_Other","NMVOC","Gg","1.28718496355594"
"EU27","1991","N14 O_AviCruise","NMVOC","Gg","9.29903503044863"
"EU27","1991","N14 P_IntShipping","NMVOC","Gg","38.345421589257"
"EU27","1991","N14 N_Natural","NMVOC","Gg","2126.03193044551"
"EU27","1991","N14 z_Memo","NMVOC","Gg","1423.51919657751"
"DE","2012","N14 A_PublicPower","NMVOC","Gg","10.6789373612547"
"DE","2012","N14 B_Industry","NMVOC","Gg","42.5106962080449"
"DE","2012","N14 C_OtherStatComb","NMVOC","Gg","41.7227755599356"
"DE","2012","N14 D_Fugitive","NMVOC","Gg","74.2226123510026"
"DE","2012","N14 E_Solvents","NMVOC","Gg","641.030987554606"
"DE","2012","N14 F_RoadTransport","NMVOC","Gg","103.889416884408"
"DE","2012","N14 G_Shipping","NMVOC","Gg","1.13037145038831"
"DE","2012","N14 H_Aviation","NMVOC","Gg","0.896762753064263"
"DE","2012","N14 I_Offroad","NMVOC","Gg","26.0430450484181"
"DE","2012","N14 J_Waste","NMVOC","Gg","0.154215424999995"
"DE","2012","N14 K_AgriLivestock","NMVOC","Gg","194.108120904085"
"DE","2012","N14 L_AgriOther","NMVOC","Gg","10.0214335210038"
"DE","2012","N14 M_Other","NMVOC","Gg","0"
"DE","2012","N14 O_AviCruise","NMVOC","Gg","1.66697832553047"
"DE","2012","N14 P_IntShipping","NMVOC","Gg","3.58733329406366"
"DE","2012","N14 N_Natural","NMVOC","Gg","0.11774165508"
"DE","2012","N14 z_Memo","NMVOC","Gg","0"
"EU15","1997","N14 A_PublicPower","NMVOC","Gg","27.1103206077028"
"EU15","1997","N14 B_Industry","NMVOC","Gg","647.12060729356"
"EU15","1997","N14 C_OtherStatComb","NMVOC","Gg","887.877572777613"
"EU15","1997","N14 D_Fugitive","NMVOC","Gg","1074.01770431246"
"EU15","1997","N14 E_Solvents","NMVOC","Gg","3498.22039233397"
"EU15","1997","N14 F_RoadTransport","NMVOC","Gg","3249.78706161641"
"EU15","1997","N14 G_Shipping","NMVOC","Gg","101.750296584099"
"EU15","1997","N14 H_Aviation","NMVOC","Gg","10.7934013559977"
"EU15","1997","N14 I_Offroad","NMVOC","Gg","323.425541234434"
"EU15","1997","N14 J_Waste","NMVOC","Gg","59.936823585871"
"EU15","1997","N14 K_AgriLivestock","NMVOC","Gg","717.757725702424"
"EU15","1997","N14 L_AgriOther","NMVOC","Gg","206.461859748451"
"EU15","1997","N14 M_Other","NMVOC","Gg","1.729301277352"
"EU15","1997","N14 O_AviCruise","NMVOC","Gg","8.68262655455176"
"EU15","1997","N14 P_IntShipping","NMVOC","Gg","45.873451787447"
"EU15","1997","N14 N_Natural","NMVOC","Gg","1975.68077435757"
"EU15","1997","N14 z_Memo","NMVOC","Gg","1511.56774005248"
"HU","1992","N14 A_PublicPower","NMVOC","Gg","0.461559666690414"
"HU","1992","N14 B_Industry","NMVOC","Gg","14.3771690851966"
"HU","1992","N14 C_OtherStatComb","NMVOC","Gg","26.461887436335"
"HU","1992","N14 D_Fugitive","NMVOC","Gg","6.98676684316814"
"HU","1992","N14 E_Solvents","NMVOC","Gg","51.1130202674182"
"HU","1992","N14 F_RoadTransport","NMVOC","Gg","94.3356580906335"
"HU","1992","N14 G_Shipping","NMVOC","Gg","0.9296"
"HU","1992","N14 H_Aviation","NMVOC","Gg","0.0023001740219569"
"HU","1992","N14 I_Offroad","NMVOC","Gg","3.91698001890799"
"HU","1992","N14 J_Waste","NMVOC","Gg","1.92299125996392"
"HU","1992","N14 K_AgriLivestock","NMVOC","Gg","32.187300815647"
"HU","1992","N14 L_AgriOther","NMVOC","Gg","3.47819266235162"
"HU","1992","N14 M_Other","NMVOC","Gg","0"
"HU","1992","N14 O_AviCruise","NMVOC","Gg","0"
"HU","1992","N14 P_IntShipping","NMVOC","Gg","0"
"HU","1992","N14 N_Natural","NMVOC","Gg","0"
"HU","1992","N14 z_Memo","NMVOC","Gg","0"
"CA","1988","N14 A_PublicPower","NMVOC","Gg","2.40702568439779"
"CA","1988","N14 B_Industry","NMVOC","Gg","269.050703800823"
"CA","1988","N14 C_OtherStatComb","NMVOC","Gg","357.974316198878"
"CA","1988","N14 D_Fugitive","NMVOC","Gg","724.70553885068"
"CA","1988","N14 E_Solvents","NMVOC","Gg","344.284902792854"
"CA","1988","N14 F_RoadTransport","NMVOC","Gg","825.119427513397"
"CA","1988","N14 G_Shipping","NMVOC","Gg","11.6783084153829"
"CA","1988","N14 H_Aviation","NMVOC","Gg","2.85124013699772"
"CA","1988","N14 I_Offroad","NMVOC","Gg","1620.67955393494"
"CA","1988","N14 J_Waste","NMVOC","Gg","16.9649803393106"
"CA","1988","N14 K_AgriLivestock","NMVOC","Gg","214.7698511952"
"CA","1988","N14 L_AgriOther","NMVOC","Gg","2.41234834292664"
"CA","1988","N14 M_Other","NMVOC","Gg","19.9899894944274"
"CA","1988","N14 O_AviCruise","NMVOC","Gg","2.58007709558654"
"CA","1988","N14 P_IntShipping","NMVOC","Gg","0"
"CA","1988","N14 N_Natural","NMVOC","Gg","0"
"CA","1988","N14 z_Memo","NMVOC","Gg","0"
"MT","2015","N14 A_PublicPower","NMVOC","Gg","0.0258800742316801"
"MT","2015","N14 B_Industry","NMVOC","Gg","0.184940948621588"
"MT","2015","N14 C_OtherStatComb","NMVOC","Gg","0.0278452015323602"
"MT","2015","N14 D_Fugitive","NMVOC","Gg","0.152"
"MT","2015","N14 E_Solvents","NMVOC","Gg","0.53416292"
"MT","2015","N14 F_RoadTransport","NMVOC","Gg","1.00812024269653"
"MT","2015","N14 G_Shipping","NMVOC","Gg","0.0154121061145618"
"MT","2015","N14 H_Aviation","NMVOC","Gg","0.04633857"
"MT","2015","N14 I_Offroad","NMVOC","Gg","0.000292266092304"
"MT","2015","N14 J_Waste","NMVOC","Gg","0.43148202"
"MT","2015","N14 K_AgriLivestock","NMVOC","Gg","0.454233466173405"
"MT","2015","N14 L_AgriOther","NMVOC","Gg","0.000323722158070629"
"MT","2015","N14 M_Other","NMVOC","Gg","0"
"MT","2015","N14 O_AviCruise","NMVOC","Gg","0"
"MT","2015","N14 P_IntShipping","NMVOC","Gg","9.62979999051952e-12"
"MT","2015","N14 N_Natural","NMVOC","Gg","0"
"EE","2008","N14 A_PublicPower","NMVOC","Gg","0.4490803"
"EE","2008","N14 B_Industry","NMVOC","Gg","2.5138572"
"EE","2008","N14 C_OtherStatComb","NMVOC","Gg","5.0683724"
"EE","2008","N14 D_Fugitive","NMVOC","Gg","1.5930528"
"EE","2008","N14 E_Solvents","NMVOC","Gg","6.726764"
"EE","2008","N14 F_RoadTransport","NMVOC","Gg","3.927987"
"EE","2008","N14 G_Shipping","NMVOC","Gg","0.149"
"EE","2008","N14 H_Aviation","NMVOC","Gg","0.015686"
"EE","2008","N14 I_Offroad","NMVOC","Gg","0.989137"
"EE","2008","N14 J_Waste","NMVOC","Gg","0.738607"
"EE","2008","N14 K_AgriLivestock","NMVOC","Gg","3.855864"
"EE","2008","N14 L_AgriOther","NMVOC","Gg","0.410896"
"EE","2008","N14 M_Other","NMVOC","Gg","0"
"EE","2008","N14 O_AviCruise","NMVOC","Gg","0.027758"
"EE","2008","N14 P_IntShipping","NMVOC","Gg","0.708319"
"EE","2008","N14 N_Natural","NMVOC","Gg","38.54737"
"EE","2008","N14 z_Memo","NMVOC","Gg","0"
"BE","2008","N14 A_PublicPower","NMVOC","Gg","0.528582178608034"
"BE","2008","N14 B_Industry","NMVOC","Gg","23.3006398681738"
"BE","2008","N14 C_OtherStatComb","NMVOC","Gg","14.0611096138687"
"BE","2008","N14 D_Fugitive","NMVOC","Gg","9.24848363421891"
"BE","2008","N14 E_Solvents","NMVOC","Gg","56.018598978001"
"BE","2008","N14 F_RoadTransport","NMVOC","Gg","14.4267367319182"
"BE","2008","N14 G_Shipping","NMVOC","Gg","0.315092927324403"
"BE","2008","N14 H_Aviation","NMVOC","Gg","0.177977901452745"
"BE","2008","N14 I_Offroad","NMVOC","Gg","5.38731795214279"
"BE","2008","N14 J_Waste","NMVOC","Gg","1.65173979290635"
"BE","2008","N14 K_AgriLivestock","NMVOC","Gg","24.140097288"
"BE","2008","N14 L_AgriOther","NMVOC","Gg","1.22657528139995"
"BE","2008","N14 M_Other","NMVOC","Gg","0"
"BE","2008","N14 O_AviCruise","NMVOC","Gg","0.663406280776738"
"BE","2008","N14 P_IntShipping","NMVOC","Gg","0.837253780877583"
"BE","2008","N14 N_Natural","NMVOC","Gg","47.0364175648"
"BE","2008","N14 z_Memo","NMVOC","Gg","13.0882267603417"
"DE","2004","N14 A_PublicPower","NMVOC","Gg","9.40867506291315"
"DE","2004","N14 B_Industry","NMVOC","Gg","43.2949995270881"
"DE","2004","N14 C_OtherStatComb","NMVOC","Gg","42.806220967138"
"DE","2004","N14 D_Fugitive","NMVOC","Gg","91.245934598472"
"DE","2004","N14 E_Solvents","NMVOC","Gg","768.093845988126"
"DE","2004","N14 F_RoadTransport","NMVOC","Gg","195.642118627982"
"DE","2004","N14 G_Shipping","NMVOC","Gg","1.32876040937014"
"DE","2004","N14 H_Aviation","NMVOC","Gg","0.880731880094488"
"DE","2004","N14 I_Offroad","NMVOC","Gg","44.073318140825"
"DE","2004","N14 J_Waste","NMVOC","Gg","0.146061075"
"DE","2004","N14 K_AgriLivestock","NMVOC","Gg","195.6349506594"
"DE","2004","N14 L_AgriOther","NMVOC","Gg","9.80806270356168"
"DE","2004","N14 M_Other","NMVOC","Gg","0"
"DE","2004","N14 O_AviCruise","NMVOC","Gg","1.55337126331838"
"DE","2004","N14 P_IntShipping","NMVOC","Gg","3.63409289869419"
"DE","2004","N14 N_Natural","NMVOC","Gg","0.1134268758"
"DE","2004","N14 z_Memo","NMVOC","Gg","0"
"RS","1991","N14 A_PublicPower","NMVOC","Gg","0.5434025584"
"RS","1991","N14 B_Industry","NMVOC","Gg","14.8423600351128"
"RS","1991","N14 C_OtherStatComb","NMVOC","Gg","31.4096563951408"
"RS","1991","N14 D_Fugitive","NMVOC","Gg","29.7675838"
"RS","1991","N14 E_Solvents","NMVOC","Gg","21.644039794"
"RS","1991","N14 F_RoadTransport","NMVOC","Gg","35.154836089"
"RS","1991","N14 G_Shipping","NMVOC","Gg","0.0729"
"RS","1991","N14 H_Aviation","NMVOC","Gg","0.019371"
"RS","1991","N14 I_Offroad","NMVOC","Gg","0.50391"
"RS","1991","N14 J_Waste","NMVOC","Gg","0.000151165488888889"
"RS","1991","N14 K_AgriLivestock","NMVOC","Gg","25.9759051151446"
"RS","1991","N14 L_AgriOther","NMVOC","Gg","3.11152386"
"RS","1991","N14 M_Other","NMVOC","Gg","0"
"RS","1991","N14 O_AviCruise","NMVOC","Gg","-0.000496215"
"RS","1991","N14 P_IntShipping","NMVOC","Gg","0"
"RS","1991","N14 N_Natural","NMVOC","Gg","0"
"RS","1991","N14 z_Memo","NMVOC","Gg","0"
"BG","1997","N14 A_PublicPower","NMVOC","Gg","0.054519152"
"BG","1997","N14 B_Industry","NMVOC","Gg","10.626342511"
"BG","1997","N14 C_OtherStatComb","NMVOC","Gg","15.672359366"
"BG","1997","N14 D_Fugitive","NMVOC","Gg","17.038984529"
"BG","1997","N14 E_Solvents","NMVOC","Gg","22.3900989725"
"BG","1997","N14 F_RoadTransport","NMVOC","Gg","26.8688294118845"
"BG","1997","N14 G_Shipping","NMVOC","Gg","0.0308"
"BG","1997","N14 H_Aviation","NMVOC","Gg","0.0122872"
"BG","1997","N14 I_Offroad","NMVOC","Gg","0.838449403042196"
"BG","1997","N14 J_Waste","NMVOC","Gg","8.01027414965829"
"BG","1997","N14 K_AgriLivestock","NMVOC","Gg","12.8520709131126"
"BG","1997","N14 L_AgriOther","NMVOC","Gg","3.22509473270763"
"BG","1997","N14 M_Other","NMVOC","Gg","0"
"BG","1997","N14 O_AviCruise","NMVOC","Gg","0.074"
"BG","1997","N14 P_IntShipping","NMVOC","Gg","0"
"EU12","2000","N14 A_PublicPower","NMVOC","Gg","26.1857547040643"
"EU12","2000","N14 B_Industry","NMVOC","Gg","537.7628843182"
"EU12","2000","N14 C_OtherStatComb","NMVOC","Gg","691.895122511413"
"EU12","2000","N14 D_Fugitive","NMVOC","Gg","793.978753953197"
"EU12","2000","N14 E_Solvents","NMVOC","Gg","3113.55703201302"
"EU12","2000","N14 F_RoadTransport","NMVOC","Gg","2179.71269747974"
"EU12","2000","N14 G_Shipping","NMVOC","Gg","83.6829154222779"
"EU12","2000","N14 H_Aviation","NMVOC","Gg","9.37371245844933"
"EU12","2000","N14 I_Offroad","NMVOC","Gg","256.643017284138"
"EU12","2000","N14 J_Waste","NMVOC","Gg","55.1635334054938"
"EU12","2000","N14 K_AgriLivestock","NMVOC","Gg","636.428272678959"
"EU12","2000","N14 L_AgriOther","NMVOC","Gg","176.630247838668"
"EU12","2000","N14 M_Other","NMVOC","Gg","1.960425104047"
"EU12","2000","N14 O_AviCruise","NMVOC","Gg","8.16594121563884"
"EU12","2000","N14 P_IntShipping","NMVOC","Gg","43.7896308802896"
"EU12","2000","N14 N_Natural","NMVOC","Gg","2025.36311721233"
"EU12","2000","N14 z_Memo","NMVOC","Gg","1475.79131907043"
"IE","2001","N14 A_PublicPower","NMVOC","Gg","0.39175923582431"
"IE","2001","N14 B_Industry","NMVOC","Gg","11.3133208731494"
"IE","2001","N14 C_OtherStatComb","NMVOC","Gg","12.2202867285942"
"IE","2001","N14 D_Fugitive","NMVOC","Gg","6.33940569708489"
"IE","2001","N14 E_Solvents","NMVOC","Gg","23.4404847454089"
"IE","2001","N14 F_RoadTransport","NMVOC","Gg","21.6966036162465"
"IE","2001","N14 G_Shipping","NMVOC","Gg","0.131926540510555"
"IE","2001","N14 H_Aviation","NMVOC","Gg","0.142684019707902"
"IE","2001","N14 I_Offroad","NMVOC","Gg","1.50772881312645"
"IE","2001","N14 J_Waste","NMVOC","Gg","1.02250056167782"
"IE","2001","N14 K_AgriLivestock","NMVOC","Gg","39.7534988422277"
"IE","2001","N14 L_AgriOther","NMVOC","Gg","3.792514"
"IE","2001","N14 M_Other","NMVOC","Gg","0"
"IE","2001","N14 O_AviCruise","NMVOC","Gg","0.287529202784005"
"IE","2001","N14 P_IntShipping","NMVOC","Gg","0.4472"
"IE","2001","N14 N_Natural","NMVOC","Gg","0"
"IE","2001","N14 z_Memo","NMVOC","Gg","20.1532644174852"
"SI","1992","N14 A_PublicPower","NMVOC","Gg","0.0852536168153524"
"SI","1992","N14 B_Industry","NMVOC","Gg","3.70063739549062"
"SI","1992","N14 C_OtherStatComb","NMVOC","Gg","7.73178687140784"
"SI","1992","N14 D_Fugitive","NMVOC","Gg","3.99989722166118"
"SI","1992","N14 E_Solvents","NMVOC","Gg","11.381187264"
"SI","1992","N14 F_RoadTransport","NMVOC","Gg","23.4645924330501"
"SI","1992","N14 G_Shipping","NMVOC","Gg","0"
"SI","1992","N14 H_Aviation","NMVOC","Gg","0.0254986"
"SI","1992","N14 I_Offroad","NMVOC","Gg","3.43910692780297"
"SI","1992","N14 J_Waste","NMVOC","Gg","1.07948949546377"
"SI","1992","N14 K_AgriLivestock","NMVOC","Gg","5.49531553170877"
"SI","1992","N14 L_AgriOther","NMVOC","Gg","0.0146364847573607"
"SI","1992","N14 M_Other","NMVOC","Gg","0"
"SI","1992","N14 O_AviCruise","NMVOC","Gg","0"
"SI","1992","N14 P_IntShipping","NMVOC","Gg","0"
"SI","1992","N14 N_Natural","NMVOC","Gg","0"
"SI","1992","N14 z_Memo","NMVOC","Gg","0"
"GB","1999","N14 A_PublicPower","NMVOC","Gg","3.506973630726"
"GB","1999","N14 B_Industry","NMVOC","Gg","182.095721795897"
"GB","1999","N14 C_OtherStatComb","NMVOC","Gg","45.013371277983"
"GB","1999","N14 D_Fugitive","NMVOC","Gg","424.775574705361"
"GB","1999","N14 E_Solvents","NMVOC","Gg","431.977303567413"
"GB","1999","N14 F_RoadTransport","NMVOC","Gg","507.501992642956"
"GB","1999","N14 G_Shipping","NMVOC","Gg","8.337562693018"
"GB","1999","N14 H_Aviation","NMVOC","Gg","3.928620722328"
"GB","1999","N14 I_Offroad","NMVOC","Gg","55.621632408996"
"GB","1999","N14 J_Waste","NMVOC","Gg","14.878951655638"
"GB","1999","N14 K_AgriLivestock","NMVOC","Gg","97.957481756555"
"GB","1999","N14 L_AgriOther","NMVOC","Gg","8.1321910063"
"GB","1999","N14 M_Other","NMVOC","Gg","1.591354608506"
"GB","1999","N14 O_AviCruise","NMVOC","Gg","1.796007963819"
"GB","1999","N14 P_IntShipping","NMVOC","Gg","6.6838047129"
"GB","1999","N14 N_Natural","NMVOC","Gg","91.838782352941"
"GB","1999","N14 z_Memo","NMVOC","Gg","453.757850749118"
"DK","2004","N14 A_PublicPower","NMVOC","Gg","3.05207056776692"
"DK","2004","N14 B_Industry","NMVOC","Gg","4.3626853868902"
"DK","2004","N14 C_OtherStatComb","NMVOC","Gg","15.69535471853"
"DK","2004","N14 D_Fugitive","NMVOC","Gg","17.582467292544"
"DK","2004","N14 E_Solvents","NMVOC","Gg","32.9903026999354"
"DK","2004","N14 F_RoadTransport","NMVOC","Gg","27.9296667066993"
"DK","2004","N14 G_Shipping","NMVOC","Gg","0.452671602017118"
"DK","2004","N14 H_Aviation","NMVOC","Gg","0.204452048649777"
"DK","2004","N14 I_Offroad","NMVOC","Gg","8.12147071705749"
"DK","2004","N14 J_Waste","NMVOC","Gg","0.456557463486129"
"DK","2004","N14 K_AgriLivestock","NMVOC","Gg","34.9065203855134"
"DK","2004","N14 L_AgriOther","NMVOC","Gg","1.57282527125"
"DK","2004","N14 M_Other","NMVOC","Gg","0"
"DK","2004","N14 O_AviCruise","NMVOC","Gg","0.142107367033648"
"DK","2004","N14 P_IntShipping","NMVOC","Gg","1.73028927019434"
"DK","2004","N14 N_Natural","NMVOC","Gg","0"
"DK","2004","N14 z_Memo","NMVOC","Gg","0"
"SE","2002","N14 A_PublicPower","NMVOC","Gg","2.5503436286674"
"SE","2002","N14 B_Industry","NMVOC","Gg","13.3918945017862"
"SE","2002","N14 C_OtherStatComb","NMVOC","Gg","13.8862840222923"
"SE","2002","N14 D_Fugitive","NMVOC","Gg","16.1032273491451"
"SE","2002","N14 E_Solvents","NMVOC","Gg","61.273408453"
"SE","2002","N14 F_RoadTransport","NMVOC","Gg","50.5795874675454"
"SE","2002","N14 G_Shipping","NMVOC","Gg","4.6975651817632"
"SE","2002","N14 H_Aviation","NMVOC","Gg","0.139997343668748"
"SE","2002","N14 I_Offroad","NMVOC","Gg","16.6328616519763"
"SE","2002","N14 J_Waste","NMVOC","Gg","1.70565995193067"
"SE","2002","N14 K_AgriLivestock","NMVOC","Gg","23.6354890368979"
"SE","2002","N14 L_AgriOther","NMVOC","Gg","10.9885039910434"
"SE","2002","N14 M_Other","NMVOC","Gg","0"
"SE","2002","N14 O_AviCruise","NMVOC","Gg","0.592929099178543"
"SE","2002","N14 P_IntShipping","NMVOC","Gg","1.41709463177583"
"SE","2002","N14 N_Natural","NMVOC","Gg","0"
"SE","2002","N14 z_Memo","NMVOC","Gg","0"
"AZ","1992","N14 A_PublicPower","NMVOC","Gg","0"
"AZ","1992","N14 B_Industry","NMVOC","Gg","0"
"AZ","1992","N14 C_OtherStatComb","NMVOC","Gg","0"
"AZ","1992","N14 D_Fugitive","NMVOC","Gg","0"
"AZ","1992","N14 E_Solvents","NMVOC","Gg","19.77507"
"AZ","1992","N14 F_RoadTransport","NMVOC","Gg","2.372737469"
"AZ","1992","N14 G_Shipping","NMVOC","Gg","0"
"AZ","1992","N14 H_Aviation","NMVOC","Gg","0"
"AZ","1992","N14 I_Offroad","NMVOC","Gg","0"
"AZ","1992","N14 J_Waste","NMVOC","Gg","0"
"AZ","1992","N14 K_AgriLivestock","NMVOC","Gg","19.54711015"
"AZ","1992","N14 L_AgriOther","NMVOC","Gg","0"
"AZ","1992","N14 M_Other","NMVOC","Gg","0"
"AZ","1992","N14 O_AviCruise","NMVOC","Gg","0"
"AZ","1992","N14 P_IntShipping","NMVOC","Gg","0"
"AZ","1992","N14 N_Natural","NMVOC","Gg","0"
"AZ","1992","N14 z_Memo","NMVOC","Gg","0"
"SI","2006","N14 A_PublicPower","NMVOC","Gg","0.0998206710495675"
"SI","2006","N14 B_Industry","NMVOC","Gg","3.90350803939079"
"SI","2006","N14 C_OtherStatComb","NMVOC","Gg","7.48467881542381"
"SI","2006","N14 D_Fugitive","NMVOC","Gg","2.49396768474622"
"SI","2006","N14 E_Solvents","NMVOC","Gg","15.075526124"
"SI","2006","N14 F_RoadTransport","NMVOC","Gg","6.78634380070669"
"SI","2006","N14 G_Shipping","NMVOC","Gg","0"
"SI","2006","N14 H_Aviation","NMVOC","Gg","0.05048939229"
"SI","2006","N14 I_Offroad","NMVOC","Gg","2.03768863529858"
"SI","2006","N14 J_Waste","NMVOC","Gg","1.3235357207093"
"SI","2006","N14 K_AgriLivestock","NMVOC","Gg","5.60730212820061"
"SI","2006","N14 L_AgriOther","NMVOC","Gg","0.0245311688709222"
"SI","2006","N14 M_Other","NMVOC","Gg","0"
"SI","2006","N14 O_AviCruise","NMVOC","Gg","0"
"SI","2006","N14 P_IntShipping","NMVOC","Gg","0.0813807"
"SI","2006","N14 N_Natural","NMVOC","Gg","0"
"SI","2006","N14 z_Memo","NMVOC","Gg","0.00032634"
"GB","2003","N14 A_PublicPower","NMVOC","Gg","4.438173969317"
"GB","2003","N14 B_Industry","NMVOC","Gg","154.887581301224"
"GB","2003","N14 C_OtherStatComb","NMVOC","Gg","30.558661731011"
"GB","2003","N14 D_Fugitive","NMVOC","Gg","334.067374491337"
"GB","2003","N14 E_Solvents","NMVOC","Gg","373.127646196768"
"GB","2003","N14 F_RoadTransport","NMVOC","Gg","276.685591349203"
"GB","2003","N14 G_Shipping","NMVOC","Gg","8.161625335684"
"GB","2003","N14 H_Aviation","NMVOC","Gg","3.229617593791"
"GB","2003","N14 I_Offroad","NMVOC","Gg","52.707477001058"
"GB","2003","N14 J_Waste","NMVOC","Gg","13.372700231176"
"GB","2003","N14 K_AgriLivestock","NMVOC","Gg","90.158408589454"
"GB","2003","N14 L_AgriOther","NMVOC","Gg","7.938154130999"
"GB","2003","N14 M_Other","NMVOC","Gg","1.581360921065"
"GB","2003","N14 O_AviCruise","NMVOC","Gg","1.487150348127"
"GB","2003","N14 P_IntShipping","NMVOC","Gg","5.784079494972"
"GB","2003","N14 N_Natural","NMVOC","Gg","96.6999"
"GB","2003","N14 z_Memo","NMVOC","Gg","254.120267010911"
"AZ","2006","N14 A_PublicPower","NMVOC","Gg","0.530325432"
"AZ","2006","N14 B_Industry","NMVOC","Gg","9.29386218"
"AZ","2006","N14 C_OtherStatComb","NMVOC","Gg","0"
"AZ","2006","N14 D_Fugitive","NMVOC","Gg","9.508"
"AZ","2006","N14 E_Solvents","NMVOC","Gg","26.076992"
"AZ","2006","N14 F_RoadTransport","NMVOC","Gg","13.4620352415"
"AZ","2006","N14 G_Shipping","NMVOC","Gg","0"
"AZ","2006","N14 H_Aviation","NMVOC","Gg","0"
"AZ","2006","N14 I_Offroad","NMVOC","Gg","0"
"AZ","2006","N14 J_Waste","NMVOC","Gg","0.003807"
"AZ","2006","N14 K_AgriLivestock","NMVOC","Gg","22.66882585"
"AZ","2006","N14 L_AgriOther","NMVOC","Gg","1.14060854"
"AZ","2006","N14 M_Other","NMVOC","Gg","0"
"AZ","2006","N14 O_AviCruise","NMVOC","Gg","0"
"AZ","2006","N14 P_IntShipping","NMVOC","Gg","0"
"AZ","2006","N14 N_Natural","NMVOC","Gg","0"
"AZ","2006","N14 z_Memo","NMVOC","Gg","8.46642"
"EU09","1992","N14 A_PublicPower","NMVOC","Gg","19.6584198600507"
"EU09","1992","N14 B_Industry","NMVOC","Gg","646.868905095204"
"EU09","1992","N14 C_OtherStatComb","NMVOC","Gg","1014.30170698127"
"EU09","1992","N14 D_Fugitive","NMVOC","Gg","1335.85681418059"
"EU09","1992","N14 E_Solvents","NMVOC","Gg","3293.82621636148"
"EU09","1992","N14 F_RoadTransport","NMVOC","Gg","3884.11914330311"
"EU09","1992","N14 G_Shipping","NMVOC","Gg","73.9292892828947"
"EU09","1992","N14 H_Aviation","NMVOC","Gg","9.85644184288588"
"EU09","1992","N14 I_Offroad","NMVOC","Gg","279.790300695684"
"EU09","1992","N14 J_Waste","NMVOC","Gg","47.5996499312369"
"EU09","1992","N14 K_AgriLivestock","NMVOC","Gg","590.887729199848"
"EU09","1992","N14 L_AgriOther","NMVOC","Gg","101.466546164458"
"EU09","1992","N14 M_Other","NMVOC","Gg","1.317960574514"
"EU09","1992","N14 O_AviCruise","NMVOC","Gg","6.11279787104366"
"EU09","1992","N14 P_IntShipping","NMVOC","Gg","24.2013594640839"
"EU09","1992","N14 N_Natural","NMVOC","Gg","1402.32976998515"
"EU09","1992","N14 z_Memo","NMVOC","Gg","1421.5098605866"
"EU28","1994","N14 A_PublicPower","NMVOC","Gg","39.6481264352258"
"EU28","1994","N14 B_Industry","NMVOC","Gg","952.186007701086"
"EU28","1994","N14 C_OtherStatComb","NMVOC","Gg","1492.31757382695"
"EU28","1994","N14 D_Fugitive","NMVOC","Gg","1420.37298675409"
"EU28","1994","N14 E_Solvents","NMVOC","Gg","4111.82313471918"
"EU28","1994","N14 F_RoadTransport","NMVOC","Gg","4492.37609038478"
"EU28","1994","N14 G_Shipping","NMVOC","Gg","97.9545128801717"
"EU28","1994","N14 H_Aviation","NMVOC","Gg","10.7133684928296"
"EU28","1994","N14 I_Offroad","NMVOC","Gg","381.981781776042"
"EU28","1994","N14 J_Waste","NMVOC","Gg","100.234301243025"
"EU28","1994","N14 K_AgriLivestock","NMVOC","Gg","974.737217711502"
"EU28","1994","N14 L_AgriOther","NMVOC","Gg","235.313109264337"
"EU28","1994","N14 M_Other","NMVOC","Gg","1.3221416827742"
"EU28","1994","N14 O_AviCruise","NMVOC","Gg","9.14041395483167"
"EU28","1994","N14 P_IntShipping","NMVOC","Gg","37.2972781884616"
"EU28","1994","N14 N_Natural","NMVOC","Gg","2213.99092324346"
"EU28","1994","N14 z_Memo","NMVOC","Gg","1486.81816051369"
"SE","2017","N14 A_PublicPower","NMVOC","Gg","3.11585928154257"
"SE","2017","N14 B_Industry","NMVOC","Gg","10.5417719934142"
"SE","2017","N14 C_OtherStatComb","NMVOC","Gg","11.0555641965981"
"SE","2017","N14 D_Fugitive","NMVOC","Gg","11.5306504685377"
"SE","2017","N14 E_Solvents","NMVOC","Gg","55.5852271701198"
"SE","2017","N14 F_RoadTransport","NMVOC","Gg","8.86484542166814"
"SE","2017","N14 G_Shipping","NMVOC","Gg","2.78124793169081"
"SE","2017","N14 H_Aviation","NMVOC","Gg","0.156177861058809"
"SE","2017","N14 I_Offroad","NMVOC","Gg","11.8297242468127"
"SE","2017","N14 J_Waste","NMVOC","Gg","0.57432765940302"
"SE","2017","N14 K_AgriLivestock","NMVOC","Gg","20.743837821756"
"SE","2017","N14 L_AgriOther","NMVOC","Gg","10.1594959306092"
"SE","2017","N14 M_Other","NMVOC","Gg","0"
"SE","2017","N14 O_AviCruise","NMVOC","Gg","0.555743522210815"
"SE","2017","N14 P_IntShipping","NMVOC","Gg","2.44300833336"
"SE","2017","N14 N_Natural","NMVOC","Gg","0"
"SE","2017","N14 z_Memo","NMVOC","Gg","0"
"KZ","1998","N14 C_OtherStatComb","NMVOC","Gg","0"
"KZ","1998","N14 D_Fugitive","NMVOC","Gg","0"
"KZ","1998","N14 E_Solvents","NMVOC","Gg","18.37781283978"
"KZ","1998","N14 F_RoadTransport","NMVOC","Gg","18.4087291476233"
"KZ","1998","N14 G_Shipping","NMVOC","Gg","6.98770341192724"
"KZ","1998","N14 H_Aviation","NMVOC","Gg","0.319543792776"
"KZ","1998","N14 I_Offroad","NMVOC","Gg","1.09294319972093"
"KZ","1998","N14 J_Waste","NMVOC","Gg","5.03639"
"KZ","1998","N14 K_AgriLivestock","NMVOC","Gg","50.54903"
"KZ","1998","N14 L_AgriOther","NMVOC","Gg","16.004944"
"KZ","1998","N14 M_Other","NMVOC","Gg","0"
"KZ","1998","N14 N_Natural","NMVOC","Gg","35.019"
"TR","1998","N14 A_PublicPower","NMVOC","Gg","1.237672944405"
"TR","1998","N14 B_Industry","NMVOC","Gg","117.119710414288"
"TR","1998","N14 C_OtherStatComb","NMVOC","Gg","249.589075399544"
"TR","1998","N14 D_Fugitive","NMVOC","Gg","0"
"TR","1998","N14 E_Solvents","NMVOC","Gg","208.776186719576"
"TR","1998","N14 F_RoadTransport","NMVOC","Gg","33.6647799735383"
"TR","1998","N14 G_Shipping","NMVOC","Gg","0.61371"
"TR","1998","N14 H_Aviation","NMVOC","Gg","1.9340547331065"
"TR","1998","N14 I_Offroad","NMVOC","Gg","1.0391358"
"TR","1998","N14 J_Waste","NMVOC","Gg","37.9327578662511"
"TR","1998","N14 K_AgriLivestock","NMVOC","Gg","168.690462919"
"TR","1998","N14 L_AgriOther","NMVOC","Gg","185.890545569"
"TR","1998","N14 M_Other","NMVOC","Gg","0"
"TR","1998","N14 O_AviCruise","NMVOC","Gg","0.531145994100039"
"TR","1998","N14 P_IntShipping","NMVOC","Gg","0"
"TR","1998","N14 N_Natural","NMVOC","Gg","0"
"FI","1981","N14 A_PublicPower","NMVOC","Gg","0"
"FI","1981","N14 B_Industry","NMVOC","Gg","0"
"FI","1981","N14 C_OtherStatComb","NMVOC","Gg","0"
"FI","1981","N14 D_Fugitive","NMVOC","Gg","0"
"FI","1981","N14 E_Solvents","NMVOC","Gg","0"
"FI","1981","N14 F_RoadTransport","NMVOC","Gg","60.3985681200266"
"FI","1981","N14 G_Shipping","NMVOC","Gg","9.639"
"FI","1981","N14 H_Aviation","NMVOC","Gg","0.0645302076981847"
"FI","1981","N14 I_Offroad","NMVOC","Gg","17.7622113777773"
"FI","1981","N14 J_Waste","NMVOC","Gg","0"
"FI","1981","N14 K_AgriLivestock","NMVOC","Gg","16.077959260866"
"FI","1981","N14 L_AgriOther","NMVOC","Gg","4.91762784715711"
"FI","1981","N14 M_Other","NMVOC","Gg","0"
"FI","1981","N14 O_AviCruise","NMVOC","Gg","0.0996286756584508"
"FI","1981","N14 P_IntShipping","NMVOC","Gg","0"
"FI","1981","N14 N_Natural","NMVOC","Gg","0"
"FI","1981","N14 z_Memo","NMVOC","Gg","0"
"MK","2000","N14 A_PublicPower","NMVOC","Gg","0.0892391466691895"
"MK","2000","N14 B_Industry","NMVOC","Gg","2.19747723688075"
"MK","2000","N14 C_OtherStatComb","NMVOC","Gg","11.7180842352948"
"MK","2000","N14 D_Fugitive","NMVOC","Gg","2.50133300516466"
"MK","2000","N14 E_Solvents","NMVOC","Gg","7.50844927988284"
"MK","2000","N14 F_RoadTransport","NMVOC","Gg","15.8679041695146"
"MK","2000","N14 G_Shipping","NMVOC","Gg","6.1166728146871e-05"
"MK","2000","N14 H_Aviation","NMVOC","Gg","0.00488016221859568"
"MK","2000","N14 I_Offroad","NMVOC","Gg","0.794347977530663"
"MK","2000","N14 J_Waste","NMVOC","Gg","1.74748305196457"
"MK","2000","N14 K_AgriLivestock","NMVOC","Gg","4.04079317977837"
"MK","2000","N14 L_AgriOther","NMVOC","Gg","1.06296"
"MK","2000","N14 M_Other","NMVOC","Gg","0"
"MK","2000","N14 O_AviCruise","NMVOC","Gg","0.537037782047958"
"MK","2000","N14 P_IntShipping","NMVOC","Gg","0"
"MK","2000","N14 N_Natural","NMVOC","Gg","1.4421"
"MK","2000","N14 z_Memo","NMVOC","Gg","0"
"MK","1993","N14 A_PublicPower","NMVOC","Gg","0.07060241982526"
"MK","1993","N14 B_Industry","NMVOC","Gg","1.73755313499267"
"MK","1993","N14 C_OtherStatComb","NMVOC","Gg","10.2622167410582"
"MK","1993","N14 D_Fugitive","NMVOC","Gg","2.78246120919116"
"MK","1993","N14 E_Solvents","NMVOC","Gg","8.16089604513705"
"MK","1993","N14 F_RoadTransport","NMVOC","Gg","15.0076398669834"
"MK","1993","N14 G_Shipping","NMVOC","Gg","1.98172577173663e-05"
"MK","1993","N14 H_Aviation","NMVOC","Gg","0.00313024863155637"
"MK","1993","N14 I_Offroad","NMVOC","Gg","1.4781684566483"
"MK","1993","N14 J_Waste","NMVOC","Gg","1.10043594895661"
"MK","1993","N14 K_AgriLivestock","NMVOC","Gg","4.48877867039738"
"MK","1993","N14 L_AgriOther","NMVOC","Gg","1.11714"
"MK","1993","N14 M_Other","NMVOC","Gg","0"
"MK","1993","N14 O_AviCruise","NMVOC","Gg","0.477225751661296"
"MK","1993","N14 P_IntShipping","NMVOC","Gg","0"
"MK","1993","N14 N_Natural","NMVOC","Gg","0"
"MK","1993","N14 z_Memo","NMVOC","Gg","0"
"SE","1996","N14 A_PublicPower","NMVOC","Gg","4.28926473014977"
"SE","1996","N14 B_Industry","NMVOC","Gg","19.0738450586191"
"SE","1996","N14 C_OtherStatComb","NMVOC","Gg","20.3349698634552"
"SE","1996","N14 D_Fugitive","NMVOC","Gg","15.3457408179732"
"SE","1996","N14 E_Solvents","NMVOC","Gg","51.2013466857778"
"SE","1996","N14 F_RoadTransport","NMVOC","Gg","95.5784197869216"
"SE","1996","N14 G_Shipping","NMVOC","Gg","4.94061255573742"
"SE","1996","N14 H_Aviation","NMVOC","Gg","0.200426399635329"
"SE","1996","N14 I_Offroad","NMVOC","Gg","15.1845553224754"
"SE","1996","N14 J_Waste","NMVOC","Gg","2.05174563211472"
"SE","1996","N14 K_AgriLivestock","NMVOC","Gg","26.5461292059845"
"SE","1996","N14 L_AgriOther","NMVOC","Gg","12.2266942124317"
"SE","1996","N14 M_Other","NMVOC","Gg","0"
"SE","1996","N14 O_AviCruise","NMVOC","Gg","0.962277073271248"
"SE","1996","N14 P_IntShipping","NMVOC","Gg","1.25466135040595"
"SE","1996","N14 N_Natural","NMVOC","Gg","0"
"SE","1996","N14 z_Memo","NMVOC","Gg","0"
"LU","2006","N14 A_PublicPower","NMVOC","Gg","0.149365243156833"
"LU","2006","N14 B_Industry","NMVOC","Gg","0.53067284356555"
"LU","2006","N14 C_OtherStatComb","NMVOC","Gg","0.43433964195004"
"LU","2006","N14 D_Fugitive","NMVOC","Gg","1.08885014046896"
"LU","2006","N14 E_Solvents","NMVOC","Gg","4.86333525858517"
"LU","2006","N14 F_RoadTransport","NMVOC","Gg","2.82630054726346"
"LU","2006","N14 G_Shipping","NMVOC","Gg","0.0136349883565165"
"LU","2006","N14 H_Aviation","NMVOC","Gg","0.048975108969"
"LU","2006","N14 I_Offroad","NMVOC","Gg","0.321484656211493"
"LU","2006","N14 J_Waste","NMVOC","Gg","0.0258487239098098"
"LU","2006","N14 K_AgriLivestock","NMVOC","Gg","2.8431232362649"
"LU","2006","N14 L_AgriOther","NMVOC","Gg","0.1108323624"
"LU","2006","N14 M_Other","NMVOC","Gg","0"
"LU","2006","N14 O_AviCruise","NMVOC","Gg","0.0726803658994963"
"LU","2006","N14 P_IntShipping","NMVOC","Gg","0"
"LU","2006","N14 N_Natural","NMVOC","Gg","0"
"LU","2006","N14 z_Memo","NMVOC","Gg","0.915589012304556"
"BE","1992","N14 A_PublicPower","NMVOC","Gg","0.236156231894469"
"BE","1992","N14 B_Industry","NMVOC","Gg","36.1050883855471"
"BE","1992","N14 C_OtherStatComb","NMVOC","Gg","17.202337901113"
"BE","1992","N14 D_Fugitive","NMVOC","Gg","35.2179700797935"
"BE","1992","N14 E_Solvents","NMVOC","Gg","96.8648407623289"
"BE","1992","N14 F_RoadTransport","NMVOC","Gg","78.5928676935837"
"BE","1992","N14 G_Shipping","NMVOC","Gg","0.32322072239558"
"BE","1992","N14 H_Aviation","NMVOC","Gg","0.0982110575174135"
"BE","1992","N14 I_Offroad","NMVOC","Gg","7.60949981889571"
"BE","1992","N14 J_Waste","NMVOC","Gg","2.71631051835243"
"BE","1992","N14 K_AgriLivestock","NMVOC","Gg","27.867666149"
"BE","1992","N14 L_AgriOther","NMVOC","Gg","1.1504523108"
"BE","1992","N14 M_Other","NMVOC","Gg","0"
"BE","1992","N14 O_AviCruise","NMVOC","Gg","0.149168429191554"
"BE","1992","N14 P_IntShipping","NMVOC","Gg","1.23875882413465"
"BE","1992","N14 N_Natural","NMVOC","Gg","48.7261098536"
"BE","1992","N14 z_Memo","NMVOC","Gg","65.8546178067879"
"SI","1997","N14 A_PublicPower","NMVOC","Gg","0.0818926685105"
"SI","1997","N14 B_Industry","NMVOC","Gg","4.087207153178"
"SI","1997","N14 C_OtherStatComb","NMVOC","Gg","6.45187548890855"
"SI","1997","N14 D_Fugitive","NMVOC","Gg","5.07814177276194"
"SI","1997","N14 E_Solvents","NMVOC","Gg","12.665271633"
"SI","1997","N14 F_RoadTransport","NMVOC","Gg","24.8746136112017"
"SI","1997","N14 G_Shipping","NMVOC","Gg","0"
"SI","1997","N14 H_Aviation","NMVOC","Gg","0.04698556"
"SI","1997","N14 I_Offroad","NMVOC","Gg","2.45970295007082"
"SI","1997","N14 J_Waste","NMVOC","Gg","1.16017740376494"
"SI","1997","N14 K_AgriLivestock","NMVOC","Gg","5.20025059038431"
"SI","1997","N14 L_AgriOther","NMVOC","Gg","0.0186902726911129"
"SI","1997","N14 M_Other","NMVOC","Gg","0"
"SI","1997","N14 O_AviCruise","NMVOC","Gg","0"
"SI","1997","N14 P_IntShipping","NMVOC","Gg","0"
"SI","1997","N14 N_Natural","NMVOC","Gg","0"
"SI","1997","N14 z_Memo","NMVOC","Gg","0.00013986"
"HU","2000","N14 A_PublicPower","NMVOC","Gg","0.53178077"
"HU","2000","N14 B_Industry","NMVOC","Gg","12.5651486894126"
"HU","2000","N14 C_OtherStatComb","NMVOC","Gg","28.2265505368308"
"HU","2000","N14 D_Fugitive","NMVOC","Gg","4.32787174144922"
"HU","2000","N14 E_Solvents","NMVOC","Gg","51.5324615209673"
"HU","2000","N14 F_RoadTransport","NMVOC","Gg","65.4424273513422"
"HU","2000","N14 G_Shipping","NMVOC","Gg","0.0252"
"HU","2000","N14 H_Aviation","NMVOC","Gg","0.00387397730013796"
"HU","2000","N14 I_Offroad","NMVOC","Gg","3.20419244789009"
"HU","2000","N14 J_Waste","NMVOC","Gg","2.17840903951618"
"HU","2000","N14 K_AgriLivestock","NMVOC","Gg","25.8367374307903"
"HU","2000","N14 L_AgriOther","NMVOC","Gg","3.18580836579865"
"HU","2000","N14 M_Other","NMVOC","Gg","0"
"HU","2000","N14 O_AviCruise","NMVOC","Gg","0"
"HU","2000","N14 P_IntShipping","NMVOC","Gg","0"
"HU","2000","N14 N_Natural","NMVOC","Gg","0"
"HU","2000","N14 z_Memo","NMVOC","Gg","0"
"FR","1990","N14 A_PublicPower","NMVOC","Gg","1.42889962268255"
"FR","1990","N14 B_Industry","NMVOC","Gg","91.0693591991553"
"FR","1990","N14 C_OtherStatComb","NMVOC","Gg","523.351147854112"
"FR","1990","N14 D_Fugitive","NMVOC","Gg","185.541475383708"
"FR","1990","N14 E_Solvents","NMVOC","Gg","668.847721507359"
"FR","1990","N14 F_RoadTransport","NMVOC","Gg","906.979569584196"
"FR","1990","N14 G_Shipping","NMVOC","Gg","14.014704997725"
"FR","1990","N14 H_Aviation","NMVOC","Gg","3.57060575559048"
"FR","1990","N14 I_Offroad","NMVOC","Gg","57.2296807691841"
"FR","1990","N14 J_Waste","NMVOC","Gg","11.1051834038176"
"FR","1990","N14 K_AgriLivestock","NMVOC","Gg","0"
"FR","1990","N14 L_AgriOther","NMVOC","Gg","2.4258376689699"
"FR","1990","N14 M_Other","NMVOC","Gg","0"
"FR","1990","N14 O_AviCruise","NMVOC","Gg","1.13370510748223"
"FR","1990","N14 P_IntShipping","NMVOC","Gg","6.82271178386443"
"FR","1990","N14 N_Natural","NMVOC","Gg","119.977412766244"
"FR","1990","N14 z_Memo","NMVOC","Gg","1447.95698572762"
"HU","2017","N14 A_PublicPower","NMVOC","Gg","1.2410788678327"
"HU","2017","N14 B_Industry","NMVOC","Gg","13.6610710842703"
"HU","2017","N14 C_OtherStatComb","NMVOC","Gg","34.6602286913"
"HU","2017","N14 D_Fugitive","NMVOC","Gg","2.99003916313437"
"HU","2017","N14 E_Solvents","NMVOC","Gg","45.4168633731701"
"HU","2017","N14 F_RoadTransport","NMVOC","Gg","13.7405199985651"
"HU","2017","N14 G_Shipping","NMVOC","Gg","0.0112"
"HU","2017","N14 H_Aviation","NMVOC","Gg","0.0472715320424816"
"HU","2017","N14 I_Offroad","NMVOC","Gg","1.85462936910945"
"HU","2017","N14 J_Waste","NMVOC","Gg","1.70781924895212"
"HU","2017","N14 K_AgriLivestock","NMVOC","Gg","22.5998258966904"
"HU","2017","N14 L_AgriOther","NMVOC","Gg","3.58940866"
"HU","2017","N14 M_Other","NMVOC","Gg","0"
"HU","2017","N14 O_AviCruise","NMVOC","Gg","0.0778669190372566"
"HU","2017","N14 P_IntShipping","NMVOC","Gg","0"
"HU","2017","N14 N_Natural","NMVOC","Gg","0"
"HU","2017","N14 z_Memo","NMVOC","Gg","0"
"LT","1990","N14 A_PublicPower","NMVOC","Gg","0.79422406"
"LT","1990","N14 B_Industry","NMVOC","Gg","0.834340074137626"
"LT","1990","N14 C_OtherStatComb","NMVOC","Gg","12.1000982758"
"LT","1990","N14 D_Fugitive","NMVOC","Gg","12.4450151407767"
"LT","1990","N14 E_Solvents","NMVOC","Gg","22.9210497776349"
"LT","1990","N14 F_RoadTransport","NMVOC","Gg","28.213137855"
"LT","1990","N14 G_Shipping","NMVOC","Gg","0.013879141390574"
"LT","1990","N14 H_Aviation","NMVOC","Gg","0.00270626060606059"
"LT","1990","N14 I_Offroad","NMVOC","Gg","8.7269860716508"
"LT","1990","N14 J_Waste","NMVOC","Gg","2.15538376631366"
"LT","1990","N14 K_AgriLivestock","NMVOC","Gg","27.7743524383265"
"LT","1990","N14 L_AgriOther","NMVOC","Gg","0"
"LT","1990","N14 M_Other","NMVOC","Gg","0"
"LT","1990","N14 P_IntShipping","NMVOC","Gg","0.262"
"LT","1990","N14 N_Natural","NMVOC","Gg","0.0936"
"PT","2005","N14 A_PublicPower","NMVOC","Gg","0.951216958469753"
"PT","2005","N14 B_Industry","NMVOC","Gg","25.3641517166107"
"PT","2005","N14 C_OtherStatComb","NMVOC","Gg","18.1655603469929"
"PT","2005","N14 D_Fugitive","NMVOC","Gg","11.2181049961747"
"PT","2005","N14 E_Solvents","NMVOC","Gg","95.5999537389873"
"PT","2005","N14 F_RoadTransport","NMVOC","Gg","39.4733658873566"
"PT","2005","N14 G_Shipping","NMVOC","Gg","0.183386402246684"
"PT","2005","N14 H_Aviation","NMVOC","Gg","0.599413772420549"
"PT","2005","N14 I_Offroad","NMVOC","Gg","0.895282677846741"
"PT","2005","N14 J_Waste","NMVOC","Gg","2.54188361835499"
"PT","2005","N14 K_AgriLivestock","NMVOC","Gg","8.28544940629337"
"PT","2005","N14 L_AgriOther","NMVOC","Gg","6.63083273683425"
"PT","2005","N14 M_Other","NMVOC","Gg","0"
"PT","2005","N14 O_AviCruise","NMVOC","Gg","0.303113299243702"
"PT","2005","N14 P_IntShipping","NMVOC","Gg","1.35937729484282"
"PT","2005","N14 N_Natural","NMVOC","Gg","563.825744552989"
"PT","2005","N14 z_Memo","NMVOC","Gg","0"
"NO","2016","N14 A_PublicPower","NMVOC","Gg","2.0551853739"
"NO","2016","N14 B_Industry","NMVOC","Gg","6.7463174733"
"NO","2016","N14 C_OtherStatComb","NMVOC","Gg","6.7923336467"
"NO","2016","N14 D_Fugitive","NMVOC","Gg","54.4942758103"
"NO","2016","N14 E_Solvents","NMVOC","Gg","47.1193416333"
"NO","2016","N14 F_RoadTransport","NMVOC","Gg","6.623606586"
"NO","2016","N14 G_Shipping","NMVOC","Gg","3.1685474134"
"NO","2016","N14 H_Aviation","NMVOC","Gg","0.4110593437"
"NO","2016","N14 I_Offroad","NMVOC","Gg","18.067467381"
"NO","2016","N14 J_Waste","NMVOC","Gg","0.7298021704"
"NO","2016","N14 K_AgriLivestock","NMVOC","Gg","10.054600161"
"NO","2016","N14 L_AgriOther","NMVOC","Gg","0.7177347327"
"NO","2016","N14 M_Other","NMVOC","Gg","0"
"NO","2016","N14 O_AviCruise","NMVOC","Gg","1.1114100547"
"NO","2016","N14 P_IntShipping","NMVOC","Gg","0.0357587023"
"NO","2016","N14 N_Natural","NMVOC","Gg","0"
"NO","2016","N14 z_Memo","NMVOC","Gg","11.148580018"
"GR","2002","N14 A_PublicPower","NMVOC","Gg","1.67665424177579"
"GR","2002","N14 B_Industry","NMVOC","Gg","19.7479906580273"
"GR","2002","N14 C_OtherStatComb","NMVOC","Gg","6.9953666137"
"GR","2002","N14 D_Fugitive","NMVOC","Gg","21.42881"
"GR","2002","N14 E_Solvents","NMVOC","Gg","133.855054732116"
"GR","2002","N14 F_RoadTransport","NMVOC","Gg","114.789104494381"
"GR","2002","N14 G_Shipping","NMVOC","Gg","1.6881"
"GR","2002","N14 H_Aviation","NMVOC","Gg","0.0102614752803008"
"GR","2002","N14 I_Offroad","NMVOC","Gg","10.0882346"
"GR","2002","N14 J_Waste","NMVOC","Gg","4.3079459503881"
"GR","2002","N14 K_AgriLivestock","NMVOC","Gg","14.734169502306"
"GR","2002","N14 L_AgriOther","NMVOC","Gg","3.540438055455"
"GR","2002","N14 M_Other","NMVOC","Gg","0"
"GR","2002","N14 O_AviCruise","NMVOC","Gg","0.0167805594845904"
"GR","2002","N14 P_IntShipping","NMVOC","Gg","8.622"
"BG","2013","N14 A_PublicPower","NMVOC","Gg","0.050572198"
"BG","2013","N14 B_Industry","NMVOC","Gg","2.978493932332"
"BG","2013","N14 C_OtherStatComb","NMVOC","Gg","22.665889342"
"BG","2013","N14 D_Fugitive","NMVOC","Gg","10.28666023"
"BG","2013","N14 E_Solvents","NMVOC","Gg","14.159041106"
"BG","2013","N14 F_RoadTransport","NMVOC","Gg","11.8430258745287"
"BG","2013","N14 G_Shipping","NMVOC","Gg","0.2581139334"
"BG","2013","N14 H_Aviation","NMVOC","Gg","0.0186041"
"BG","2013","N14 I_Offroad","NMVOC","Gg","0.585279"
"BG","2013","N14 J_Waste","NMVOC","Gg","3.0733467319927"
"BG","2013","N14 K_AgriLivestock","NMVOC","Gg","9.1295555795"
"BG","2013","N14 L_AgriOther","NMVOC","Gg","3.06140916255521"
"BG","2013","N14 M_Other","NMVOC","Gg","0"
"BG","2013","N14 O_AviCruise","NMVOC","Gg","0.0787"
"BG","2013","N14 P_IntShipping","NMVOC","Gg","0"
"DE","2014","N14 A_PublicPower","NMVOC","Gg","10.1252963840104"
"DE","2014","N14 B_Industry","NMVOC","Gg","43.5607651158177"
"DE","2014","N14 C_OtherStatComb","NMVOC","Gg","35.5267298038142"
"DE","2014","N14 D_Fugitive","NMVOC","Gg","71.9453763856088"
"DE","2014","N14 E_Solvents","NMVOC","Gg","570.594022888409"
"DE","2014","N14 F_RoadTransport","NMVOC","Gg","100.232794975153"
"DE","2014","N14 G_Shipping","NMVOC","Gg","1.20000020030615"
"DE","2014","N14 H_Aviation","NMVOC","Gg","0.858760362361227"
"DE","2014","N14 I_Offroad","NMVOC","Gg","24.1843775403485"
"DE","2014","N14 J_Waste","NMVOC","Gg","0.153396475000005"
"DE","2014","N14 K_AgriLivestock","NMVOC","Gg","198.945998884431"
"DE","2014","N14 L_AgriOther","NMVOC","Gg","11.340404815644"
"DE","2014","N14 M_Other","NMVOC","Gg","0"
"DE","2014","N14 O_AviCruise","NMVOC","Gg","1.65207556335733"
"DE","2014","N14 P_IntShipping","NMVOC","Gg","3.21120447472562"
"DE","2014","N14 N_Natural","NMVOC","Gg","0.053510058"
"DE","2014","N14 z_Memo","NMVOC","Gg","0"
"MC","2015","N14 A_PublicPower","NMVOC","Gg","0.000129092433512315"
"MC","2015","N14 B_Industry","NMVOC","Gg","7.82368e-05"
"MC","2015","N14 C_OtherStatComb","NMVOC","Gg","0.0005342339315016"
"MC","2015","N14 D_Fugitive","NMVOC","Gg","9.87e-05"
"MC","2015","N14 E_Solvents","NMVOC","Gg","0.108248865864714"
"MC","2015","N14 F_RoadTransport","NMVOC","Gg","0.101489820095843"
"MC","2015","N14 G_Shipping","NMVOC","Gg","0.0161274669435979"
"MC","2015","N14 H_Aviation","NMVOC","Gg","0.0197970713408"
"MC","2015","N14 I_Offroad","NMVOC","Gg","0.0168329805746533"
"MC","2015","N14 J_Waste","NMVOC","Gg","8.91858754076087e-05"
"MC","2015","N14 K_AgriLivestock","NMVOC","Gg","0"
"MC","2015","N14 L_AgriOther","NMVOC","Gg","0"
"MC","2015","N14 M_Other","NMVOC","Gg","0"
"MC","2015","N14 O_AviCruise","NMVOC","Gg","0"
"MC","2015","N14 P_IntShipping","NMVOC","Gg","0.0671143640195004"
"MC","2015","N14 N_Natural","NMVOC","Gg","0"
"MC","2015","N14 z_Memo","NMVOC","Gg","0"
"BG","2001","N14 A_PublicPower","NMVOC","Gg","0.056833021"
"BG","2001","N14 B_Industry","NMVOC","Gg","4.957816814"
"BG","2001","N14 C_OtherStatComb","NMVOC","Gg","14.968636087"
"BG","2001","N14 D_Fugitive","NMVOC","Gg","11.921231585"
"BG","2001","N14 E_Solvents","NMVOC","Gg","14.5106700825"
"BG","2001","N14 F_RoadTransport","NMVOC","Gg","26.5319054735539"
"BG","2001","N14 G_Shipping","NMVOC","Gg","0.27381767207"
"BG","2001","N14 H_Aviation","NMVOC","Gg","0.0093639"
"BG","2001","N14 I_Offroad","NMVOC","Gg","0.941490012146903"
"BG","2001","N14 J_Waste","NMVOC","Gg","5.54028110599787"
"BG","2001","N14 K_AgriLivestock","NMVOC","Gg","11.34791656"
"BG","2001","N14 L_AgriOther","NMVOC","Gg","3.22070143507006"
"BG","2001","N14 M_Other","NMVOC","Gg","0"
"BG","2001","N14 O_AviCruise","NMVOC","Gg","0.0549"
"BG","2001","N14 P_IntShipping","NMVOC","Gg","0"
"EU27","2012","N14 A_PublicPower","NMVOC","Gg","41.5585917166384"
"EU27","2012","N14 B_Industry","NMVOC","Gg","630.354353328572"
"EU27","2012","N14 C_OtherStatComb","NMVOC","Gg","1096.94708319102"
"EU27","2012","N14 D_Fugitive","NMVOC","Gg","543.538591301743"
"EU27","2012","N14 E_Solvents","NMVOC","Gg","2715.46627607959"
"EU27","2012","N14 F_RoadTransport","NMVOC","Gg","742.264615531914"
"EU27","2012","N14 G_Shipping","NMVOC","Gg","49.6472342707959"
"EU27","2012","N14 H_Aviation","NMVOC","Gg","7.68482752760655"
"EU27","2012","N14 I_Offroad","NMVOC","Gg","189.478261029664"
"EU27","2012","N14 J_Waste","NMVOC","Gg","77.2105689182243"
"EU27","2012","N14 K_AgriLivestock","NMVOC","Gg","848.748977253138"
"EU27","2012","N14 L_AgriOther","NMVOC","Gg","214.587539045714"
"EU27","2012","N14 M_Other","NMVOC","Gg","1.941719584834"
"EU27","2012","N14 O_AviCruise","NMVOC","Gg","12.0608872672297"
"EU27","2012","N14 P_IntShipping","NMVOC","Gg","54.8785088690082"
"EU27","2012","N14 N_Natural","NMVOC","Gg","2466.61284935047"
"EU27","2012","N14 z_Memo","NMVOC","Gg","1474.4218459181"
"KZ","2007","N14 D_Fugitive","NMVOC","Gg","0"
"KZ","2007","N14 E_Solvents","NMVOC","Gg","26.76290482218"
"KZ","2007","N14 F_RoadTransport","NMVOC","Gg","54.7876949249014"
"KZ","2007","N14 G_Shipping","NMVOC","Gg","0"
"KZ","2007","N14 H_Aviation","NMVOC","Gg","0.0330304477522618"
"KZ","2007","N14 I_Offroad","NMVOC","Gg","1.58327306790698"
"KZ","2007","N14 J_Waste","NMVOC","Gg","5.13058579"
"KZ","2007","N14 K_AgriLivestock","NMVOC","Gg","74.142651"
"KZ","2007","N14 L_AgriOther","NMVOC","Gg","16.30087"
"KZ","2007","N14 M_Other","NMVOC","Gg","0"
"KZ","2007","N14 N_Natural","NMVOC","Gg","44.386"
"ES","1990","N14 A_PublicPower","NMVOC","Gg","0.758483968687991"
"ES","1990","N14 B_Industry","NMVOC","Gg","66.3151013580885"
"ES","1990","N14 C_OtherStatComb","NMVOC","Gg","34.744915099"
"ES","1990","N14 D_Fugitive","NMVOC","Gg","46.97505982927"
"ES","1990","N14 E_Solvents","NMVOC","Gg","360.569521667"
"ES","1990","N14 F_RoadTransport","NMVOC","Gg","334.954212695"
"ES","1990","N14 G_Shipping","NMVOC","Gg","3.568321372"
"ES","1990","N14 H_Aviation","NMVOC","Gg","0.267239877864587"
"ES","1990","N14 I_Offroad","NMVOC","Gg","22.73052834"
"ES","1990","N14 J_Waste","NMVOC","Gg","7.197452551295"
"ES","1990","N14 K_AgriLivestock","NMVOC","Gg","46.531879868"
"ES","1990","N14 L_AgriOther","NMVOC","Gg","79.56937424"
"ES","1990","N14 M_Other","NMVOC","Gg","0"
"ES","1990","N14 O_AviCruise","NMVOC","Gg","0.54697383137721"
"ES","1990","N14 P_IntShipping","NMVOC","Gg","7.693562447"
"ES","1990","N14 N_Natural","NMVOC","Gg","0"
"ES","1990","N14 z_Memo","NMVOC","Gg","0"
"PL","1994","N14 A_PublicPower","NMVOC","Gg","2.40028202"
"PL","1994","N14 B_Industry","NMVOC","Gg","82.8049290844989"
"PL","1994","N14 C_OtherStatComb","NMVOC","Gg","196.0099055296"
"PL","1994","N14 D_Fugitive","NMVOC","Gg","54.3313865296684"
"PL","1994","N14 E_Solvents","NMVOC","Gg","151.080842496594"
"PL","1994","N14 F_RoadTransport","NMVOC","Gg","170.197056926909"
"PL","1994","N14 G_Shipping","NMVOC","Gg","0.0547211847308783"
"PL","1994","N14 H_Aviation","NMVOC","Gg","0.0340036021198183"
"PL","1994","N14 I_Offroad","NMVOC","Gg","10.364551120603"
"PL","1994","N14 J_Waste","NMVOC","Gg","19.0624262665591"
"PL","1994","N14 K_AgriLivestock","NMVOC","Gg","126.359989008348"
"PL","1994","N14 L_AgriOther","NMVOC","Gg","8.3935316195852"
"PL","1994","N14 M_Other","NMVOC","Gg","0"
"PL","1994","N14 O_AviCruise","NMVOC","Gg","0.271740776933406"
"PL","1994","N14 P_IntShipping","NMVOC","Gg","0.3672"
"PL","1994","N14 N_Natural","NMVOC","Gg","225.585042671982"
"PL","1994","N14 z_Memo","NMVOC","Gg","0"
"GR","2005","N14 A_PublicPower","NMVOC","Gg","1.80021923129732"
"GR","2005","N14 B_Industry","NMVOC","Gg","20.0402234295255"
"GR","2005","N14 C_OtherStatComb","NMVOC","Gg","6.86936753604472"
"GR","2005","N14 D_Fugitive","NMVOC","Gg","22.257685"
"GR","2005","N14 E_Solvents","NMVOC","Gg","129.12569736279"
"GR","2005","N14 F_RoadTransport","NMVOC","Gg","92.3465313851368"
"GR","2005","N14 G_Shipping","NMVOC","Gg","1.7986"
"GR","2005","N14 H_Aviation","NMVOC","Gg","0.011166738303"
"GR","2005","N14 I_Offroad","NMVOC","Gg","7.93972787326917"
"GR","2005","N14 J_Waste","NMVOC","Gg","5.27708391051531"
"GR","2005","N14 K_AgriLivestock","NMVOC","Gg","14.853403461252"
"GR","2005","N14 L_AgriOther","NMVOC","Gg","3.45413404492"
"GR","2005","N14 M_Other","NMVOC","Gg","0"
"GR","2005","N14 O_AviCruise","NMVOC","Gg","0.017764720209"
"GR","2005","N14 P_IntShipping","NMVOC","Gg","7.9386"
"IT","2013","N14 A_PublicPower","NMVOC","Gg","2.4974798996933"
"IT","2013","N14 B_Industry","NMVOC","Gg","43.4495709536215"
"IT","2013","N14 C_OtherStatComb","NMVOC","Gg","203.512795195571"
"IT","2013","N14 D_Fugitive","NMVOC","Gg","52.5831428052153"
"IT","2013","N14 E_Solvents","NMVOC","Gg","376.826041276937"
"IT","2013","N14 F_RoadTransport","NMVOC","Gg","141.836111349822"
"IT","2013","N14 G_Shipping","NMVOC","Gg","17.8229038622974"
"IT","2013","N14 H_Aviation","NMVOC","Gg","0.637517015426515"
"IT","2013","N14 I_Offroad","NMVOC","Gg","14.5444358404047"
"IT","2013","N14 J_Waste","NMVOC","Gg","11.3608872906923"
"IT","2013","N14 K_AgriLivestock","NMVOC","Gg","106.688152944281"
"IT","2013","N14 L_AgriOther","NMVOC","Gg","24.6332918453284"
"IT","2013","N14 M_Other","NMVOC","Gg","0"
"IT","2013","N14 O_AviCruise","NMVOC","Gg","1.22117962513881"
"IT","2013","N14 P_IntShipping","NMVOC","Gg","3.67153278837532"
"IT","2013","N14 N_Natural","NMVOC","Gg","1364.03240635405"
"IT","2013","N14 z_Memo","NMVOC","Gg","0"
"LU","2005","N14 A_PublicPower","NMVOC","Gg","0.136774477757125"
"LU","2005","N14 B_Industry","NMVOC","Gg","0.46172527523648"
"LU","2005","N14 C_OtherStatComb","NMVOC","Gg","0.45476284329711"
"LU","2005","N14 D_Fugitive","NMVOC","Gg","1.10162634027652"
"LU","2005","N14 E_Solvents","NMVOC","Gg","6.09753722290309"
"LU","2005","N14 F_RoadTransport","NMVOC","Gg","3.36343424658296"
"LU","2005","N14 G_Shipping","NMVOC","Gg","0.0158746384560542"
"LU","2005","N14 H_Aviation","NMVOC","Gg","0.048659952187"
"LU","2005","N14 I_Offroad","NMVOC","Gg","0.353874236892848"
"LU","2005","N14 J_Waste","NMVOC","Gg","0.0262584423711465"
"LU","2005","N14 K_AgriLivestock","NMVOC","Gg","2.88956286391601"
"LU","2005","N14 L_AgriOther","NMVOC","Gg","0.1110499424"
"LU","2005","N14 M_Other","NMVOC","Gg","0"
"LU","2005","N14 O_AviCruise","NMVOC","Gg","0.0784697266690639"
"LU","2005","N14 P_IntShipping","NMVOC","Gg","0"
"LU","2005","N14 N_Natural","NMVOC","Gg","0"
"LU","2005","N14 z_Memo","NMVOC","Gg","1.01483190023291"
"GB","2001","N14 A_PublicPower","NMVOC","Gg","4.100275031839"
"GB","2001","N14 B_Industry","NMVOC","Gg","163.493232330356"
"GB","2001","N14 C_OtherStatComb","NMVOC","Gg","35.353741376309"
"GB","2001","N14 D_Fugitive","NMVOC","Gg","399.460885448799"
"GB","2001","N14 E_Solvents","NMVOC","Gg","388.790855283535"
"GB","2001","N14 F_RoadTransport","NMVOC","Gg","385.045329326789"
"GB","2001","N14 G_Shipping","NMVOC","Gg","7.864981066977"
"GB","2001","N14 H_Aviation","NMVOC","Gg","3.659683441535"
"GB","2001","N14 I_Offroad","NMVOC","Gg","54.13006456314"
"GB","2001","N14 J_Waste","NMVOC","Gg","14.202136030219"
"GB","2001","N14 K_AgriLivestock","NMVOC","Gg","91.850249072336"
"GB","2001","N14 L_AgriOther","NMVOC","Gg","8.02884425187"
"GB","2001","N14 M_Other","NMVOC","Gg","1.56429865377"
"GB","2001","N14 O_AviCruise","NMVOC","Gg","1.636900262576"
"GB","2001","N14 P_IntShipping","NMVOC","Gg","6.225785399996"
"GB","2001","N14 N_Natural","NMVOC","Gg","92.018350980393"
"GB","2001","N14 z_Memo","NMVOC","Gg","348.624259753744"
"LI","1994","N14 A_PublicPower","NMVOC","Gg","0.000130175345664"
"LI","1994","N14 B_Industry","NMVOC","Gg","0.0230187183494434"
"LI","1994","N14 C_OtherStatComb","NMVOC","Gg","0.00964271176465197"
"LI","1994","N14 D_Fugitive","NMVOC","Gg","0.021440928"
"LI","1994","N14 E_Solvents","NMVOC","Gg","0.453836897747069"
"LI","1994","N14 F_RoadTransport","NMVOC","Gg","0.249357195093264"
"LI","1994","N14 G_Shipping","NMVOC","Gg","0"
"LI","1994","N14 H_Aviation","NMVOC","Gg","7.1844e-06"
"LI","1994","N14 I_Offroad","NMVOC","Gg","0.024983129393689"
"LI","1994","N14 J_Waste","NMVOC","Gg","0.00552101504545292"
"LI","1994","N14 K_AgriLivestock","NMVOC","Gg","0.057922819"
"LI","1994","N14 L_AgriOther","NMVOC","Gg","3.5298772e-14"
"LI","1994","N14 M_Other","NMVOC","Gg","0"
"SE","2009","N14 A_PublicPower","NMVOC","Gg","3.48588170095016"
"SE","2009","N14 B_Industry","NMVOC","Gg","11.3555827929306"
"SE","2009","N14 C_OtherStatComb","NMVOC","Gg","13.4659579489772"
"SE","2009","N14 D_Fugitive","NMVOC","Gg","14.3624101698952"
"SE","2009","N14 E_Solvents","NMVOC","Gg","59.7307027899279"
"SE","2009","N14 F_RoadTransport","NMVOC","Gg","24.0854104502437"
"SE","2009","N14 G_Shipping","NMVOC","Gg","5.67635859220859"
"SE","2009","N14 H_Aviation","NMVOC","Gg","0.161641340524744"
"SE","2009","N14 I_Offroad","NMVOC","Gg","16.5702464626794"
"SE","2009","N14 J_Waste","NMVOC","Gg","1.06959460288693"
"SE","2009","N14 K_AgriLivestock","NMVOC","Gg","21.3973820787847"
"SE","2009","N14 L_AgriOther","NMVOC","Gg","10.3069238311483"
"SE","2009","N14 M_Other","NMVOC","Gg","0"
"SE","2009","N14 O_AviCruise","NMVOC","Gg","0.562987665951296"
"SE","2009","N14 P_IntShipping","NMVOC","Gg","2.58624746536"
"SE","2009","N14 N_Natural","NMVOC","Gg","0"
"SE","2009","N14 z_Memo","NMVOC","Gg","0"
"SK","2017","N14 A_PublicPower","NMVOC","Gg","0.150476714"
"SK","2017","N14 B_Industry","NMVOC","Gg","5.4908690039551"
"SK","2017","N14 C_OtherStatComb","NMVOC","Gg","42.6656707523438"
"SK","2017","N14 D_Fugitive","NMVOC","Gg","6.02480149835752"
"SK","2017","N14 E_Solvents","NMVOC","Gg","21.7313163399662"
"SK","2017","N14 F_RoadTransport","NMVOC","Gg","5.22241177912383"
"SK","2017","N14 G_Shipping","NMVOC","Gg","0.0200315677897393"
"SK","2017","N14 H_Aviation","NMVOC","Gg","0.00160527566814313"
"SK","2017","N14 I_Offroad","NMVOC","Gg","1.08486556330727"
"SK","2017","N14 J_Waste","NMVOC","Gg","0.61723259978"
"SK","2017","N14 K_AgriLivestock","NMVOC","Gg","4.65446731061679"
"SK","2017","N14 L_AgriOther","NMVOC","Gg","1.81389219803152"
"SK","2017","N14 M_Other","NMVOC","Gg","0"
"SK","2017","N14 O_AviCruise","NMVOC","Gg","0.0203074218895578"
"SK","2017","N14 P_IntShipping","NMVOC","Gg","0"
"SK","2017","N14 N_Natural","NMVOC","Gg","0.14883"
"SK","2017","N14 z_Memo","NMVOC","Gg","0"
"RS","2004","N14 A_PublicPower","NMVOC","Gg","0.5723962352"
"RS","2004","N14 B_Industry","NMVOC","Gg","11.6897144505787"
"RS","2004","N14 C_OtherStatComb","NMVOC","Gg","30.194075365883"
"RS","2004","N14 D_Fugitive","NMVOC","Gg","33.4826284904"
"RS","2004","N14 E_Solvents","NMVOC","Gg","17.9443732260916"
"RS","2004","N14 F_RoadTransport","NMVOC","Gg","32.63894857"
"RS","2004","N14 G_Shipping","NMVOC","Gg","0.0459"
"RS","2004","N14 H_Aviation","NMVOC","Gg","0.018208"
"RS","2004","N14 I_Offroad","NMVOC","Gg","1.12014"
"RS","2004","N14 J_Waste","NMVOC","Gg","0.00398042849555556"
"RS","2004","N14 K_AgriLivestock","NMVOC","Gg","19.4401810845"
"RS","2004","N14 L_AgriOther","NMVOC","Gg","3.10076698"
"RS","2004","N14 M_Other","NMVOC","Gg","0"
"RS","2004","N14 O_AviCruise","NMVOC","Gg","0.00429568"
"RS","2004","N14 P_IntShipping","NMVOC","Gg","0"
"RS","2004","N14 N_Natural","NMVOC","Gg","0.0707"
"RS","2004","N14 z_Memo","NMVOC","Gg","0"
"LT","1996","N14 A_PublicPower","NMVOC","Gg","0.3430506"
"LT","1996","N14 B_Industry","NMVOC","Gg","0.306231890826813"
"LT","1996","N14 C_OtherStatComb","NMVOC","Gg","10.8115473638"
"LT","1996","N14 D_Fugitive","NMVOC","Gg","6.01186093599409"
"LT","1996","N14 E_Solvents","NMVOC","Gg","17.7854602765938"
"LT","1996","N14 F_RoadTransport","NMVOC","Gg","20.75893286"
"LT","1996","N14 G_Shipping","NMVOC","Gg","0.0139150723285114"
"LT","1996","N14 H_Aviation","NMVOC","Gg","0.00221822424242424"
"LT","1996","N14 I_Offroad","NMVOC","Gg","4.31837370527365"
"LT","1996","N14 J_Waste","NMVOC","Gg","2.31269593114724"
"LT","1996","N14 K_AgriLivestock","NMVOC","Gg","14.7002848014138"
"LT","1996","N14 L_AgriOther","NMVOC","Gg","0"
"LT","1996","N14 M_Other","NMVOC","Gg","0"
"LT","1996","N14 P_IntShipping","NMVOC","Gg","0.362"
"LT","1996","N14 N_Natural","NMVOC","Gg","0.2067"
"LT","2012","N14 A_PublicPower","NMVOC","Gg","0.291058488199926"
"LT","2012","N14 B_Industry","NMVOC","Gg","5.9686298787205"
"LT","2012","N14 C_OtherStatComb","NMVOC","Gg","12.8589670096"
"LT","2012","N14 D_Fugitive","NMVOC","Gg","2.9653679547973"
"LT","2012","N14 E_Solvents","NMVOC","Gg","8.2829662969214"
"LT","2012","N14 F_RoadTransport","NMVOC","Gg","7.11367493241405"
"LT","2012","N14 G_Shipping","NMVOC","Gg","0.0133924405039664"
"LT","2012","N14 H_Aviation","NMVOC","Gg","0.0086859"
"LT","2012","N14 I_Offroad","NMVOC","Gg","0.920358079129373"
"LT","2012","N14 J_Waste","NMVOC","Gg","1.72912415985"
"LT","2012","N14 K_AgriLivestock","NMVOC","Gg","11.2333235002661"
"LT","2012","N14 L_AgriOther","NMVOC","Gg","1.99330631"
"LT","2012","N14 M_Other","NMVOC","Gg","0"
"LT","2012","N14 P_IntShipping","NMVOC","Gg","0.339"
"LT","2012","N14 N_Natural","NMVOC","Gg","0.0285"
"RU","2011","N14 A_PublicPower","NMVOC","Gg","3.7933475359062"
"RU","2011","N14 B_Industry","NMVOC","Gg","543.546257882598"
"RU","2011","N14 C_OtherStatComb","NMVOC","Gg","11.6225052248188"
"RU","2011","N14 D_Fugitive","NMVOC","Gg","230.581229402128"
"RU","2011","N14 E_Solvents","NMVOC","Gg","153.000009086275"
"RU","2011","N14 F_RoadTransport","NMVOC","Gg","977.095343616837"
"RU","2011","N14 G_Shipping","NMVOC","Gg","2.4111153"
"RU","2011","N14 H_Aviation","NMVOC","Gg","0.548825"
"RU","2011","N14 I_Offroad","NMVOC","Gg","172.538746967152"
"RU","2011","N14 J_Waste","NMVOC","Gg","20.25"
"RU","2011","N14 K_AgriLivestock","NMVOC","Gg","252.72892027425"
"RU","2011","N14 L_AgriOther","NMVOC","Gg","119.684824"
"RU","2011","N14 M_Other","NMVOC","Gg","46.3903819431937"
"RU","2011","N14 O_AviCruise","NMVOC","Gg","0"
"RU","2011","N14 P_IntShipping","NMVOC","Gg","0"
"RU","2011","N14 N_Natural","NMVOC","Gg","44.37124992"
"RU","2011","N14 z_Memo","NMVOC","Gg","0"
"GR","2001","N14 A_PublicPower","NMVOC","Gg","1.6960730084979"
"GR","2001","N14 B_Industry","NMVOC","Gg","20.0755989571995"
"GR","2001","N14 C_OtherStatComb","NMVOC","Gg","9.0056620981"
"GR","2001","N14 D_Fugitive","NMVOC","Gg","20.22608"
"GR","2001","N14 E_Solvents","NMVOC","Gg","103.921663250131"
"GR","2001","N14 F_RoadTransport","NMVOC","Gg","123.502236209436"
"GR","2001","N14 G_Shipping","NMVOC","Gg","1.8705"
"GR","2001","N14 H_Aviation","NMVOC","Gg","0.0113915162440782"
"GR","2001","N14 I_Offroad","NMVOC","Gg","9.6585725"
"GR","2001","N14 J_Waste","NMVOC","Gg","4.1931977160699"
"GR","2001","N14 K_AgriLivestock","NMVOC","Gg","14.551725109188"
"GR","2001","N14 L_AgriOther","NMVOC","Gg","3.559295093345"
"GR","2001","N14 M_Other","NMVOC","Gg","0"
"GR","2001","N14 O_AviCruise","NMVOC","Gg","0.0182344196733934"
"GR","2001","N14 P_IntShipping","NMVOC","Gg","9.6327"
"SE","2014","N14 A_PublicPower","NMVOC","Gg","2.87622995698718"
"SE","2014","N14 B_Industry","NMVOC","Gg","10.8235398317335"
"SE","2014","N14 C_OtherStatComb","NMVOC","Gg","11.2504357583261"
"SE","2014","N14 D_Fugitive","NMVOC","Gg","12.196382204144"
"SE","2014","N14 E_Solvents","NMVOC","Gg","58.4784400409345"
"SE","2014","N14 F_RoadTransport","NMVOC","Gg","10.9199152650504"
"SE","2014","N14 G_Shipping","NMVOC","Gg","3.6405838073611"
"SE","2014","N14 H_Aviation","NMVOC","Gg","0.176817100960479"
"SE","2014","N14 I_Offroad","NMVOC","Gg","13.1477997349222"
"SE","2014","N14 J_Waste","NMVOC","Gg","0.729480583474088"
"SE","2014","N14 K_AgriLivestock","NMVOC","Gg","21.2979479676042"
"SE","2014","N14 L_AgriOther","NMVOC","Gg","10.0947450856362"
"SE","2014","N14 M_Other","NMVOC","Gg","0"
"SE","2014","N14 O_AviCruise","NMVOC","Gg","0.491135008970587"
"SE","2014","N14 P_IntShipping","NMVOC","Gg","1.96174888456"
"SE","2014","N14 N_Natural","NMVOC","Gg","0"
"SE","2014","N14 z_Memo","NMVOC","Gg","0"
"LU","1999","N14 A_PublicPower","NMVOC","Gg","0.0217460482711229"
"LU","1999","N14 B_Industry","NMVOC","Gg","0.605025330818087"
"LU","1999","N14 C_OtherStatComb","NMVOC","Gg","0.533585457230202"
"LU","1999","N14 D_Fugitive","NMVOC","Gg","0.881332305086701"
"LU","1999","N14 E_Solvents","NMVOC","Gg","5.21534899685048"
"LU","1999","N14 F_RoadTransport","NMVOC","Gg","5.31242169779853"
"LU","1999","N14 G_Shipping","NMVOC","Gg","0.0207437150041241"
"LU","1999","N14 H_Aviation","NMVOC","Gg","0.031808383116"
"LU","1999","N14 I_Offroad","NMVOC","Gg","0.476604600449702"
"LU","1999","N14 J_Waste","NMVOC","Gg","0.0302530346099491"
"LU","1999","N14 K_AgriLivestock","NMVOC","Gg","3.20081691515075"
"LU","1999","N14 L_AgriOther","NMVOC","Gg","0.1095682914"
"LU","1999","N14 M_Other","NMVOC","Gg","0"
"LU","1999","N14 O_AviCruise","NMVOC","Gg","0.062496051950879"
"LU","1999","N14 P_IntShipping","NMVOC","Gg","0"
"LU","1999","N14 N_Natural","NMVOC","Gg","0"
"LU","1999","N14 z_Memo","NMVOC","Gg","2.01754822915643"
"ES","2002","N14 A_PublicPower","NMVOC","Gg","1.4427554720073"
"ES","2002","N14 B_Industry","NMVOC","Gg","83.2722376102917"
"ES","2002","N14 C_OtherStatComb","NMVOC","Gg","34.162399173"
"ES","2002","N14 D_Fugitive","NMVOC","Gg","34.288276826071"
"ES","2002","N14 E_Solvents","NMVOC","Gg","402.762812354"
"ES","2002","N14 F_RoadTransport","NMVOC","Gg","156.255504991"
"ES","2002","N14 G_Shipping","NMVOC","Gg","2.446679025"
"ES","2002","N14 H_Aviation","NMVOC","Gg","0.500863963229967"
"ES","2002","N14 I_Offroad","NMVOC","Gg","18.562808606"
"ES","2002","N14 J_Waste","NMVOC","Gg","6.486619420135"
"ES","2002","N14 K_AgriLivestock","NMVOC","Gg","56.783441229"
"ES","2002","N14 L_AgriOther","NMVOC","Gg","88.114093863"
"ES","2002","N14 M_Other","NMVOC","Gg","0"
"ES","2002","N14 O_AviCruise","NMVOC","Gg","0.92588641699155"
"ES","2002","N14 P_IntShipping","NMVOC","Gg","16.442945977"
"ES","2002","N14 N_Natural","NMVOC","Gg","0"
"ES","2002","N14 z_Memo","NMVOC","Gg","0"
"CH","2002","N14 A_PublicPower","NMVOC","Gg","0.214120208516615"
"CH","2002","N14 B_Industry","NMVOC","Gg","8.13085177915628"
"CH","2002","N14 C_OtherStatComb","NMVOC","Gg","5.38905105545547"
"CH","2002","N14 D_Fugitive","NMVOC","Gg","6.613626122194"
"CH","2002","N14 E_Solvents","NMVOC","Gg","54.6337057373056"
"CH","2002","N14 F_RoadTransport","NMVOC","Gg","26.0986792482332"
"CH","2002","N14 G_Shipping","NMVOC","Gg","0.828437381476267"
"CH","2002","N14 H_Aviation","NMVOC","Gg","0.245622332616915"
"CH","2002","N14 I_Offroad","NMVOC","Gg","6.84408840767161"
"CH","2002","N14 J_Waste","NMVOC","Gg","0.767029710262568"
"CH","2002","N14 K_AgriLivestock","NMVOC","Gg","17.4759533201519"
"CH","2002","N14 L_AgriOther","NMVOC","Gg","0.472465523672"
"CH","2002","N14 M_Other","NMVOC","Gg","0.193761255315401"
"CH","2002","N14 O_AviCruise","NMVOC","Gg","0.460573750580857"
"CH","2002","N14 P_IntShipping","NMVOC","Gg","0.144968814857314"
"CH","2002","N14 N_Natural","NMVOC","Gg","62.7331193803471"
"CH","2002","N14 z_Memo","NMVOC","Gg","25.6141663554921"
"SK","1999","N14 A_PublicPower","NMVOC","Gg","0.154776972661538"
"SK","1999","N14 B_Industry","NMVOC","Gg","10.7468015364803"
"SK","1999","N14 C_OtherStatComb","NMVOC","Gg","52.4172033015669"
"SK","1999","N14 D_Fugitive","NMVOC","Gg","11.7528074477457"
"SK","1999","N14 E_Solvents","NMVOC","Gg","58.5841426021186"
"SK","1999","N14 F_RoadTransport","NMVOC","Gg","24.0818845116192"
"SK","1999","N14 G_Shipping","NMVOC","Gg","0.00731320008379145"
"SK","1999","N14 H_Aviation","NMVOC","Gg","0.00111313933654353"
"SK","1999","N14 I_Offroad","NMVOC","Gg","0.900688839160188"
"SK","1999","N14 J_Waste","NMVOC","Gg","0.88056995346894"
"SK","1999","N14 K_AgriLivestock","NMVOC","Gg","6.89251474744561"
"SK","1999","N14 L_AgriOther","NMVOC","Gg","2.85798306471042"
"SK","1999","N14 M_Other","NMVOC","Gg","0"
"SK","1999","N14 O_AviCruise","NMVOC","Gg","0.00186317955147983"
"SK","1999","N14 P_IntShipping","NMVOC","Gg","0"
"SK","1999","N14 N_Natural","NMVOC","Gg","1.24826"
"SK","1999","N14 z_Memo","NMVOC","Gg","0"
"IT","2004","N14 A_PublicPower","NMVOC","Gg","4.18831659312"
"IT","2004","N14 B_Industry","NMVOC","Gg","55.4369682853289"
"IT","2004","N14 C_OtherStatComb","NMVOC","Gg","80.0788861403247"
"IT","2004","N14 D_Fugitive","NMVOC","Gg","82.1388093712444"
"IT","2004","N14 E_Solvents","NMVOC","Gg","492.061873388804"
"IT","2004","N14 F_RoadTransport","NMVOC","Gg","389.902764793251"
"IT","2004","N14 G_Shipping","NMVOC","Gg","44.1103830656844"
"IT","2004","N14 H_Aviation","NMVOC","Gg","0.706089663681826"
"IT","2004","N14 I_Offroad","NMVOC","Gg","31.1992576814777"
"IT","2004","N14 J_Waste","NMVOC","Gg","13.0937800788403"
"IT","2004","N14 K_AgriLivestock","NMVOC","Gg","111.205072555392"
"IT","2004","N14 L_AgriOther","NMVOC","Gg","26.87779147814"
"IT","2004","N14 M_Other","NMVOC","Gg","0"
"IT","2004","N14 O_AviCruise","NMVOC","Gg","0.903356343051"
"IT","2004","N14 P_IntShipping","NMVOC","Gg","5.05191212478341"
"IT","2004","N14 N_Natural","NMVOC","Gg","1270.54349786559"
"IT","2004","N14 z_Memo","NMVOC","Gg","0"
"IS","1990","N14 A_PublicPower","NMVOC","Gg","0.00032576028"
"IS","1990","N14 B_Industry","NMVOC","Gg","0.438336337348307"
"IS","1990","N14 C_OtherStatComb","NMVOC","Gg","0.00480424281278351"
"IS","1990","N14 D_Fugitive","NMVOC","Gg","0.194749359839795"
"IS","1990","N14 E_Solvents","NMVOC","Gg","1.19241420677803"
"IS","1990","N14 F_RoadTransport","NMVOC","Gg","9.19230024075314"
"IS","1990","N14 G_Shipping","NMVOC","Gg","0.0522562"
"IS","1990","N14 H_Aviation","NMVOC","Gg","0.0807910235546959"
"IS","1990","N14 I_Offroad","NMVOC","Gg","0.775787945251736"
"IS","1990","N14 J_Waste","NMVOC","Gg","0.583559017253372"
"IS","1990","N14 K_AgriLivestock","NMVOC","Gg","1.97684037315118"
"IS","1990","N14 L_AgriOther","NMVOC","Gg","7.43266230061097e-08"
"IS","1990","N14 M_Other","NMVOC","Gg","0"
"IS","1990","N14 O_AviCruise","NMVOC","Gg","0.0949376114453041"
"IS","1990","N14 P_IntShipping","NMVOC","Gg","0.0169651917482641"
"IS","1990","N14 N_Natural","NMVOC","Gg","0"
"IS","1990","N14 z_Memo","NMVOC","Gg","0"
"KG","2015","N14 A_PublicPower","NMVOC","Gg","1e-04"
"KG","2015","N14 B_Industry","NMVOC","Gg","2.035097"
"KG","2015","N14 C_OtherStatComb","NMVOC","Gg","0"
"KG","2015","N14 D_Fugitive","NMVOC","Gg","0.53524"
"KG","2015","N14 E_Solvents","NMVOC","Gg","0.00035"
"KG","2015","N14 F_RoadTransport","NMVOC","Gg","0"
"KG","2015","N14 G_Shipping","NMVOC","Gg","0"
"KG","2015","N14 H_Aviation","NMVOC","Gg","0"
"KG","2015","N14 I_Offroad","NMVOC","Gg","0"
"KG","2015","N14 J_Waste","NMVOC","Gg","0"
"KG","2015","N14 K_AgriLivestock","NMVOC","Gg","16.908641816"
"KG","2015","N14 L_AgriOther","NMVOC","Gg","0"
"KG","2015","N14 M_Other","NMVOC","Gg","0"
"KG","2015","N14 O_AviCruise","NMVOC","Gg","0"
"KG","2015","N14 P_IntShipping","NMVOC","Gg","0"
"KG","2015","N14 N_Natural","NMVOC","Gg","0"
"KG","2015","N14 z_Memo","NMVOC","Gg","0"
"BY","2015","N14 A_PublicPower","NMVOC","Gg","1.008"
"BY","2015","N14 B_Industry","NMVOC","Gg","3.483"
"BY","2015","N14 C_OtherStatComb","NMVOC","Gg","15.62"
"BY","2015","N14 D_Fugitive","NMVOC","Gg","50.935"
"BY","2015","N14 E_Solvents","NMVOC","Gg","59.224"
"BY","2015","N14 F_RoadTransport","NMVOC","Gg","126.287530314"
"BY","2015","N14 G_Shipping","NMVOC","Gg","0.155"
"BY","2015","N14 H_Aviation","NMVOC","Gg","0.142"
"BY","2015","N14 I_Offroad","NMVOC","Gg","51.301"
"BY","2015","N14 J_Waste","NMVOC","Gg","1.813"
"BY","2015","N14 K_AgriLivestock","NMVOC","Gg","0.048"
"BY","2015","N14 L_AgriOther","NMVOC","Gg","0"
"BY","2015","N14 M_Other","NMVOC","Gg","0"
"BY","2015","N14 O_AviCruise","NMVOC","Gg","0.01"
"BY","2015","N14 P_IntShipping","NMVOC","Gg","0"
"BY","2015","N14 N_Natural","NMVOC","Gg","0"
"BY","2015","N14 z_Memo","NMVOC","Gg","0"
"DE","2002","N14 A_PublicPower","NMVOC","Gg","7.01209569898294"
"DE","2002","N14 B_Industry","NMVOC","Gg","39.1618603082299"
"DE","2002","N14 C_OtherStatComb","NMVOC","Gg","54.768628706622"
"DE","2002","N14 D_Fugitive","NMVOC","Gg","102.272995313969"
"DE","2002","N14 E_Solvents","NMVOC","Gg","764.047626543232"
"DE","2002","N14 F_RoadTransport","NMVOC","Gg","238.457239942111"
"DE","2002","N14 G_Shipping","NMVOC","Gg","1.29379790277336"
"DE","2002","N14 H_Aviation","NMVOC","Gg","0.885169075428243"
"DE","2002","N14 I_Offroad","NMVOC","Gg","45.8393173073106"
"DE","2002","N14 J_Waste","NMVOC","Gg","0.156261199999995"
"DE","2002","N14 K_AgriLivestock","NMVOC","Gg","204.286562066851"
"DE","2002","N14 L_AgriOther","NMVOC","Gg","8.5957750315662"
"DE","2002","N14 M_Other","NMVOC","Gg","0"
"DE","2002","N14 O_AviCruise","NMVOC","Gg","1.46778002491974"
"DE","2002","N14 P_IntShipping","NMVOC","Gg","3.11802438118038"
"DE","2002","N14 N_Natural","NMVOC","Gg","0.05005845684"
"DE","2002","N14 z_Memo","NMVOC","Gg","0"
"PT","2010","N14 A_PublicPower","NMVOC","Gg","1.59918486477676"
"PT","2010","N14 B_Industry","NMVOC","Gg","26.1112065753591"
"PT","2010","N14 C_OtherStatComb","NMVOC","Gg","14.3728148705042"
"PT","2010","N14 D_Fugitive","NMVOC","Gg","9.88896747667994"
"PT","2010","N14 E_Solvents","NMVOC","Gg","82.0976051439637"
"PT","2010","N14 F_RoadTransport","NMVOC","Gg","25.3320298808833"
"PT","2010","N14 G_Shipping","NMVOC","Gg","0.200872734255956"
"PT","2010","N14 H_Aviation","NMVOC","Gg","0.49216328828868"
"PT","2010","N14 I_Offroad","NMVOC","Gg","0.762842002694272"
"PT","2010","N14 J_Waste","NMVOC","Gg","2.3531587316493"
"PT","2010","N14 K_AgriLivestock","NMVOC","Gg","7.85225162816488"
"PT","2010","N14 L_AgriOther","NMVOC","Gg","6.69708455099454"
"PT","2010","N14 M_Other","NMVOC","Gg","0"
"PT","2010","N14 O_AviCruise","NMVOC","Gg","0.362929360184423"
"PT","2010","N14 P_IntShipping","NMVOC","Gg","1.42956977378961"
"PT","2010","N14 N_Natural","NMVOC","Gg","538.725747467487"
"PT","2010","N14 z_Memo","NMVOC","Gg","0"
"GB","1991","N14 A_PublicPower","NMVOC","Gg","6.906859278941"
"GB","1991","N14 B_Industry","NMVOC","Gg","271.658692444544"
"GB","1991","N14 C_OtherStatComb","NMVOC","Gg","66.017566796554"
"GB","1991","N14 D_Fugitive","NMVOC","Gg","784.123158389938"
"GB","1991","N14 E_Solvents","NMVOC","Gg","606.844176240298"
"GB","1991","N14 F_RoadTransport","NMVOC","Gg","980.714612015036"
"GB","1991","N14 G_Shipping","NMVOC","Gg","6.315501242778"
"GB","1991","N14 H_Aviation","NMVOC","Gg","5.231513708376"
"GB","1991","N14 I_Offroad","NMVOC","Gg","54.739816945993"
"GB","1991","N14 J_Waste","NMVOC","Gg","15.85170284703"
"GB","1991","N14 K_AgriLivestock","NMVOC","Gg","94.883373188497"
"GB","1991","N14 L_AgriOther","NMVOC","Gg","11.939674189642"
"GB","1991","N14 M_Other","NMVOC","Gg","0.873305180648"
"GB","1991","N14 O_AviCruise","NMVOC","Gg","2.142318869178"
"GB","1991","N14 P_IntShipping","NMVOC","Gg","6.569476990453"
"GB","1991","N14 N_Natural","NMVOC","Gg","91.819164705882"
"GB","1991","N14 z_Memo","NMVOC","Gg","855.126028836769"
"MK","1998","N14 A_PublicPower","NMVOC","Gg","0.0844319924701188"
"MK","1998","N14 B_Industry","NMVOC","Gg","2.40271109979286"
"MK","1998","N14 C_OtherStatComb","NMVOC","Gg","9.44298061456144"
"MK","1998","N14 D_Fugitive","NMVOC","Gg","2.74962760899693"
"MK","1998","N14 E_Solvents","NMVOC","Gg","7.63570500028894"
"MK","1998","N14 F_RoadTransport","NMVOC","Gg","15.2791601154602"
"MK","1998","N14 G_Shipping","NMVOC","Gg","7.14564581155035e-05"
"MK","1998","N14 H_Aviation","NMVOC","Gg","0.00284433615812288"
"MK","1998","N14 I_Offroad","NMVOC","Gg","0.289997375278239"
"MK","1998","N14 J_Waste","NMVOC","Gg","1.4793216860425"
"MK","1998","N14 K_AgriLivestock","NMVOC","Gg","4.01137045283762"
"MK","1998","N14 L_AgriOther","NMVOC","Gg","1.11198"
"MK","1998","N14 M_Other","NMVOC","Gg","0"
"MK","1998","N14 O_AviCruise","NMVOC","Gg","0.433636627887508"
"MK","1998","N14 P_IntShipping","NMVOC","Gg","0"
"MK","1998","N14 N_Natural","NMVOC","Gg","0"
"MK","1998","N14 z_Memo","NMVOC","Gg","0"
"GB","1998","N14 A_PublicPower","NMVOC","Gg","3.962577713526"
"GB","1998","N14 B_Industry","NMVOC","Gg","211.810698668864"
"GB","1998","N14 C_OtherStatComb","NMVOC","Gg","41.819159501005"
"GB","1998","N14 D_Fugitive","NMVOC","Gg","494.435327804836"
"GB","1998","N14 E_Solvents","NMVOC","Gg","462.266499451973"
"GB","1998","N14 F_RoadTransport","NMVOC","Gg","571.241504650818"
"GB","1998","N14 G_Shipping","NMVOC","Gg","8.117219030151"
"GB","1998","N14 H_Aviation","NMVOC","Gg","4.02146856699"
"GB","1998","N14 I_Offroad","NMVOC","Gg","56.234774654332"
"GB","1998","N14 J_Waste","NMVOC","Gg","15.269435910488"
"GB","1998","N14 K_AgriLivestock","NMVOC","Gg","96.836515334163"
"GB","1998","N14 L_AgriOther","NMVOC","Gg","8.194357863011"
"GB","1998","N14 M_Other","NMVOC","Gg","1.52320961938"
"GB","1998","N14 O_AviCruise","NMVOC","Gg","1.880058813134"
"GB","1998","N14 P_IntShipping","NMVOC","Gg","8.400343098415"
"GB","1998","N14 N_Natural","NMVOC","Gg","91.450398039216"
"GB","1998","N14 z_Memo","NMVOC","Gg","513.306986746272"
"SK","1992","N14 A_PublicPower","NMVOC","Gg","0.18978515442474"
"SK","1992","N14 B_Industry","NMVOC","Gg","12.4203394415905"
"SK","1992","N14 C_OtherStatComb","NMVOC","Gg","139.789326136752"
"SK","1992","N14 D_Fugitive","NMVOC","Gg","11.7316488237478"
"SK","1992","N14 E_Solvents","NMVOC","Gg","65.7277378932808"
"SK","1992","N14 F_RoadTransport","NMVOC","Gg","24.2257899356458"
"SK","1992","N14 G_Shipping","NMVOC","Gg","0.0459153536530177"
"SK","1992","N14 H_Aviation","NMVOC","Gg","0.00177848775682776"
"SK","1992","N14 I_Offroad","NMVOC","Gg","1.17757942949607"
"SK","1992","N14 J_Waste","NMVOC","Gg","1.12748421729207"
"SK","1992","N14 K_AgriLivestock","NMVOC","Gg","9.47483098694392"
"SK","1992","N14 L_AgriOther","NMVOC","Gg","3.99699082913986"
"SK","1992","N14 M_Other","NMVOC","Gg","0"
"SK","1992","N14 O_AviCruise","NMVOC","Gg","0.00297683875572507"
"SK","1992","N14 P_IntShipping","NMVOC","Gg","0"
"SK","1992","N14 N_Natural","NMVOC","Gg","0.237"
"SK","1992","N14 z_Memo","NMVOC","Gg","0"
"HR","2000","N14 A_PublicPower","NMVOC","Gg","0.5771390569"
"HR","2000","N14 B_Industry","NMVOC","Gg","9.30202418060258"
"HR","2000","N14 C_OtherStatComb","NMVOC","Gg","21.18047314606"
"HR","2000","N14 D_Fugitive","NMVOC","Gg","5.6802885984984"
"HR","2000","N14 E_Solvents","NMVOC","Gg","24.0865604715546"
"HR","2000","N14 F_RoadTransport","NMVOC","Gg","28.4831501629557"
"HR","2000","N14 G_Shipping","NMVOC","Gg","0.249692594202"
"HR","2000","N14 H_Aviation","NMVOC","Gg","0.008984332025"
"HR","2000","N14 I_Offroad","NMVOC","Gg","2.87252805890402"
"HR","2000","N14 J_Waste","NMVOC","Gg","2.25360541724"
"HR","2000","N14 K_AgriLivestock","NMVOC","Gg","8.59818805338"
"HR","2000","N14 L_AgriOther","NMVOC","Gg","1.0050863"
"HR","2000","N14 M_Other","NMVOC","Gg","0"
"HR","2000","N14 O_AviCruise","NMVOC","Gg","0.02783768497"
"HR","2000","N14 P_IntShipping","NMVOC","Gg","0.05039007542"
"HR","2000","N14 N_Natural","NMVOC","Gg","4.209"
"HR","2000","N14 z_Memo","NMVOC","Gg","0"
"IT","2009","N14 A_PublicPower","NMVOC","Gg","3.31871216983497"
"IT","2009","N14 B_Industry","NMVOC","Gg","50.7013484253738"
"IT","2009","N14 C_OtherStatComb","NMVOC","Gg","223.098071023371"
"IT","2009","N14 D_Fugitive","NMVOC","Gg","68.8925580878914"
"IT","2009","N14 E_Solvents","NMVOC","Gg","432.130406695347"
"IT","2009","N14 F_RoadTransport","NMVOC","Gg","204.846375900317"
"IT","2009","N14 G_Shipping","NMVOC","Gg","34.2932142820051"
"IT","2009","N14 H_Aviation","NMVOC","Gg","0.76383274276404"
"IT","2009","N14 I_Offroad","NMVOC","Gg","19.425195924908"
"IT","2009","N14 J_Waste","NMVOC","Gg","12.5171600836003"
"IT","2009","N14 K_AgriLivestock","NMVOC","Gg","111.598362007969"
"IT","2009","N14 L_AgriOther","NMVOC","Gg","26.4578708897368"
"IT","2009","N14 M_Other","NMVOC","Gg","0"
"IT","2009","N14 O_AviCruise","NMVOC","Gg","1.16022978489972"
"IT","2009","N14 P_IntShipping","NMVOC","Gg","5.39583395912132"
"IT","2009","N14 N_Natural","NMVOC","Gg","1335.02707762809"
"IT","2009","N14 z_Memo","NMVOC","Gg","0"
"BG","2010","N14 A_PublicPower","NMVOC","Gg","0.06459563"
"BG","2010","N14 B_Industry","NMVOC","Gg","3.0790539488"
"BG","2010","N14 C_OtherStatComb","NMVOC","Gg","21.742524719"
"BG","2010","N14 D_Fugitive","NMVOC","Gg","11.426531766"
"BG","2010","N14 E_Solvents","NMVOC","Gg","17.1930922396"
"BG","2010","N14 F_RoadTransport","NMVOC","Gg","14.3149415700632"
"BG","2010","N14 G_Shipping","NMVOC","Gg","0.27752905924"
"BG","2010","N14 H_Aviation","NMVOC","Gg","0.0149006"
"BG","2010","N14 I_Offroad","NMVOC","Gg","0.586992"
"BG","2010","N14 J_Waste","NMVOC","Gg","4.80422658968"
"BG","2010","N14 K_AgriLivestock","NMVOC","Gg","9.906811608"
"BG","2010","N14 L_AgriOther","NMVOC","Gg","3.0926556643946"
"BG","2010","N14 M_Other","NMVOC","Gg","0"
"BG","2010","N14 O_AviCruise","NMVOC","Gg","0.083"
"BG","2010","N14 P_IntShipping","NMVOC","Gg","0"
"EU12","2012","N14 A_PublicPower","NMVOC","Gg","24.9099060523621"
"EU12","2012","N14 B_Industry","NMVOC","Gg","445.351496994503"
"EU12","2012","N14 C_OtherStatComb","NMVOC","Gg","557.331858125244"
"EU12","2012","N14 D_Fugitive","NMVOC","Gg","408.613147675315"
"EU12","2012","N14 E_Solvents","NMVOC","Gg","2147.16305686996"
"EU12","2012","N14 F_RoadTransport","NMVOC","Gg","505.157104422791"
"EU12","2012","N14 G_Shipping","NMVOC","Gg","40.8681133825523"
"EU12","2012","N14 H_Aviation","NMVOC","Gg","6.50727957746077"
"EU12","2012","N14 I_Offroad","NMVOC","Gg","127.471514941389"
"EU12","2012","N14 J_Waste","NMVOC","Gg","42.5615609775316"
"EU12","2012","N14 K_AgriLivestock","NMVOC","Gg","607.602830461616"
"EU12","2012","N14 L_AgriOther","NMVOC","Gg","164.610302415035"
"EU12","2012","N14 M_Other","NMVOC","Gg","1.938239584834"
"EU12","2012","N14 O_AviCruise","NMVOC","Gg","9.77531277727522"
"EU12","2012","N14 P_IntShipping","NMVOC","Gg","49.9173174326252"
"EU12","2012","N14 N_Natural","NMVOC","Gg","2171.65641429943"
"EU12","2012","N14 z_Memo","NMVOC","Gg","1474.42172005109"
"RO","2009","N14 A_PublicPower","NMVOC","Gg","0.75870897"
"RO","2009","N14 B_Industry","NMVOC","Gg","27.788731384651"
"RO","2009","N14 C_OtherStatComb","NMVOC","Gg","84.32522594"
"RO","2009","N14 D_Fugitive","NMVOC","Gg","16.99168809218"
"RO","2009","N14 E_Solvents","NMVOC","Gg","47.06754653356"
"RO","2009","N14 F_RoadTransport","NMVOC","Gg","33.4003712759959"
"RO","2009","N14 G_Shipping","NMVOC","Gg","0.1512"
"RO","2009","N14 H_Aviation","NMVOC","Gg","0.04478091"
"RO","2009","N14 I_Offroad","NMVOC","Gg","13.2473738489146"
"RO","2009","N14 J_Waste","NMVOC","Gg","1.781887885"
"RO","2009","N14 K_AgriLivestock","NMVOC","Gg","35.9690816565459"
"RO","2009","N14 L_AgriOther","NMVOC","Gg","5.45657698301649"
"RO","2009","N14 M_Other","NMVOC","Gg","0"
"RO","2009","N14 O_AviCruise","NMVOC","Gg","0.08826684"
"RO","2009","N14 P_IntShipping","NMVOC","Gg","0.0162"
"MD","2014","N14 A_PublicPower","NMVOC","Gg","0.1729312752"
"MD","2014","N14 B_Industry","NMVOC","Gg","5.2577486228584"
"MD","2014","N14 C_OtherStatComb","NMVOC","Gg","7.8330423704843"
"MD","2014","N14 D_Fugitive","NMVOC","Gg","0"
"MD","2014","N14 E_Solvents","NMVOC","Gg","22.57518"
"MD","2014","N14 F_RoadTransport","NMVOC","Gg","2.60660648872"
"MD","2014","N14 G_Shipping","NMVOC","Gg","0.000308"
"MD","2014","N14 H_Aviation","NMVOC","Gg","9.12e-05"
"MD","2014","N14 K_AgriLivestock","NMVOC","Gg","8.365112159816"
"MD","2014","N14 L_AgriOther","NMVOC","Gg","1.429492704565"
"CY","2017","N14 A_PublicPower","NMVOC","Gg","0.0761662178245165"
"CY","2017","N14 B_Industry","NMVOC","Gg","0.248766582010817"
"CY","2017","N14 C_OtherStatComb","NMVOC","Gg","0.0806434519606"
"CY","2017","N14 D_Fugitive","NMVOC","Gg","0.589194350510744"
"CY","2017","N14 E_Solvents","NMVOC","Gg","7.1605590945348"
"CY","2017","N14 F_RoadTransport","NMVOC","Gg","2.45391635392466"
"CY","2017","N14 G_Shipping","NMVOC","Gg","0.0100872936109519"
"CY","2017","N14 H_Aviation","NMVOC","Gg","0.0310430356392151"
"CY","2017","N14 I_Offroad","NMVOC","Gg","0.0399731525992772"
"CY","2017","N14 J_Waste","NMVOC","Gg","0.647718448030161"
"CY","2017","N14 K_AgriLivestock","NMVOC","Gg","0.964895287499733"
"CY","2017","N14 L_AgriOther","NMVOC","Gg","0.01799135"
"CY","2017","N14 M_Other","NMVOC","Gg","0"
"CY","2017","N14 O_AviCruise","NMVOC","Gg","0.088261917812386"
"CY","2017","N14 P_IntShipping","NMVOC","Gg","0.0390501133900049"
"CY","2017","N14 N_Natural","NMVOC","Gg","0"
"CY","2017","N14 z_Memo","NMVOC","Gg","2.49504668317483"
"MD","2003","N14 A_PublicPower","NMVOC","Gg","0.140682774"
"MD","2003","N14 B_Industry","NMVOC","Gg","3.97649172"
"MD","2003","N14 C_OtherStatComb","NMVOC","Gg","3.28699928535"
"MD","2003","N14 D_Fugitive","NMVOC","Gg","0"
"MD","2003","N14 E_Solvents","NMVOC","Gg","11.38452"
"MD","2003","N14 F_RoadTransport","NMVOC","Gg","2.67279694023"
"MD","2003","N14 G_Shipping","NMVOC","Gg","0.0003304"
"MD","2003","N14 H_Aviation","NMVOC","Gg","0.004066"
"MD","2003","N14 K_AgriLivestock","NMVOC","Gg","11.6270992237"
"MD","2003","N14 L_AgriOther","NMVOC","Gg","1.3700660281493"
"BG","1995","N14 A_PublicPower","NMVOC","Gg","0.053740012"
"BG","1995","N14 B_Industry","NMVOC","Gg","13.942552687"
"BG","1995","N14 C_OtherStatComb","NMVOC","Gg","13.573933183"
"BG","1995","N14 D_Fugitive","NMVOC","Gg","20.83152693"
"BG","1995","N14 E_Solvents","NMVOC","Gg","30.08689938"
"BG","1995","N14 F_RoadTransport","NMVOC","Gg","44.0744099774345"
"BG","1995","N14 G_Shipping","NMVOC","Gg","0.7599"
"BG","1995","N14 H_Aviation","NMVOC","Gg","0.0205174"
"BG","1995","N14 I_Offroad","NMVOC","Gg","1.72438501400726"
"BG","1995","N14 J_Waste","NMVOC","Gg","9.60036530871096"
"BG","1995","N14 K_AgriLivestock","NMVOC","Gg","13.9425326896399"
"BG","1995","N14 L_AgriOther","NMVOC","Gg","3.20074152019625"
"BG","1995","N14 M_Other","NMVOC","Gg","0"
"BG","1995","N14 O_AviCruise","NMVOC","Gg","0.150114285714286"
"BG","1995","N14 P_IntShipping","NMVOC","Gg","0"
"FI","1988","N14 A_PublicPower","NMVOC","Gg","0"
"FI","1988","N14 B_Industry","NMVOC","Gg","31.2"
"FI","1988","N14 C_OtherStatComb","NMVOC","Gg","27.4"
"FI","1988","N14 D_Fugitive","NMVOC","Gg","7.7634"
"FI","1988","N14 E_Solvents","NMVOC","Gg","54.1"
"FI","1988","N14 F_RoadTransport","NMVOC","Gg","64.7077109046669"
"FI","1988","N14 G_Shipping","NMVOC","Gg","9.639"
"FI","1988","N14 H_Aviation","NMVOC","Gg","0.0875113932986144"
"FI","1988","N14 I_Offroad","NMVOC","Gg","19.1003386430873"
"FI","1988","N14 J_Waste","NMVOC","Gg","0.2"
"FI","1988","N14 K_AgriLivestock","NMVOC","Gg","14.577174925812"
"FI","1988","N14 L_AgriOther","NMVOC","Gg","4.48837147807802"
"FI","1988","N14 M_Other","NMVOC","Gg","7.592"
"FI","1988","N14 O_AviCruise","NMVOC","Gg","0.140945693001886"
"FI","1988","N14 P_IntShipping","NMVOC","Gg","0"
"FI","1988","N14 N_Natural","NMVOC","Gg","0"
"FI","1988","N14 z_Memo","NMVOC","Gg","0"
"CH","2008","N14 A_PublicPower","NMVOC","Gg","0.193141330072"
"CH","2008","N14 B_Industry","NMVOC","Gg","7.32103098624449"
"CH","2008","N14 C_OtherStatComb","NMVOC","Gg","4.25737729704797"
"CH","2008","N14 D_Fugitive","NMVOC","Gg","5.05221792853411"
"CH","2008","N14 E_Solvents","NMVOC","Gg","40.7991099271438"
"CH","2008","N14 F_RoadTransport","NMVOC","Gg","16.3850310450228"
"CH","2008","N14 G_Shipping","NMVOC","Gg","0.533775952475626"
"CH","2008","N14 H_Aviation","NMVOC","Gg","0.272853248775204"
"CH","2008","N14 I_Offroad","NMVOC","Gg","4.50342732674323"
"CH","2008","N14 J_Waste","NMVOC","Gg","0.896369728287695"
"CH","2008","N14 K_AgriLivestock","NMVOC","Gg","18.0873209874325"
"CH","2008","N14 L_AgriOther","NMVOC","Gg","0.4672683324416"
"CH","2008","N14 M_Other","NMVOC","Gg","0.175031682827274"
"CH","2008","N14 O_AviCruise","NMVOC","Gg","0.491969083545444"
"CH","2008","N14 P_IntShipping","NMVOC","Gg","0.143104287197018"
"CH","2008","N14 N_Natural","NMVOC","Gg","61.3360170261417"
"CH","2008","N14 z_Memo","NMVOC","Gg","15.1707525556165"
"EE","2005","N14 A_PublicPower","NMVOC","Gg","0.86"
"EE","2005","N14 B_Industry","NMVOC","Gg","3.36468549"
"EE","2005","N14 C_OtherStatComb","NMVOC","Gg","4.405163"
"EE","2005","N14 D_Fugitive","NMVOC","Gg","4.284"
"EE","2005","N14 E_Solvents","NMVOC","Gg","7.855209"
"EE","2005","N14 F_RoadTransport","NMVOC","Gg","5.257585"
"EE","2005","N14 G_Shipping","NMVOC","Gg","0.0596"
"EE","2005","N14 H_Aviation","NMVOC","Gg","0.014918"
"EE","2005","N14 I_Offroad","NMVOC","Gg","1.020125"
"EE","2005","N14 J_Waste","NMVOC","Gg","0.824457"
"EE","2005","N14 K_AgriLivestock","NMVOC","Gg","3.909627"
"EE","2005","N14 L_AgriOther","NMVOC","Gg","0.457795"
"EE","2005","N14 M_Other","NMVOC","Gg","0"
"EE","2005","N14 O_AviCruise","NMVOC","Gg","0.018455"
"EE","2005","N14 P_IntShipping","NMVOC","Gg","0.344543"
"EE","2005","N14 N_Natural","NMVOC","Gg","38.37408"
"EE","2005","N14 z_Memo","NMVOC","Gg","0"
"NL","2006","N14 A_PublicPower","NMVOC","Gg","0.898761597"
"NL","2006","N14 B_Industry","NMVOC","Gg","27.086830201"
"NL","2006","N14 C_OtherStatComb","NMVOC","Gg","13.730538407"
"NL","2006","N14 D_Fugitive","NMVOC","Gg","18.11659218"
"NL","2006","N14 E_Solvents","NMVOC","Gg","79.641195088"
"NL","2006","N14 F_RoadTransport","NMVOC","Gg","39.820960205"
"NL","2006","N14 G_Shipping","NMVOC","Gg","1.390222227"
"NL","2006","N14 H_Aviation","NMVOC","Gg","0.282647376"
"NL","2006","N14 I_Offroad","NMVOC","Gg","9.907892071"
"NL","2006","N14 J_Waste","NMVOC","Gg","1.702982414"
"NL","2006","N14 K_AgriLivestock","NMVOC","Gg","42.257958922"
"NL","2006","N14 L_AgriOther","NMVOC","Gg","24.649998314"
"NL","2006","N14 M_Other","NMVOC","Gg","0.409569864"
"NL","2006","N14 O_AviCruise","NMVOC","Gg","0"
"NL","2006","N14 P_IntShipping","NMVOC","Gg","3.904630462"
"NL","2006","N14 N_Natural","NMVOC","Gg","0"
"NL","2006","N14 z_Memo","NMVOC","Gg","38.343903291"
"SI","1985","N14 A_PublicPower","NMVOC","Gg","0"
"SI","1985","N14 B_Industry","NMVOC","Gg","0"
"SI","1985","N14 C_OtherStatComb","NMVOC","Gg","0"
"SI","1985","N14 D_Fugitive","NMVOC","Gg","0"
"SI","1985","N14 E_Solvents","NMVOC","Gg","0"
"SI","1985","N14 F_RoadTransport","NMVOC","Gg","0"
"SI","1985","N14 G_Shipping","NMVOC","Gg","0"
"SI","1985","N14 H_Aviation","NMVOC","Gg","0"
"SI","1985","N14 I_Offroad","NMVOC","Gg","0"
"SI","1985","N14 J_Waste","NMVOC","Gg","0"
"SI","1985","N14 K_AgriLivestock","NMVOC","Gg","0"
"SI","1985","N14 L_AgriOther","NMVOC","Gg","0"
"SI","1985","N14 M_Other","NMVOC","Gg","0"
"SI","1985","N14 O_AviCruise","NMVOC","Gg","0"
"SI","1985","N14 P_IntShipping","NMVOC","Gg","0"
"SI","1985","N14 N_Natural","NMVOC","Gg","0"
"SI","1985","N14 z_Memo","NMVOC","Gg","0"
"BG","2011","N14 A_PublicPower","NMVOC","Gg","0.072014663"
"BG","2011","N14 B_Industry","NMVOC","Gg","3.3970072146"
"BG","2011","N14 C_OtherStatComb","NMVOC","Gg","23.601360275"
"BG","2011","N14 D_Fugitive","NMVOC","Gg","13.096044749"
"BG","2011","N14 E_Solvents","NMVOC","Gg","15.6381372796"
"BG","2011","N14 F_RoadTransport","NMVOC","Gg","13.6674945293186"
"BG","2011","N14 G_Shipping","NMVOC","Gg","0.21832435118"
"BG","2011","N14 H_Aviation","NMVOC","Gg","0.0196487"
"BG","2011","N14 I_Offroad","NMVOC","Gg","0.613127"
"BG","2011","N14 J_Waste","NMVOC","Gg","4.1305710945"
"BG","2011","N14 K_AgriLivestock","NMVOC","Gg","9.570012564"
"BG","2011","N14 L_AgriOther","NMVOC","Gg","3.078077230202"
"BG","2011","N14 M_Other","NMVOC","Gg","0"
"BG","2011","N14 O_AviCruise","NMVOC","Gg","0.0846"
"BG","2011","N14 P_IntShipping","NMVOC","Gg","0"
"EU09","2007","N14 A_PublicPower","NMVOC","Gg","23.0052085831562"
"EU09","2007","N14 B_Industry","NMVOC","Gg","381.668644789095"
"EU09","2007","N14 C_OtherStatComb","NMVOC","Gg","524.287599951797"
"EU09","2007","N14 D_Fugitive","NMVOC","Gg","501.298356627108"
"EU09","2007","N14 E_Solvents","NMVOC","Gg","2189.57222423709"
"EU09","2007","N14 F_RoadTransport","NMVOC","Gg","809.121208325442"
"EU09","2007","N14 G_Shipping","NMVOC","Gg","68.4977223810361"
"EU09","2007","N14 H_Aviation","NMVOC","Gg","6.50859240093503"
"EU09","2007","N14 I_Offroad","NMVOC","Gg","179.599592996023"
"EU09","2007","N14 J_Waste","NMVOC","Gg","41.1379927052034"
"EU09","2007","N14 K_AgriLivestock","NMVOC","Gg","536.924341547043"
"EU09","2007","N14 L_AgriOther","NMVOC","Gg","76.8574087485083"
"EU09","2007","N14 M_Other","NMVOC","Gg","1.858152057546"
"EU09","2007","N14 O_AviCruise","NMVOC","Gg","8.102221029627"
"EU09","2007","N14 P_IntShipping","NMVOC","Gg","33.3284340120537"
"EU09","2007","N14 N_Natural","NMVOC","Gg","1607.37268622301"
"EU09","2007","N14 z_Memo","NMVOC","Gg","1386.25848691216"
"CA","1995","N14 A_PublicPower","NMVOC","Gg","3.40664298809698"
"CA","1995","N14 B_Industry","NMVOC","Gg","286.167829037235"
"CA","1995","N14 C_OtherStatComb","NMVOC","Gg","345.054705456693"
"CA","1995","N14 D_Fugitive","NMVOC","Gg","674.085002405073"
"CA","1995","N14 E_Solvents","NMVOC","Gg","381.402761909875"
"CA","1995","N14 F_RoadTransport","NMVOC","Gg","383.35586524805"
"CA","1995","N14 G_Shipping","NMVOC","Gg","6.53094897753312"
"CA","1995","N14 H_Aviation","NMVOC","Gg","1.94542145950382"
"CA","1995","N14 I_Offroad","NMVOC","Gg","830.157565793174"
"CA","1995","N14 J_Waste","NMVOC","Gg","15.6441429218809"
"CA","1995","N14 K_AgriLivestock","NMVOC","Gg","111.401739527959"
"CA","1995","N14 L_AgriOther","NMVOC","Gg","2.24302736014327"
"CA","1995","N14 M_Other","NMVOC","Gg","39.940819264329"
"CA","1995","N14 O_AviCruise","NMVOC","Gg","2.62757368185188"
"CA","1995","N14 P_IntShipping","NMVOC","Gg","0"
"CA","1995","N14 N_Natural","NMVOC","Gg","0"
"CA","1995","N14 z_Memo","NMVOC","Gg","0"
"EE","2013","N14 A_PublicPower","NMVOC","Gg","0.599985"
"EE","2013","N14 B_Industry","NMVOC","Gg","2.459367"
"EE","2013","N14 C_OtherStatComb","NMVOC","Gg","3.91325"
"EE","2013","N14 D_Fugitive","NMVOC","Gg","1.470916"
"EE","2013","N14 E_Solvents","NMVOC","Gg","5.935592"
"EE","2013","N14 F_RoadTransport","NMVOC","Gg","2.200589"
"EE","2013","N14 G_Shipping","NMVOC","Gg","0.032922"
"EE","2013","N14 H_Aviation","NMVOC","Gg","0.013439"
"EE","2013","N14 I_Offroad","NMVOC","Gg","0.934202"
"EE","2013","N14 J_Waste","NMVOC","Gg","0.206502"
"EE","2013","N14 K_AgriLivestock","NMVOC","Gg","4.195"
"EE","2013","N14 L_AgriOther","NMVOC","Gg","0.409896"
"EE","2013","N14 M_Other","NMVOC","Gg","0"
"EE","2013","N14 O_AviCruise","NMVOC","Gg","0.019761"
"EE","2013","N14 P_IntShipping","NMVOC","Gg","1.181957"
"EE","2013","N14 N_Natural","NMVOC","Gg","38.56475"
"EE","2013","N14 z_Memo","NMVOC","Gg","0"
"HU","1994","N14 A_PublicPower","NMVOC","Gg","0.467211956591972"
"HU","1994","N14 B_Industry","NMVOC","Gg","14.6423266138449"
"HU","1994","N14 C_OtherStatComb","NMVOC","Gg","23.7297486374955"
"HU","1994","N14 D_Fugitive","NMVOC","Gg","6.75612021856403"
"HU","1994","N14 E_Solvents","NMVOC","Gg","51.6941504365696"
"HU","1994","N14 F_RoadTransport","NMVOC","Gg","83.3702969651278"
"HU","1994","N14 G_Shipping","NMVOC","Gg","0.3826"
"HU","1994","N14 H_Aviation","NMVOC","Gg","0.00318219563939903"
"HU","1994","N14 I_Offroad","NMVOC","Gg","3.56730284585379"
"HU","1994","N14 J_Waste","NMVOC","Gg","1.9661005004299"
"HU","1994","N14 K_AgriLivestock","NMVOC","Gg","25.492207972887"
"HU","1994","N14 L_AgriOther","NMVOC","Gg","3.64451587681952"
"HU","1994","N14 M_Other","NMVOC","Gg","0"
"HU","1994","N14 O_AviCruise","NMVOC","Gg","0"
"HU","1994","N14 P_IntShipping","NMVOC","Gg","0"
"HU","1994","N14 N_Natural","NMVOC","Gg","0"
"HU","1994","N14 z_Memo","NMVOC","Gg","0"
"TR","2008","N14 A_PublicPower","NMVOC","Gg","2.36815929071347"
"TR","2008","N14 B_Industry","NMVOC","Gg","106.653292150102"
"TR","2008","N14 C_OtherStatComb","NMVOC","Gg","250.860024347481"
"TR","2008","N14 D_Fugitive","NMVOC","Gg","0"
"TR","2008","N14 E_Solvents","NMVOC","Gg","229.573766871353"
"TR","2008","N14 F_RoadTransport","NMVOC","Gg","50.9623383301163"
"TR","2008","N14 G_Shipping","NMVOC","Gg","1.29855986098978"
"TR","2008","N14 H_Aviation","NMVOC","Gg","3.05763692306617"
"TR","2008","N14 I_Offroad","NMVOC","Gg","0.668928627822497"
"TR","2008","N14 J_Waste","NMVOC","Gg","37.462984415"
"TR","2008","N14 K_AgriLivestock","NMVOC","Gg","152.20361024442"
"TR","2008","N14 L_AgriOther","NMVOC","Gg","166.77633862643"
"TR","2008","N14 O_AviCruise","NMVOC","Gg","0.839713362449881"
"TR","2008","N14 P_IntShipping","NMVOC","Gg","0"
"TR","2008","N14 N_Natural","NMVOC","Gg","0"
"GB","2012","N14 A_PublicPower","NMVOC","Gg","2.598112156451"
"GB","2012","N14 B_Industry","NMVOC","Gg","121.78439827475"
"GB","2012","N14 C_OtherStatComb","NMVOC","Gg","42.8367897081"
"GB","2012","N14 D_Fugitive","NMVOC","Gg","173.331849934884"
"GB","2012","N14 E_Solvents","NMVOC","Gg","310.092020086472"
"GB","2012","N14 F_RoadTransport","NMVOC","Gg","51.6675186174557"
"GB","2012","N14 G_Shipping","NMVOC","Gg","8.166913574272"
"GB","2012","N14 H_Aviation","NMVOC","Gg","1.734026382746"
"GB","2012","N14 I_Offroad","NMVOC","Gg","30.282601062052"
"GB","2012","N14 J_Waste","NMVOC","Gg","7.617087543562"
"GB","2012","N14 K_AgriLivestock","NMVOC","Gg","85.825587059639"
"GB","2012","N14 L_AgriOther","NMVOC","Gg","7.961716418136"
"GB","2012","N14 M_Other","NMVOC","Gg","1.528524020834"
"GB","2012","N14 O_AviCruise","NMVOC","Gg","1.602053557633"
"GB","2012","N14 P_IntShipping","NMVOC","Gg","8.608940212357"
"GB","2012","N14 N_Natural","NMVOC","Gg","91.83099490196"
"GB","2012","N14 z_Memo","NMVOC","Gg","49.327014826005"
"EU09","2014","N14 A_PublicPower","NMVOC","Gg","18.4242005309261"
"EU09","2014","N14 B_Industry","NMVOC","Gg","337.751105707463"
"EU09","2014","N14 C_OtherStatComb","NMVOC","Gg","434.084734695925"
"EU09","2014","N14 D_Fugitive","NMVOC","Gg","331.228378018292"
"EU09","2014","N14 E_Solvents","NMVOC","Gg","1725.82410995687"
"EU09","2014","N14 F_RoadTransport","NMVOC","Gg","397.16126837854"
"EU09","2014","N14 G_Shipping","NMVOC","Gg","38.2476306306084"
"EU09","2014","N14 H_Aviation","NMVOC","Gg","5.3857959182405"
"EU09","2014","N14 I_Offroad","NMVOC","Gg","103.889899450685"
"EU09","2014","N14 J_Waste","NMVOC","Gg","30.6904247972811"
"EU09","2014","N14 K_AgriLivestock","NMVOC","Gg","553.944630882327"
"EU09","2014","N14 L_AgriOther","NMVOC","Gg","76.6905942947547"
"EU09","2014","N14 M_Other","NMVOC","Gg","1.922695197885"
"EU09","2014","N14 O_AviCruise","NMVOC","Gg","7.94566685207113"
"EU09","2014","N14 P_IntShipping","NMVOC","Gg","26.0213393337943"
"EU09","2014","N14 N_Natural","NMVOC","Gg","1624.42891065278"
"EU09","2014","N14 z_Memo","NMVOC","Gg","1512.63191509104"
"GR","2000","N14 A_PublicPower","NMVOC","Gg","1.76690803332349"
"GR","2000","N14 B_Industry","NMVOC","Gg","19.9405745078118"
"GR","2000","N14 C_OtherStatComb","NMVOC","Gg","9.8101731233"
"GR","2000","N14 D_Fugitive","NMVOC","Gg","19.5813525"
"GR","2000","N14 E_Solvents","NMVOC","Gg","106.528819658159"
"GR","2000","N14 F_RoadTransport","NMVOC","Gg","125.695713478921"
"GR","2000","N14 G_Shipping","NMVOC","Gg","1.3736"
"GR","2000","N14 H_Aviation","NMVOC","Gg","0.0124482525217313"
"GR","2000","N14 I_Offroad","NMVOC","Gg","9.7599314"
"GR","2000","N14 J_Waste","NMVOC","Gg","3.86354729871136"
"GR","2000","N14 K_AgriLivestock","NMVOC","Gg","15.043284849734"
"GR","2000","N14 L_AgriOther","NMVOC","Gg","3.553794104855"
"GR","2000","N14 M_Other","NMVOC","Gg","0"
"GR","2000","N14 O_AviCruise","NMVOC","Gg","0.0196717988637113"
"GR","2000","N14 P_IntShipping","NMVOC","Gg","9.9246"
"LU","1993","N14 A_PublicPower","NMVOC","Gg","0.0026517777557393"
"LU","1993","N14 B_Industry","NMVOC","Gg","0.758112054243143"
"LU","1993","N14 C_OtherStatComb","NMVOC","Gg","0.604291502757581"
"LU","1993","N14 D_Fugitive","NMVOC","Gg","0.738563773747519"
"LU","1993","N14 E_Solvents","NMVOC","Gg","5.00993129815353"
"LU","1993","N14 F_RoadTransport","NMVOC","Gg","12.6035601462994"
"LU","1993","N14 G_Shipping","NMVOC","Gg","0.0278649979170966"
"LU","1993","N14 H_Aviation","NMVOC","Gg","0.0161266903448276"
"LU","1993","N14 I_Offroad","NMVOC","Gg","0.529065825804658"
"LU","1993","N14 J_Waste","NMVOC","Gg","0.0326215087165888"
"LU","1993","N14 K_AgriLivestock","NMVOC","Gg","3.11335221976993"
"LU","1993","N14 L_AgriOther","NMVOC","Gg","0.1094049"
"LU","1993","N14 M_Other","NMVOC","Gg","0"
"LU","1993","N14 O_AviCruise","NMVOC","Gg","0.0241515787516171"
"LU","1993","N14 P_IntShipping","NMVOC","Gg","0"
"LU","1993","N14 N_Natural","NMVOC","Gg","0"
"LU","1993","N14 z_Memo","NMVOC","Gg","4.68308161404505"
"MD","1995","N14 A_PublicPower","NMVOC","Gg","0.1989482224"
"MD","1995","N14 B_Industry","NMVOC","Gg","7.7408498516"
"MD","1995","N14 C_OtherStatComb","NMVOC","Gg","2.63765419665"
"MD","1995","N14 D_Fugitive","NMVOC","Gg","0"
"MD","1995","N14 E_Solvents","NMVOC","Gg","11.66945"
"MD","1995","N14 F_RoadTransport","NMVOC","Gg","2.37709915642659"
"MD","1995","N14 G_Shipping","NMVOC","Gg","0.0001596"
"MD","1995","N14 H_Aviation","NMVOC","Gg","0"
"MD","1995","N14 K_AgriLivestock","NMVOC","Gg","15.90844699"
"MD","1995","N14 L_AgriOther","NMVOC","Gg","1.396438564655"
"CH","1985","N14 A_PublicPower","NMVOC","Gg","0.558914020062384"
"CH","1985","N14 B_Industry","NMVOC","Gg","7.77135559067677"
"CH","1985","N14 C_OtherStatComb","NMVOC","Gg","9.1222790045513"
"CH","1985","N14 D_Fugitive","NMVOC","Gg","14.2476728898265"
"CH","1985","N14 E_Solvents","NMVOC","Gg","142.003408525"
"CH","1985","N14 F_RoadTransport","NMVOC","Gg","114.539989880499"
"CH","1985","N14 G_Shipping","NMVOC","Gg","1.61977984321435"
"CH","1985","N14 H_Aviation","NMVOC","Gg","0.234642877526076"
"CH","1985","N14 I_Offroad","NMVOC","Gg","6.86972786448277"
"CH","1985","N14 J_Waste","NMVOC","Gg","1.64048187727143"
"CH","1985","N14 K_AgriLivestock","NMVOC","Gg","19.6532324021794"
"CH","1985","N14 L_AgriOther","NMVOC","Gg","2.1260282658"
"CH","1985","N14 M_Other","NMVOC","Gg","0.12882"
"CH","1985","N14 O_AviCruise","NMVOC","Gg","0.484995486687383"
"CH","1985","N14 P_IntShipping","NMVOC","Gg","0.359406054017512"
"CH","1985","N14 N_Natural","NMVOC","Gg","0.75737275"
"CH","1985","N14 z_Memo","NMVOC","Gg","116.466680291236"
"IT","1991","N14 A_PublicPower","NMVOC","Gg","3.54123476952962"
"IT","1991","N14 B_Industry","NMVOC","Gg","75.336162607746"
"IT","1991","N14 C_OtherStatComb","NMVOC","Gg","118.025837240368"
"IT","1991","N14 D_Fugitive","NMVOC","Gg","128.146399611845"
"IT","1991","N14 E_Solvents","NMVOC","Gg","627.087514202696"
"IT","1991","N14 F_RoadTransport","NMVOC","Gg","817.820253042224"
"IT","1991","N14 G_Shipping","NMVOC","Gg","46.8489914524085"
"IT","1991","N14 H_Aviation","NMVOC","Gg","0.308070423614089"
"IT","1991","N14 I_Offroad","NMVOC","Gg","81.0765968483278"
"IT","1991","N14 J_Waste","NMVOC","Gg","12.080593406807"
"IT","1991","N14 K_AgriLivestock","NMVOC","Gg","124.041424168594"
"IT","1991","N14 L_AgriOther","NMVOC","Gg","31.3454921855198"
"IT","1991","N14 M_Other","NMVOC","Gg","0"
"IT","1991","N14 O_AviCruise","NMVOC","Gg","0.385953318717345"
"IT","1991","N14 P_IntShipping","NMVOC","Gg","2.72625759888224"
"IT","1991","N14 N_Natural","NMVOC","Gg","1132.8819860287"
"IT","1991","N14 z_Memo","NMVOC","Gg","0"
"NL","1992","N14 A_PublicPower","NMVOC","Gg","0.850888123"
"NL","1992","N14 B_Industry","NMVOC","Gg","65.932375284"
"NL","1992","N14 C_OtherStatComb","NMVOC","Gg","14.672556825"
"NL","1992","N14 D_Fugitive","NMVOC","Gg","41.829867158"
"NL","1992","N14 E_Solvents","NMVOC","Gg","146.406981071"
"NL","1992","N14 F_RoadTransport","NMVOC","Gg","150.078866334"
"NL","1992","N14 G_Shipping","NMVOC","Gg","1.935051719"
"NL","1992","N14 H_Aviation","NMVOC","Gg","0.374134508"
"NL","1992","N14 I_Offroad","NMVOC","Gg","12.466826887"
"NL","1992","N14 J_Waste","NMVOC","Gg","2.377064275"
"NL","1992","N14 K_AgriLivestock","NMVOC","Gg","41.18018889"
"NL","1992","N14 L_AgriOther","NMVOC","Gg","43.147712955"
"NL","1992","N14 M_Other","NMVOC","Gg","0.412479208"
"NL","1992","N14 O_AviCruise","NMVOC","Gg","0"
"NL","1992","N14 P_IntShipping","NMVOC","Gg","2.622772876"
"NL","1992","N14 N_Natural","NMVOC","Gg","0"
"NL","1992","N14 z_Memo","NMVOC","Gg","147.338854264"
"LT","2013","N14 A_PublicPower","NMVOC","Gg","0.311610421260844"
"LT","2013","N14 B_Industry","NMVOC","Gg","6.47875553791672"
"LT","2013","N14 C_OtherStatComb","NMVOC","Gg","12.506736513"
"LT","2013","N14 D_Fugitive","NMVOC","Gg","2.79669284523147"
"LT","2013","N14 E_Solvents","NMVOC","Gg","7.96488900424256"
"LT","2013","N14 F_RoadTransport","NMVOC","Gg","4.66501572070492"
"LT","2013","N14 G_Shipping","NMVOC","Gg","0.0128044797013532"
"LT","2013","N14 H_Aviation","NMVOC","Gg","0.0091173"
"LT","2013","N14 I_Offroad","NMVOC","Gg","0.679701433071033"
"LT","2013","N14 J_Waste","NMVOC","Gg","1.4336821078"
"LT","2013","N14 K_AgriLivestock","NMVOC","Gg","11.3126807789137"
"LT","2013","N14 L_AgriOther","NMVOC","Gg","2.00348672"
"LT","2013","N14 M_Other","NMVOC","Gg","0"
"LT","2013","N14 P_IntShipping","NMVOC","Gg","0.244"
"LT","2013","N14 N_Natural","NMVOC","Gg","0.03017"
"CZ","2015","N14 A_PublicPower","NMVOC","Gg","4.545548378"
"CZ","2015","N14 B_Industry","NMVOC","Gg","5.082570815"
"CZ","2015","N14 C_OtherStatComb","NMVOC","Gg","100.389617854063"
"CZ","2015","N14 D_Fugitive","NMVOC","Gg","8.1420168"
"CZ","2015","N14 E_Solvents","NMVOC","Gg","70.2612350222412"
"CZ","2015","N14 F_RoadTransport","NMVOC","Gg","14.7442243670922"
"CZ","2015","N14 G_Shipping","NMVOC","Gg","0.014054634"
"CZ","2015","N14 H_Aviation","NMVOC","Gg","0.0762532500000001"
"CZ","2015","N14 I_Offroad","NMVOC","Gg","3.27120112548978"
"CZ","2015","N14 J_Waste","NMVOC","Gg","5.08955357503764"
"CZ","2015","N14 K_AgriLivestock","NMVOC","Gg","0"
"CZ","2015","N14 L_AgriOther","NMVOC","Gg","0"
"CZ","2015","N14 M_Other","NMVOC","Gg","0"
"CZ","2015","N14 O_AviCruise","NMVOC","Gg","0.458114250000001"
"CZ","2015","N14 P_IntShipping","NMVOC","Gg","0"
"CZ","2015","N14 N_Natural","NMVOC","Gg","0.172"
"CZ","2015","N14 z_Memo","NMVOC","Gg","15.2365666030922"
"KZ","2014","N14 A_PublicPower","NMVOC","Gg","5.68011766175"
"KZ","2014","N14 B_Industry","NMVOC","Gg","13.2042721634271"
"KZ","2014","N14 C_OtherStatComb","NMVOC","Gg","88.7612591153046"
"KZ","2014","N14 D_Fugitive","NMVOC","Gg","0"
"KZ","2014","N14 E_Solvents","NMVOC","Gg","35.801758689486"
"KZ","2014","N14 F_RoadTransport","NMVOC","Gg","63.1038226623155"
"KZ","2014","N14 G_Shipping","NMVOC","Gg","0.0346138089370928"
"KZ","2014","N14 H_Aviation","NMVOC","Gg","0.03396"
"KZ","2014","N14 I_Offroad","NMVOC","Gg","1.42859349937674"
"KZ","2014","N14 J_Waste","NMVOC","Gg","5.4751698"
"KZ","2014","N14 K_AgriLivestock","NMVOC","Gg","80.450571"
"KZ","2014","N14 L_AgriOther","NMVOC","Gg","18.270356"
"KZ","2014","N14 M_Other","NMVOC","Gg","0"
"KZ","2014","N14 N_Natural","NMVOC","Gg","10.4936"
"DK","2011","N14 A_PublicPower","NMVOC","Gg","1.98650535426949"
"DK","2011","N14 B_Industry","NMVOC","Gg","4.23394711823681"
"DK","2011","N14 C_OtherStatComb","NMVOC","Gg","15.5974187823041"
"DK","2011","N14 D_Fugitive","NMVOC","Gg","10.3773593869635"
"DK","2011","N14 E_Solvents","NMVOC","Gg","27.4811248280236"
"DK","2011","N14 F_RoadTransport","NMVOC","Gg","11.9872194509389"
"DK","2011","N14 G_Shipping","NMVOC","Gg","0.462337730014835"
"DK","2011","N14 H_Aviation","NMVOC","Gg","0.158068989735155"
"DK","2011","N14 I_Offroad","NMVOC","Gg","5.81286850283269"
"DK","2011","N14 J_Waste","NMVOC","Gg","0.565075989392728"
"DK","2011","N14 K_AgriLivestock","NMVOC","Gg","35.3064510740523"
"DK","2011","N14 L_AgriOther","NMVOC","Gg","1.51810749"
"DK","2011","N14 M_Other","NMVOC","Gg","0"
"DK","2011","N14 O_AviCruise","NMVOC","Gg","0.163010478814442"
"DK","2011","N14 P_IntShipping","NMVOC","Gg","1.6681172574267"
"DK","2011","N14 N_Natural","NMVOC","Gg","0"
"DK","2011","N14 z_Memo","NMVOC","Gg","0"
"CA","1999","N14 A_PublicPower","NMVOC","Gg","3.84634622825024"
"CA","1999","N14 B_Industry","NMVOC","Gg","283.609137624624"
"CA","1999","N14 C_OtherStatComb","NMVOC","Gg","327.946183456508"
"CA","1999","N14 D_Fugitive","NMVOC","Gg","663.378858976923"
"CA","1999","N14 E_Solvents","NMVOC","Gg","396.428122505754"
"CA","1999","N14 F_RoadTransport","NMVOC","Gg","375.892016282311"
"CA","1999","N14 G_Shipping","NMVOC","Gg","7.3562995598129"
"CA","1999","N14 H_Aviation","NMVOC","Gg","2.32620543064399"
"CA","1999","N14 I_Offroad","NMVOC","Gg","712.308792479729"
"CA","1999","N14 J_Waste","NMVOC","Gg","14.9882763727072"
"CA","1999","N14 K_AgriLivestock","NMVOC","Gg","115.865286745826"
"CA","1999","N14 L_AgriOther","NMVOC","Gg","2.53936278206521"
"CA","1999","N14 M_Other","NMVOC","Gg","8.68801587080166"
"CA","1999","N14 O_AviCruise","NMVOC","Gg","3.56318692051695"
"CA","1999","N14 P_IntShipping","NMVOC","Gg","0"
"CA","1999","N14 N_Natural","NMVOC","Gg","0"
"CA","1999","N14 z_Memo","NMVOC","Gg","0"
"MK","2010","N14 A_PublicPower","NMVOC","Gg","0.0741350555232842"
"MK","2010","N14 B_Industry","NMVOC","Gg","2.01889219843844"
"MK","2010","N14 C_OtherStatComb","NMVOC","Gg","11.4573310413326"
"MK","2010","N14 D_Fugitive","NMVOC","Gg","2.52093598338652"
"MK","2010","N14 E_Solvents","NMVOC","Gg","7.49252492046685"
"MK","2010","N14 F_RoadTransport","NMVOC","Gg","4.30862073529302"
"MK","2010","N14 G_Shipping","NMVOC","Gg","0.000310978505718671"
"MK","2010","N14 H_Aviation","NMVOC","Gg","0.0026024849285"
"MK","2010","N14 I_Offroad","NMVOC","Gg","0.740708508777409"
"MK","2010","N14 J_Waste","NMVOC","Gg","3.36139824102075"
"MK","2010","N14 K_AgriLivestock","NMVOC","Gg","3.278849173"
"MK","2010","N14 L_AgriOther","NMVOC","Gg","0.96406"
"MK","2010","N14 M_Other","NMVOC","Gg","0"
"MK","2010","N14 O_AviCruise","NMVOC","Gg","0.130481172717"
"MK","2010","N14 P_IntShipping","NMVOC","Gg","0"
"MK","2010","N14 N_Natural","NMVOC","Gg","1.4175"
"MK","2010","N14 z_Memo","NMVOC","Gg","0"
"PT","1996","N14 A_PublicPower","NMVOC","Gg","0.27940380375486"
"PT","1996","N14 B_Industry","NMVOC","Gg","21.2220301272567"
"PT","1996","N14 C_OtherStatComb","NMVOC","Gg","25.63427085969"
"PT","1996","N14 D_Fugitive","NMVOC","Gg","11.8687882762214"
"PT","1996","N14 E_Solvents","NMVOC","Gg","83.8228825598972"
"PT","1996","N14 F_RoadTransport","NMVOC","Gg","85.4247723227996"
"PT","1996","N14 G_Shipping","NMVOC","Gg","0.20820465476432"
"PT","1996","N14 H_Aviation","NMVOC","Gg","1.21555921739704"
"PT","1996","N14 I_Offroad","NMVOC","Gg","1.36440374668495"
"PT","1996","N14 J_Waste","NMVOC","Gg","1.78302006210229"
"PT","1996","N14 K_AgriLivestock","NMVOC","Gg","9.73810609321555"
"PT","1996","N14 L_AgriOther","NMVOC","Gg","7.78206672178695"
"PT","1996","N14 M_Other","NMVOC","Gg","0"
"PT","1996","N14 O_AviCruise","NMVOC","Gg","0.327027032792728"
"PT","1996","N14 P_IntShipping","NMVOC","Gg","1.03577424687812"
"PT","1996","N14 N_Natural","NMVOC","Gg","510.956028957919"
"PT","1996","N14 z_Memo","NMVOC","Gg","0"
"SK","2004","N14 A_PublicPower","NMVOC","Gg","0.169337639"
"SK","2004","N14 B_Industry","NMVOC","Gg","9.23916759993835"
"SK","2004","N14 C_OtherStatComb","NMVOC","Gg","44.7273272214377"
"SK","2004","N14 D_Fugitive","NMVOC","Gg","9.3864712496"
"SK","2004","N14 E_Solvents","NMVOC","Gg","54.9425947704798"
"SK","2004","N14 F_RoadTransport","NMVOC","Gg","18.9969548472143"
"SK","2004","N14 G_Shipping","NMVOC","Gg","0.00720940596270236"
"SK","2004","N14 H_Aviation","NMVOC","Gg","0.0011125993184923"
"SK","2004","N14 I_Offroad","NMVOC","Gg","0.989037638015247"
"SK","2004","N14 J_Waste","NMVOC","Gg","0.951851588653926"
"SK","2004","N14 K_AgriLivestock","NMVOC","Gg","5.98806664933598"
"SK","2004","N14 L_AgriOther","NMVOC","Gg","2.27726604913235"
"SK","2004","N14 M_Other","NMVOC","Gg","0"
"SK","2004","N14 O_AviCruise","NMVOC","Gg","0.0018623090267562"
"SK","2004","N14 P_IntShipping","NMVOC","Gg","0"
"SK","2004","N14 N_Natural","NMVOC","Gg","0.069435"
"SK","2004","N14 z_Memo","NMVOC","Gg","0"
"SI","2015","N14 A_PublicPower","NMVOC","Gg","0.12967953058517"
"SI","2015","N14 B_Industry","NMVOC","Gg","3.05256214404115"
"SI","2015","N14 C_OtherStatComb","NMVOC","Gg","7.10291398257344"
"SI","2015","N14 D_Fugitive","NMVOC","Gg","1.34373802940501"
"SI","2015","N14 E_Solvents","NMVOC","Gg","7.6409723366"
"SI","2015","N14 F_RoadTransport","NMVOC","Gg","2.5137872214184"
"SI","2015","N14 G_Shipping","NMVOC","Gg","0"
"SI","2015","N14 H_Aviation","NMVOC","Gg","0.05200935512"
"SI","2015","N14 I_Offroad","NMVOC","Gg","1.68729132883175"
"SI","2015","N14 J_Waste","NMVOC","Gg","0.4897118525945"
"SI","2015","N14 K_AgriLivestock","NMVOC","Gg","5.77292690355341"
"SI","2015","N14 L_AgriOther","NMVOC","Gg","0.0270246086346777"
"SI","2015","N14 M_Other","NMVOC","Gg","0"
"SI","2015","N14 O_AviCruise","NMVOC","Gg","0"
"SI","2015","N14 P_IntShipping","NMVOC","Gg","0.1755"
"SI","2015","N14 N_Natural","NMVOC","Gg","0"
"SI","2015","N14 z_Memo","NMVOC","Gg","0.000380656962"
"IS","1991","N14 A_PublicPower","NMVOC","Gg","0.00036723896"
"IS","1991","N14 B_Industry","NMVOC","Gg","0.398543499931981"
"IS","1991","N14 C_OtherStatComb","NMVOC","Gg","0.0053075501801031"
"IS","1991","N14 D_Fugitive","NMVOC","Gg","0.164189622893315"
"IS","1991","N14 E_Solvents","NMVOC","Gg","1.2380263320131"
"IS","1991","N14 F_RoadTransport","NMVOC","Gg","9.5952408003203"
"IS","1991","N14 G_Shipping","NMVOC","Gg","0.0477523"
"IS","1991","N14 H_Aviation","NMVOC","Gg","0.0806034681469303"
"IS","1991","N14 I_Offroad","NMVOC","Gg","0.743792991970578"
"IS","1991","N14 J_Waste","NMVOC","Gg","0.590860926768658"
"IS","1991","N14 K_AgriLivestock","NMVOC","Gg","1.97729218755667"
"IS","1991","N14 L_AgriOther","NMVOC","Gg","7.24662350511833e-08"
"IS","1991","N14 M_Other","NMVOC","Gg","0"
"IS","1991","N14 O_AviCruise","NMVOC","Gg","0.0959127068530697"
"IS","1991","N14 P_IntShipping","NMVOC","Gg","0.00645698802942179"
"IS","1991","N14 N_Natural","NMVOC","Gg","0"
"IS","1991","N14 z_Memo","NMVOC","Gg","0"
"IS","1995","N14 A_PublicPower","NMVOC","Gg","0.00045202868"
"IS","1995","N14 B_Industry","NMVOC","Gg","0.396834126496629"
"IS","1995","N14 C_OtherStatComb","NMVOC","Gg","0.0019587901784433"
"IS","1995","N14 D_Fugitive","NMVOC","Gg","0.198340814513896"
"IS","1995","N14 E_Solvents","NMVOC","Gg","1.248586995998"
"IS","1995","N14 F_RoadTransport","NMVOC","Gg","7.817239354"
"IS","1995","N14 G_Shipping","NMVOC","Gg","0.0325589"
"IS","1995","N14 H_Aviation","NMVOC","Gg","0.0837175143670276"
"IS","1995","N14 I_Offroad","NMVOC","Gg","0.961194772"
"IS","1995","N14 J_Waste","NMVOC","Gg","0.52540797744"
"IS","1995","N14 K_AgriLivestock","NMVOC","Gg","1.89836539633133"
"IS","1995","N14 L_AgriOther","NMVOC","Gg","6.67111195784899e-08"
"IS","1995","N14 M_Other","NMVOC","Gg","0"
"IS","1995","N14 O_AviCruise","NMVOC","Gg","0.101972070632972"
"IS","1995","N14 P_IntShipping","NMVOC","Gg","0.0029484"
"IS","1995","N14 N_Natural","NMVOC","Gg","0"
"IS","1995","N14 z_Memo","NMVOC","Gg","0"
"FR","2006","N14 A_PublicPower","NMVOC","Gg","0.757339793801495"
"FR","2006","N14 B_Industry","NMVOC","Gg","74.5988727168656"
"FR","2006","N14 C_OtherStatComb","NMVOC","Gg","224.295420632491"
"FR","2006","N14 D_Fugitive","NMVOC","Gg","43.5087553046089"
"FR","2006","N14 E_Solvents","NMVOC","Gg","447.885192972018"
"FR","2006","N14 F_RoadTransport","NMVOC","Gg","193.801647035982"
"FR","2006","N14 G_Shipping","NMVOC","Gg","18.844914752535"
"FR","2006","N14 H_Aviation","NMVOC","Gg","1.38830945832974"
"FR","2006","N14 I_Offroad","NMVOC","Gg","45.3284833891318"
"FR","2006","N14 J_Waste","NMVOC","Gg","12.7992480206683"
"FR","2006","N14 K_AgriLivestock","NMVOC","Gg","0"
"FR","2006","N14 L_AgriOther","NMVOC","Gg","2.05534610345629"
"FR","2006","N14 M_Other","NMVOC","Gg","0"
"FR","2006","N14 O_AviCruise","NMVOC","Gg","2.09195992450596"
"FR","2006","N14 P_IntShipping","NMVOC","Gg","7.82608682673664"
"FR","2006","N14 N_Natural","NMVOC","Gg","124.32629317335"
"FR","2006","N14 z_Memo","NMVOC","Gg","1680.17558154878"
"KG","2017","N14 A_PublicPower","NMVOC","Gg","0.0283346890813"
"KG","2017","N14 B_Industry","NMVOC","Gg","4.41055516870667"
"KG","2017","N14 C_OtherStatComb","NMVOC","Gg","8.05263283285304"
"KG","2017","N14 D_Fugitive","NMVOC","Gg","0"
"KG","2017","N14 E_Solvents","NMVOC","Gg","7.36859"
"KG","2017","N14 F_RoadTransport","NMVOC","Gg","50.3993212119564"
"KG","2017","N14 G_Shipping","NMVOC","Gg","0"
"KG","2017","N14 H_Aviation","NMVOC","Gg","0"
"KG","2017","N14 I_Offroad","NMVOC","Gg","1.39256524013308"
"KG","2017","N14 J_Waste","NMVOC","Gg","2.0044425"
"KG","2017","N14 K_AgriLivestock","NMVOC","Gg","13.6918222565"
"KG","2017","N14 L_AgriOther","NMVOC","Gg","0"
"KG","2017","N14 M_Other","NMVOC","Gg","0"
"CZ","2008","N14 A_PublicPower","NMVOC","Gg","5.886833166375"
"CZ","2008","N14 B_Industry","NMVOC","Gg","5.24277479559699"
"CZ","2008","N14 C_OtherStatComb","NMVOC","Gg","88.1250754974538"
"CZ","2008","N14 D_Fugitive","NMVOC","Gg","11.675936413"
"CZ","2008","N14 E_Solvents","NMVOC","Gg","89.375695767211"
"CZ","2008","N14 F_RoadTransport","NMVOC","Gg","30.3838403084003"
"CZ","2008","N14 G_Shipping","NMVOC","Gg","0.018739512"
"CZ","2008","N14 H_Aviation","NMVOC","Gg","0.0915395"
"CZ","2008","N14 I_Offroad","NMVOC","Gg","4.102249162"
"CZ","2008","N14 J_Waste","NMVOC","Gg","7.77928119921168"
"CZ","2008","N14 K_AgriLivestock","NMVOC","Gg","0"
"CZ","2008","N14 L_AgriOther","NMVOC","Gg","0"
"CZ","2008","N14 M_Other","NMVOC","Gg","0"
"CZ","2008","N14 O_AviCruise","NMVOC","Gg","0.5360655"
"CZ","2008","N14 P_IntShipping","NMVOC","Gg","0"
"CZ","2008","N14 N_Natural","NMVOC","Gg","0.043"
"CZ","2008","N14 z_Memo","NMVOC","Gg","30.9887321104003"
"AZ","2007","N14 A_PublicPower","NMVOC","Gg","0.57247126"
"AZ","2007","N14 B_Industry","NMVOC","Gg","9.93888382"
"AZ","2007","N14 C_OtherStatComb","NMVOC","Gg","2.282898394"
"AZ","2007","N14 D_Fugitive","NMVOC","Gg","11.58746"
"AZ","2007","N14 E_Solvents","NMVOC","Gg","12.211398"
"AZ","2007","N14 F_RoadTransport","NMVOC","Gg","14.9388463405"
"AZ","2007","N14 G_Shipping","NMVOC","Gg","0.29984"
"AZ","2007","N14 H_Aviation","NMVOC","Gg","0"
"AZ","2007","N14 I_Offroad","NMVOC","Gg","3.532719"
"AZ","2007","N14 J_Waste","NMVOC","Gg","0.003603"
"AZ","2007","N14 K_AgriLivestock","NMVOC","Gg","22.95714795"
"AZ","2007","N14 L_AgriOther","NMVOC","Gg","1.13852132"
"AZ","2007","N14 M_Other","NMVOC","Gg","0"
"AZ","2007","N14 O_AviCruise","NMVOC","Gg","0"
"AZ","2007","N14 P_IntShipping","NMVOC","Gg","0"
"AZ","2007","N14 N_Natural","NMVOC","Gg","0"
"AZ","2007","N14 z_Memo","NMVOC","Gg","15.2856513405"
"LI","2006","N14 A_PublicPower","NMVOC","Gg","0.0001344173313024"
"LI","2006","N14 B_Industry","NMVOC","Gg","0.0190084846604328"
"LI","2006","N14 C_OtherStatComb","NMVOC","Gg","0.011822727639466"
"LI","2006","N14 D_Fugitive","NMVOC","Gg","0.0077629446426"
"LI","2006","N14 E_Solvents","NMVOC","Gg","0.185372517287319"
"LI","2006","N14 F_RoadTransport","NMVOC","Gg","0.0339585393563138"
"LI","2006","N14 G_Shipping","NMVOC","Gg","0"
"LI","2006","N14 H_Aviation","NMVOC","Gg","7.0704e-06"
"LI","2006","N14 I_Offroad","NMVOC","Gg","0.0344009557181577"
"LI","2006","N14 J_Waste","NMVOC","Gg","0.00460964739536122"
"LI","2006","N14 K_AgriLivestock","NMVOC","Gg","0.057001777"
"LI","2006","N14 L_AgriOther","NMVOC","Gg","3.9049502e-14"
"LI","2006","N14 M_Other","NMVOC","Gg","0"
"MC","2012","N14 A_PublicPower","NMVOC","Gg","0.000154362955529572"
"MC","2012","N14 B_Industry","NMVOC","Gg","1.93248e-05"
"MC","2012","N14 C_OtherStatComb","NMVOC","Gg","0.0005486694627366"
"MC","2012","N14 D_Fugitive","NMVOC","Gg","9.14285714285714e-05"
"MC","2012","N14 E_Solvents","NMVOC","Gg","0.107425257301023"
"MC","2012","N14 F_RoadTransport","NMVOC","Gg","0.10696877919135"
"MC","2012","N14 G_Shipping","NMVOC","Gg","0.0176486757063733"
"MC","2012","N14 H_Aviation","NMVOC","Gg","0.0197606279234"
"MC","2012","N14 I_Offroad","NMVOC","Gg","0.00531272970463802"
"MC","2012","N14 J_Waste","NMVOC","Gg","8.8075485e-05"
"MC","2012","N14 K_AgriLivestock","NMVOC","Gg","0"
"MC","2012","N14 L_AgriOther","NMVOC","Gg","0"
"MC","2012","N14 M_Other","NMVOC","Gg","0"
"MC","2012","N14 O_AviCruise","NMVOC","Gg","0"
"MC","2012","N14 P_IntShipping","NMVOC","Gg","0.0702435870252398"
"MC","2012","N14 N_Natural","NMVOC","Gg","0"
"MC","2012","N14 z_Memo","NMVOC","Gg","0"
"IT","2012","N14 A_PublicPower","NMVOC","Gg","2.94552507710262"
"IT","2012","N14 B_Industry","NMVOC","Gg","45.7044471188236"
"IT","2012","N14 C_OtherStatComb","NMVOC","Gg","201.436108913561"
"IT","2012","N14 D_Fugitive","NMVOC","Gg","60.5322786273666"
"IT","2012","N14 E_Solvents","NMVOC","Gg","385.297253375219"
"IT","2012","N14 F_RoadTransport","NMVOC","Gg","151.168032165509"
"IT","2012","N14 G_Shipping","NMVOC","Gg","18.491043393742"
"IT","2012","N14 H_Aviation","NMVOC","Gg","0.668595454870007"
"IT","2012","N14 I_Offroad","NMVOC","Gg","14.9116626309015"
"IT","2012","N14 J_Waste","NMVOC","Gg","11.9493903992982"
"IT","2012","N14 K_AgriLivestock","NMVOC","Gg","106.569670276355"
"IT","2012","N14 L_AgriOther","NMVOC","Gg","24.4398891419036"
"IT","2012","N14 M_Other","NMVOC","Gg","0"
"IT","2012","N14 O_AviCruise","NMVOC","Gg","1.24045151310499"
"IT","2012","N14 P_IntShipping","NMVOC","Gg","4.66894606082932"
"IT","2012","N14 N_Natural","NMVOC","Gg","1395.41836952475"
"IT","2012","N14 z_Memo","NMVOC","Gg","0"
"MK","2011","N14 A_PublicPower","NMVOC","Gg","0.0817276348021434"
"MK","2011","N14 B_Industry","NMVOC","Gg","2.13715907088562"
"MK","2011","N14 C_OtherStatComb","NMVOC","Gg","10.8922491995"
"MK","2011","N14 D_Fugitive","NMVOC","Gg","2.85551621763175"
"MK","2011","N14 E_Solvents","NMVOC","Gg","7.84542212001992"
"MK","2011","N14 F_RoadTransport","NMVOC","Gg","6.17799275527409"
"MK","2011","N14 G_Shipping","NMVOC","Gg","0.000161967971728475"
"MK","2011","N14 H_Aviation","NMVOC","Gg","0.0024156993205"
"MK","2011","N14 I_Offroad","NMVOC","Gg","0.770459112421198"
"MK","2011","N14 J_Waste","NMVOC","Gg","3.51999870136373"
"MK","2011","N14 K_AgriLivestock","NMVOC","Gg","3.431401925"
"MK","2011","N14 L_AgriOther","NMVOC","Gg","0.9632"
"MK","2011","N14 M_Other","NMVOC","Gg","0"
"MK","2011","N14 O_AviCruise","NMVOC","Gg","0.069384225821"
"MK","2011","N14 P_IntShipping","NMVOC","Gg","0"
"MK","2011","N14 N_Natural","NMVOC","Gg","2.6106"
"MK","2011","N14 z_Memo","NMVOC","Gg","0"
"HU","2016","N14 A_PublicPower","NMVOC","Gg","1.12329274137288"
"HU","2016","N14 B_Industry","NMVOC","Gg","13.8419010195573"
"HU","2016","N14 C_OtherStatComb","NMVOC","Gg","36.2038871109"
"HU","2016","N14 D_Fugitive","NMVOC","Gg","2.95792840612488"
"HU","2016","N14 E_Solvents","NMVOC","Gg","43.1426602204332"
"HU","2016","N14 F_RoadTransport","NMVOC","Gg","14.6572700068655"
"HU","2016","N14 G_Shipping","NMVOC","Gg","0.014"
"HU","2016","N14 H_Aviation","NMVOC","Gg","0.0390790735317952"
"HU","2016","N14 I_Offroad","NMVOC","Gg","1.90713155730325"
"HU","2016","N14 J_Waste","NMVOC","Gg","1.6790346603157"
"HU","2016","N14 K_AgriLivestock","NMVOC","Gg","22.9079839759696"
"HU","2016","N14 L_AgriOther","NMVOC","Gg","3.54731252"
"HU","2016","N14 M_Other","NMVOC","Gg","0"
"HU","2016","N14 O_AviCruise","NMVOC","Gg","0.0702787468899874"
"HU","2016","N14 P_IntShipping","NMVOC","Gg","0"
"HU","2016","N14 N_Natural","NMVOC","Gg","0"
"HU","2016","N14 z_Memo","NMVOC","Gg","0"
"ES","2014","N14 A_PublicPower","NMVOC","Gg","4.34898629479382"
"ES","2014","N14 B_Industry","NMVOC","Gg","70.1006837016009"
"ES","2014","N14 C_OtherStatComb","NMVOC","Gg","42.569590719"
"ES","2014","N14 D_Fugitive","NMVOC","Gg","26.2714451351698"
"ES","2014","N14 E_Solvents","NMVOC","Gg","249.159688676"
"ES","2014","N14 F_RoadTransport","NMVOC","Gg","24.947846275"
"ES","2014","N14 G_Shipping","NMVOC","Gg","0.513399944"
"ES","2014","N14 H_Aviation","NMVOC","Gg","0.65805293391308"
"ES","2014","N14 I_Offroad","NMVOC","Gg","8.281282758"
"ES","2014","N14 J_Waste","NMVOC","Gg","5.910367759235"
"ES","2014","N14 K_AgriLivestock","NMVOC","Gg","52.388071315"
"ES","2014","N14 L_AgriOther","NMVOC","Gg","83.44367885"
"ES","2014","N14 M_Other","NMVOC","Gg","0"
"ES","2014","N14 O_AviCruise","NMVOC","Gg","1.24603561243398"
"ES","2014","N14 P_IntShipping","NMVOC","Gg","18.621509931"
"ES","2014","N14 N_Natural","NMVOC","Gg","0"
"ES","2014","N14 z_Memo","NMVOC","Gg","0"
"TR","2000","N14 A_PublicPower","NMVOC","Gg","1.53445341819"
"TR","2000","N14 B_Industry","NMVOC","Gg","131.831985639009"
"TR","2000","N14 C_OtherStatComb","NMVOC","Gg","228.809988260835"
"TR","2000","N14 D_Fugitive","NMVOC","Gg","0"
"TR","2000","N14 E_Solvents","NMVOC","Gg","225.596080132074"
"TR","2000","N14 F_RoadTransport","NMVOC","Gg","37.7494882995292"
"TR","2000","N14 G_Shipping","NMVOC","Gg","0.5265"
"TR","2000","N14 H_Aviation","NMVOC","Gg","1.80848754137706"
"TR","2000","N14 I_Offroad","NMVOC","Gg","0.9422694"
"TR","2000","N14 J_Waste","NMVOC","Gg","38.3922946465879"
"TR","2000","N14 K_AgriLivestock","NMVOC","Gg","165.632420414"
"TR","2000","N14 L_AgriOther","NMVOC","Gg","182.832470004"
"TR","2000","N14 M_Other","NMVOC","Gg","0"
"TR","2000","N14 O_AviCruise","NMVOC","Gg","0.496661700695191"
"TR","2000","N14 P_IntShipping","NMVOC","Gg","0"
"TR","2000","N14 N_Natural","NMVOC","Gg","0"
"LT","1995","N14 A_PublicPower","NMVOC","Gg","0.3262014"
"LT","1995","N14 B_Industry","NMVOC","Gg","0.332228655923613"
"LT","1995","N14 C_OtherStatComb","NMVOC","Gg","9.9128040492"
"LT","1995","N14 D_Fugitive","NMVOC","Gg","5.602834245832"
"LT","1995","N14 E_Solvents","NMVOC","Gg","17.179342557283"
"LT","1995","N14 F_RoadTransport","NMVOC","Gg","19.78556183559"
"LT","1995","N14 G_Shipping","NMVOC","Gg","0.00274381707886141"
"LT","1995","N14 H_Aviation","NMVOC","Gg","0.00229956363636363"
"LT","1995","N14 I_Offroad","NMVOC","Gg","4.36662406534774"
"LT","1995","N14 J_Waste","NMVOC","Gg","2.45730655109617"
"LT","1995","N14 K_AgriLivestock","NMVOC","Gg","15.2120207221346"
"LT","1995","N14 L_AgriOther","NMVOC","Gg","0"
"LT","1995","N14 M_Other","NMVOC","Gg","0"
"LT","1995","N14 P_IntShipping","NMVOC","Gg","0.389"
"LT","1995","N14 N_Natural","NMVOC","Gg","0.1526"
"EU27","1997","N14 A_PublicPower","NMVOC","Gg","40.2074167990159"
"EU27","1997","N14 B_Industry","NMVOC","Gg","858.694951844647"
"EU27","1997","N14 C_OtherStatComb","NMVOC","Gg","1390.62144910037"
"EU27","1997","N14 D_Fugitive","NMVOC","Gg","1232.71033460941"
"EU27","1997","N14 E_Solvents","NMVOC","Gg","3991.92135333149"
"EU27","1997","N14 F_RoadTransport","NMVOC","Gg","3719.31457222333"
"EU27","1997","N14 G_Shipping","NMVOC","Gg","102.345834902004"
"EU27","1997","N14 H_Aviation","NMVOC","Gg","10.9882720516306"
"EU27","1997","N14 I_Offroad","NMVOC","Gg","393.609006854284"
"EU27","1997","N14 J_Waste","NMVOC","Gg","99.2294675052239"
"EU27","1997","N14 K_AgriLivestock","NMVOC","Gg","949.919031774089"
"EU27","1997","N14 L_AgriOther","NMVOC","Gg","231.514531593079"
"EU27","1997","N14 M_Other","NMVOC","Gg","1.7311242959427"
"EU27","1997","N14 O_AviCruise","NMVOC","Gg","9.28059686069236"
"EU27","1997","N14 P_IntShipping","NMVOC","Gg","47.217551787447"
"EU27","1997","N14 N_Natural","NMVOC","Gg","2203.6806623932"
"EU27","1997","N14 z_Memo","NMVOC","Gg","1511.56787991248"
"AT","1994","N14 A_PublicPower","NMVOC","Gg","0.244285032460594"
"AT","1994","N14 B_Industry","NMVOC","Gg","4.98492370211248"
"AT","1994","N14 C_OtherStatComb","NMVOC","Gg","34.7048558780064"
"AT","1994","N14 D_Fugitive","NMVOC","Gg","11.1156267259781"
"AT","1994","N14 E_Solvents","NMVOC","Gg","87.9768258267793"
"AT","1994","N14 F_RoadTransport","NMVOC","Gg","54.0148524613722"
"AT","1994","N14 G_Shipping","NMVOC","Gg","0.61566195664568"
"AT","1994","N14 H_Aviation","NMVOC","Gg","0.246592855944376"
"AT","1994","N14 I_Offroad","NMVOC","Gg","9.59604960982034"
"AT","1994","N14 J_Waste","NMVOC","Gg","0.144858844162103"
"AT","1994","N14 K_AgriLivestock","NMVOC","Gg","32.0597915767347"
"AT","1994","N14 L_AgriOther","NMVOC","Gg","15.2899730426074"
"AT","1994","N14 M_Other","NMVOC","Gg","0"
"AT","1994","N14 O_AviCruise","NMVOC","Gg","0.250501829268796"
"AT","1994","N14 P_IntShipping","NMVOC","Gg","0"
"AT","1994","N14 N_Natural","NMVOC","Gg","0"
"AT","1994","N14 z_Memo","NMVOC","Gg","55.228204888426"
"RS","2015","N14 A_PublicPower","NMVOC","Gg","0.4614730014"
"RS","2015","N14 B_Industry","NMVOC","Gg","9.96671032658"
"RS","2015","N14 C_OtherStatComb","NMVOC","Gg","24.91956250126"
"RS","2015","N14 D_Fugitive","NMVOC","Gg","36.160185228"
"RS","2015","N14 E_Solvents","NMVOC","Gg","17.48162615045"
"RS","2015","N14 F_RoadTransport","NMVOC","Gg","14.0257999999997"
"RS","2015","N14 G_Shipping","NMVOC","Gg","0.0243"
"RS","2015","N14 H_Aviation","NMVOC","Gg","0.0282955"
"RS","2015","N14 I_Offroad","NMVOC","Gg","0.714878"
"RS","2015","N14 J_Waste","NMVOC","Gg","0.0026210024"
"RS","2015","N14 K_AgriLivestock","NMVOC","Gg","15.8445326123125"
"RS","2015","N14 L_AgriOther","NMVOC","Gg","2.98292634"
"RS","2015","N14 M_Other","NMVOC","Gg","0"
"RS","2015","N14 O_AviCruise","NMVOC","Gg","0.0058507"
"RS","2015","N14 P_IntShipping","NMVOC","Gg","0"
"RS","2015","N14 N_Natural","NMVOC","Gg","0.28945"
"RS","2015","N14 z_Memo","NMVOC","Gg","0"
"SK","1997","N14 A_PublicPower","NMVOC","Gg","0.150794116214402"
"SK","1997","N14 B_Industry","NMVOC","Gg","11.3624886741864"
"SK","1997","N14 C_OtherStatComb","NMVOC","Gg","55.1952107354111"
"SK","1997","N14 D_Fugitive","NMVOC","Gg","12.1244223237548"
"SK","1997","N14 E_Solvents","NMVOC","Gg","60.6439902099102"
"SK","1997","N14 F_RoadTransport","NMVOC","Gg","25.2871356086816"
"SK","1997","N14 G_Shipping","NMVOC","Gg","0.024770531406429"
"SK","1997","N14 H_Aviation","NMVOC","Gg","0.00117613126492841"
"SK","1997","N14 I_Offroad","NMVOC","Gg","0.981478617030099"
"SK","1997","N14 J_Waste","NMVOC","Gg","0.971153870600045"
"SK","1997","N14 K_AgriLivestock","NMVOC","Gg","8.21050611409904"
"SK","1997","N14 L_AgriOther","NMVOC","Gg","3.27540291678381"
"SK","1997","N14 M_Other","NMVOC","Gg","0"
"SK","1997","N14 O_AviCruise","NMVOC","Gg","0.0019686166181332"
"SK","1997","N14 P_IntShipping","NMVOC","Gg","0"
"SK","1997","N14 N_Natural","NMVOC","Gg","0.0175"
"SK","1997","N14 z_Memo","NMVOC","Gg","0"
"EU09","2001","N14 A_PublicPower","NMVOC","Gg","21.9910262430066"
"EU09","2001","N14 B_Industry","NMVOC","Gg","419.117274101916"
"EU09","2001","N14 C_OtherStatComb","NMVOC","Gg","615.904223429734"
"EU09","2001","N14 D_Fugitive","NMVOC","Gg","712.659111632153"
"EU09","2001","N14 E_Solvents","NMVOC","Gg","2476.2196187325"
"EU09","2001","N14 F_RoadTransport","NMVOC","Gg","1735.76474992877"
"EU09","2001","N14 G_Shipping","NMVOC","Gg","81.0456996112726"
"EU09","2001","N14 H_Aviation","NMVOC","Gg","7.56710198405396"
"EU09","2001","N14 I_Offroad","NMVOC","Gg","224.486449733658"
"EU09","2001","N14 J_Waste","NMVOC","Gg","46.6252988774626"
"EU09","2001","N14 K_AgriLivestock","NMVOC","Gg","571.759035490925"
"EU09","2001","N14 L_AgriOther","NMVOC","Gg","80.4948479449926"
"EU09","2001","N14 M_Other","NMVOC","Gg","1.97677786177"
"EU09","2001","N14 O_AviCruise","NMVOC","Gg","6.79771609640052"
"EU09","2001","N14 P_IntShipping","NMVOC","Gg","26.9606144312593"
"EU09","2001","N14 N_Natural","NMVOC","Gg","1489.73184366482"
"EU09","2001","N14 z_Memo","NMVOC","Gg","1443.48743961286"
"PT","2008","N14 A_PublicPower","NMVOC","Gg","0.989121060672042"
"PT","2008","N14 B_Industry","NMVOC","Gg","25.1704507216481"
"PT","2008","N14 C_OtherStatComb","NMVOC","Gg","15.8185402843502"
"PT","2008","N14 D_Fugitive","NMVOC","Gg","10.5542286804013"
"PT","2008","N14 E_Solvents","NMVOC","Gg","88.2423934056209"
"PT","2008","N14 F_RoadTransport","NMVOC","Gg","29.2190485061989"
"PT","2008","N14 G_Shipping","NMVOC","Gg","0.18726456465602"
"PT","2008","N14 H_Aviation","NMVOC","Gg","0.490828993221181"
"PT","2008","N14 I_Offroad","NMVOC","Gg","0.826571113700783"
"PT","2008","N14 J_Waste","NMVOC","Gg","2.56453642397934"
"PT","2008","N14 K_AgriLivestock","NMVOC","Gg","7.75503270725629"
"PT","2008","N14 L_AgriOther","NMVOC","Gg","6.4555346700516"
"PT","2008","N14 M_Other","NMVOC","Gg","0"
"PT","2008","N14 O_AviCruise","NMVOC","Gg","0.351860284429736"
"PT","2008","N14 P_IntShipping","NMVOC","Gg","1.72699496195568"
"PT","2008","N14 N_Natural","NMVOC","Gg","525.727777118542"
"PT","2008","N14 z_Memo","NMVOC","Gg","0"
"EU15","2007","N14 A_PublicPower","NMVOC","Gg","29.9843223766352"
"EU15","2007","N14 B_Industry","NMVOC","Gg","524.139118837675"
"EU15","2007","N14 C_OtherStatComb","NMVOC","Gg","632.452177887281"
"EU15","2007","N14 D_Fugitive","NMVOC","Gg","565.120099905242"
"EU15","2007","N14 E_Solvents","NMVOC","Gg","2808.86471038276"
"EU15","2007","N14 F_RoadTransport","NMVOC","Gg","988.347976970095"
"EU15","2007","N14 G_Shipping","NMVOC","Gg","84.9209206825944"
"EU15","2007","N14 H_Aviation","NMVOC","Gg","8.56552807476297"
"EU15","2007","N14 I_Offroad","NMVOC","Gg","237.510702812772"
"EU15","2007","N14 J_Waste","NMVOC","Gg","51.893796880673"
"EU15","2007","N14 K_AgriLivestock","NMVOC","Gg","662.818270252405"
"EU15","2007","N14 L_AgriOther","NMVOC","Gg","197.081882014595"
"EU15","2007","N14 M_Other","NMVOC","Gg","1.858152057546"
"EU15","2007","N14 O_AviCruise","NMVOC","Gg","11.1293066888496"
"EU15","2007","N14 P_IntShipping","NMVOC","Gg","58.6746630371532"
"EU15","2007","N14 N_Natural","NMVOC","Gg","2134.18070182463"
"EU15","2007","N14 z_Memo","NMVOC","Gg","1386.25848691216"
"CZ","2009","N14 A_PublicPower","NMVOC","Gg","5.777167996"
"CZ","2009","N14 B_Industry","NMVOC","Gg","4.43059086851695"
"CZ","2009","N14 C_OtherStatComb","NMVOC","Gg","94.6198440024002"
"CZ","2009","N14 D_Fugitive","NMVOC","Gg","10.6087979"
"CZ","2009","N14 E_Solvents","NMVOC","Gg","86.4657635110593"
"CZ","2009","N14 F_RoadTransport","NMVOC","Gg","30.0299142134169"
"CZ","2009","N14 G_Shipping","NMVOC","Gg","0.02342439"
"CZ","2009","N14 H_Aviation","NMVOC","Gg","0.084146"
"CZ","2009","N14 I_Offroad","NMVOC","Gg","3.66456006615384"
"CZ","2009","N14 J_Waste","NMVOC","Gg","7.37317774276016"
"CZ","2009","N14 K_AgriLivestock","NMVOC","Gg","0"
"CZ","2009","N14 L_AgriOther","NMVOC","Gg","0"
"CZ","2009","N14 M_Other","NMVOC","Gg","0"
"CZ","2009","N14 O_AviCruise","NMVOC","Gg","0.494169"
"CZ","2009","N14 P_IntShipping","NMVOC","Gg","0"
"CZ","2009","N14 N_Natural","NMVOC","Gg","0.089"
"CZ","2009","N14 z_Memo","NMVOC","Gg","30.5853198134169"
"IT","1993","N14 A_PublicPower","NMVOC","Gg","3.585363397608"
"IT","1993","N14 B_Industry","NMVOC","Gg","73.5027110811809"
"IT","1993","N14 C_OtherStatComb","NMVOC","Gg","108.563827057783"
"IT","1993","N14 D_Fugitive","NMVOC","Gg","129.631595829519"
"IT","1993","N14 E_Solvents","NMVOC","Gg","619.994892726583"
"IT","1993","N14 F_RoadTransport","NMVOC","Gg","895.628604218057"
"IT","1993","N14 G_Shipping","NMVOC","Gg","46.7738191221401"
"IT","1993","N14 H_Aviation","NMVOC","Gg","0.343469390250498"
"IT","1993","N14 I_Offroad","NMVOC","Gg","73.2364916334562"
"IT","1993","N14 J_Waste","NMVOC","Gg","12.3023216072776"
"IT","1993","N14 K_AgriLivestock","NMVOC","Gg","117.98403234918"
"IT","1993","N14 L_AgriOther","NMVOC","Gg","29.7129415900651"
"IT","1993","N14 M_Other","NMVOC","Gg","0"
"IT","1993","N14 O_AviCruise","NMVOC","Gg","0.43642391014646"
"IT","1993","N14 P_IntShipping","NMVOC","Gg","2.81001189031635"
"IT","1993","N14 N_Natural","NMVOC","Gg","1200.84970882484"
"IT","1993","N14 z_Memo","NMVOC","Gg","0"
"LT","2003","N14 A_PublicPower","NMVOC","Gg","0.26316478"
"LT","2003","N14 B_Industry","NMVOC","Gg","0.302558977713"
"LT","2003","N14 C_OtherStatComb","NMVOC","Gg","12.2440704526"
"LT","2003","N14 D_Fugitive","NMVOC","Gg","3.41817180785144"
"LT","2003","N14 E_Solvents","NMVOC","Gg","13.4618668615085"
"LT","2003","N14 F_RoadTransport","NMVOC","Gg","11.185453891"
"LT","2003","N14 G_Shipping","NMVOC","Gg","0.0116938870741951"
"LT","2003","N14 H_Aviation","NMVOC","Gg","0.001405"
"LT","2003","N14 I_Offroad","NMVOC","Gg","1.35736937243785"
"LT","2003","N14 J_Waste","NMVOC","Gg","2.0665346753"
"LT","2003","N14 K_AgriLivestock","NMVOC","Gg","11.4967917829295"
"LT","2003","N14 L_AgriOther","NMVOC","Gg","0"
"LT","2003","N14 M_Other","NMVOC","Gg","0"
"LT","2003","N14 P_IntShipping","NMVOC","Gg","0.305"
"LT","2003","N14 N_Natural","NMVOC","Gg","0.1911"
"CA","1987","N14 A_PublicPower","NMVOC","Gg","2.26568222830345"
"CA","1987","N14 B_Industry","NMVOC","Gg","261.841567727645"
"CA","1987","N14 C_OtherStatComb","NMVOC","Gg","358.483855167427"
"CA","1987","N14 D_Fugitive","NMVOC","Gg","695.44963929181"
"CA","1987","N14 E_Solvents","NMVOC","Gg","350.441177676939"
"CA","1987","N14 F_RoadTransport","NMVOC","Gg","840.1559836689"
"CA","1987","N14 G_Shipping","NMVOC","Gg","11.3888752775621"
"CA","1987","N14 H_Aviation","NMVOC","Gg","2.8127575486078"
"CA","1987","N14 I_Offroad","NMVOC","Gg","1605.63741035546"
"CA","1987","N14 J_Waste","NMVOC","Gg","16.6206663776989"
"CA","1987","N14 K_AgriLivestock","NMVOC","Gg","210.6769311952"
"CA","1987","N14 L_AgriOther","NMVOC","Gg","2.34005259846293"
"CA","1987","N14 M_Other","NMVOC","Gg","109.775432182972"
"CA","1987","N14 O_AviCruise","NMVOC","Gg","2.47614356569526"
"CA","1987","N14 P_IntShipping","NMVOC","Gg","0"
"CA","1987","N14 N_Natural","NMVOC","Gg","0"
"CA","1987","N14 z_Memo","NMVOC","Gg","0"
"LT","2010","N14 A_PublicPower","NMVOC","Gg","0.302093323035465"
"LT","2010","N14 B_Industry","NMVOC","Gg","5.62173431324694"
"LT","2010","N14 C_OtherStatComb","NMVOC","Gg","13.074295575"
"LT","2010","N14 D_Fugitive","NMVOC","Gg","3.13093391479691"
"LT","2010","N14 E_Solvents","NMVOC","Gg","8.31793588220272"
"LT","2010","N14 F_RoadTransport","NMVOC","Gg","8.420430912"
"LT","2010","N14 G_Shipping","NMVOC","Gg","0.0177041530564629"
"LT","2010","N14 H_Aviation","NMVOC","Gg","0.0079703"
"LT","2010","N14 I_Offroad","NMVOC","Gg","0.982803254746475"
"LT","2010","N14 J_Waste","NMVOC","Gg","1.94577468866"
"LT","2010","N14 K_AgriLivestock","NMVOC","Gg","11.1570048925273"
"LT","2010","N14 L_AgriOther","NMVOC","Gg","1.95611221"
"LT","2010","N14 M_Other","NMVOC","Gg","0"
"LT","2010","N14 P_IntShipping","NMVOC","Gg","0.39"
"LT","2010","N14 N_Natural","NMVOC","Gg","0.030405"
"MC","1991","N14 A_PublicPower","NMVOC","Gg","0.000126032838316723"
"MC","1991","N14 B_Industry","NMVOC","Gg","4.4096e-06"
"MC","1991","N14 C_OtherStatComb","NMVOC","Gg","0.000642518150183751"
"MC","1991","N14 D_Fugitive","NMVOC","Gg","8.22857142857143e-05"
"MC","1991","N14 E_Solvents","NMVOC","Gg","0.0594955843039706"
"MC","1991","N14 F_RoadTransport","NMVOC","Gg","0.500214205079891"
"MC","1991","N14 G_Shipping","NMVOC","Gg","0.01411868278875"
"MC","1991","N14 H_Aviation","NMVOC","Gg","0.015469116"
"MC","1991","N14 I_Offroad","NMVOC","Gg","0.0125964802838625"
"MC","1991","N14 J_Waste","NMVOC","Gg","0.000103975061605839"
"MC","1991","N14 K_AgriLivestock","NMVOC","Gg","0"
"MC","1991","N14 L_AgriOther","NMVOC","Gg","0"
"MC","1991","N14 M_Other","NMVOC","Gg","0"
"MC","1991","N14 O_AviCruise","NMVOC","Gg","0"
"MC","1991","N14 P_IntShipping","NMVOC","Gg","0.04116647971125"
"MC","1991","N14 N_Natural","NMVOC","Gg","0"
"MC","1991","N14 z_Memo","NMVOC","Gg","0"
"HR","1988","N14 A_PublicPower","NMVOC","Gg","0.171902488"
"HR","1988","N14 B_Industry","NMVOC","Gg","28.5598343449136"
"HR","1988","N14 C_OtherStatComb","NMVOC","Gg","12.5805061876407"
"HR","1988","N14 D_Fugitive","NMVOC","Gg","7.64725034835853"
"HR","1988","N14 E_Solvents","NMVOC","Gg","49.5136708901895"
"HR","1988","N14 F_RoadTransport","NMVOC","Gg","31.092517581015"
"HR","1988","N14 G_Shipping","NMVOC","Gg","0.21751679684"
"HR","1988","N14 H_Aviation","NMVOC","Gg","0.026643519135"
"HR","1988","N14 I_Offroad","NMVOC","Gg","5.94045227482266"
"HR","1988","N14 J_Waste","NMVOC","Gg","0.880003915295"
"HR","1988","N14 K_AgriLivestock","NMVOC","Gg","11.221469313"
"HR","1988","N14 L_AgriOther","NMVOC","Gg","0.829107294054"
"HR","1988","N14 M_Other","NMVOC","Gg","0"
"HR","1988","N14 O_AviCruise","NMVOC","Gg","0.06321426513"
"HR","1988","N14 P_IntShipping","NMVOC","Gg","0"
"HR","1988","N14 N_Natural","NMVOC","Gg","1.9962"
"HR","1988","N14 z_Memo","NMVOC","Gg","0"
"EU09","2012","N14 A_PublicPower","NMVOC","Gg","20.2387870823345"
"EU09","2012","N14 B_Industry","NMVOC","Gg","343.265223741126"
"EU09","2012","N14 C_OtherStatComb","NMVOC","Gg","498.78989210489"
"EU09","2012","N14 D_Fugitive","NMVOC","Gg","374.172147023081"
"EU09","2012","N14 E_Solvents","NMVOC","Gg","1823.15794438871"
"EU09","2012","N14 F_RoadTransport","NMVOC","Gg","451.156509955667"
"EU09","2012","N14 G_Shipping","NMVOC","Gg","39.2531415257761"
"EU09","2012","N14 H_Aviation","NMVOC","Gg","5.30922522791562"
"EU09","2012","N14 I_Offroad","NMVOC","Gg","117.542971012893"
"EU09","2012","N14 J_Waste","NMVOC","Gg","33.7697025642959"
"EU09","2012","N14 K_AgriLivestock","NMVOC","Gg","548.131419467026"
"EU09","2012","N14 L_AgriOther","NMVOC","Gg","75.1313391596731"
"EU09","2012","N14 M_Other","NMVOC","Gg","1.938239584834"
"EU09","2012","N14 O_AviCruise","NMVOC","Gg","8.12728022772793"
"EU09","2012","N14 P_IntShipping","NMVOC","Gg","28.8316588300053"
"EU09","2012","N14 N_Natural","NMVOC","Gg","1631.91850058317"
"EU09","2012","N14 z_Memo","NMVOC","Gg","1474.42172005109"
"RS","1997","N14 A_PublicPower","NMVOC","Gg","0.5993614916"
"RS","1997","N14 B_Industry","NMVOC","Gg","7.54460519749987"
"RS","1997","N14 C_OtherStatComb","NMVOC","Gg","25.9497890387841"
"RS","1997","N14 D_Fugitive","NMVOC","Gg","37.8633139"
"RS","1997","N14 E_Solvents","NMVOC","Gg","18.52370602"
"RS","1997","N14 F_RoadTransport","NMVOC","Gg","31.8344950465"
"RS","1997","N14 G_Shipping","NMVOC","Gg","0.0621"
"RS","1997","N14 H_Aviation","NMVOC","Gg","0.014049"
"RS","1997","N14 I_Offroad","NMVOC","Gg","0.48225"
"RS","1997","N14 J_Waste","NMVOC","Gg","0.000205051050740741"
"RS","1997","N14 K_AgriLivestock","NMVOC","Gg","23.63005256875"
"RS","1997","N14 L_AgriOther","NMVOC","Gg","3.10373054"
"RS","1997","N14 M_Other","NMVOC","Gg","0"
"RS","1997","N14 O_AviCruise","NMVOC","Gg","0.005681915"
"RS","1997","N14 P_IntShipping","NMVOC","Gg","0"
"RS","1997","N14 N_Natural","NMVOC","Gg","0.0539"
"RS","1997","N14 z_Memo","NMVOC","Gg","0"
"IS","2003","N14 A_PublicPower","NMVOC","Gg","0.00017468936"
"IS","2003","N14 B_Industry","NMVOC","Gg","0.465352864205515"
"IS","2003","N14 C_OtherStatComb","NMVOC","Gg","0.001732169739"
"IS","2003","N14 D_Fugitive","NMVOC","Gg","0.209140263865588"
"IS","2003","N14 E_Solvents","NMVOC","Gg","1.30686298101"
"IS","2003","N14 F_RoadTransport","NMVOC","Gg","2.29897994992591"
"IS","2003","N14 G_Shipping","NMVOC","Gg","0.0299614"
"IS","2003","N14 H_Aviation","NMVOC","Gg","0.104675656602753"
"IS","2003","N14 I_Offroad","NMVOC","Gg","0.875582927"
"IS","2003","N14 J_Waste","NMVOC","Gg","0.551595122702737"
"IS","2003","N14 K_AgriLivestock","NMVOC","Gg","1.74578830995913"
"IS","2003","N14 L_AgriOther","NMVOC","Gg","6.15517921298508e-08"
"IS","2003","N14 M_Other","NMVOC","Gg","0"
"IS","2003","N14 O_AviCruise","NMVOC","Gg","0.143383028397247"
"IS","2003","N14 P_IntShipping","NMVOC","Gg","0.0169414"
"IS","2003","N14 N_Natural","NMVOC","Gg","0"
"IS","2003","N14 z_Memo","NMVOC","Gg","0"
"IS","2008","N14 A_PublicPower","NMVOC","Gg","0.00023501018"
"IS","2008","N14 B_Industry","NMVOC","Gg","0.476962351466363"
"IS","2008","N14 C_OtherStatComb","NMVOC","Gg","0.000568443197"
"IS","2008","N14 D_Fugitive","NMVOC","Gg","0.22802534727263"
"IS","2008","N14 E_Solvents","NMVOC","Gg","1.400139764728"
"IS","2008","N14 F_RoadTransport","NMVOC","Gg","1.461773454152"
"IS","2008","N14 G_Shipping","NMVOC","Gg","0.0482196"
"IS","2008","N14 H_Aviation","NMVOC","Gg","0.000630083256762192"
"IS","2008","N14 I_Offroad","NMVOC","Gg","0.81448254"
"IS","2008","N14 J_Waste","NMVOC","Gg","0.412688219517075"
"IS","2008","N14 K_AgriLivestock","NMVOC","Gg","1.89490562998497"
"IS","2008","N14 L_AgriOther","NMVOC","Gg","9.1208264e-08"
"IS","2008","N14 M_Other","NMVOC","Gg","0"
"IS","2008","N14 O_AviCruise","NMVOC","Gg","0.00159804799880542"
"IS","2008","N14 P_IntShipping","NMVOC","Gg","0.0412466"
"IS","2008","N14 N_Natural","NMVOC","Gg","0"
"IS","2008","N14 z_Memo","NMVOC","Gg","0"
"SE","2016","N14 A_PublicPower","NMVOC","Gg","3.09042516868392"
"SE","2016","N14 B_Industry","NMVOC","Gg","10.6216549519942"
"SE","2016","N14 C_OtherStatComb","NMVOC","Gg","11.0416933829373"
"SE","2016","N14 D_Fugitive","NMVOC","Gg","8.23092931603675"
"SE","2016","N14 E_Solvents","NMVOC","Gg","55.5844778243237"
"SE","2016","N14 F_RoadTransport","NMVOC","Gg","9.39715217607306"
"SE","2016","N14 G_Shipping","NMVOC","Gg","2.78875975426324"
"SE","2016","N14 H_Aviation","NMVOC","Gg","0.16710655430283"
"SE","2016","N14 I_Offroad","NMVOC","Gg","12.2393229473627"
"SE","2016","N14 J_Waste","NMVOC","Gg","0.61375056808419"
"SE","2016","N14 K_AgriLivestock","NMVOC","Gg","20.6890620625109"
"SE","2016","N14 L_AgriOther","NMVOC","Gg","10.2270219262222"
"SE","2016","N14 M_Other","NMVOC","Gg","0"
"SE","2016","N14 O_AviCruise","NMVOC","Gg","0.546397893337946"
"SE","2016","N14 P_IntShipping","NMVOC","Gg","2.10192311368"
"SE","2016","N14 N_Natural","NMVOC","Gg","0"
"SE","2016","N14 z_Memo","NMVOC","Gg","0"
"GB","2014","N14 A_PublicPower","NMVOC","Gg","2.319861893586"
"GB","2014","N14 B_Industry","NMVOC","Gg","125.900813467151"
"GB","2014","N14 C_OtherStatComb","NMVOC","Gg","41.274467869225"
"GB","2014","N14 D_Fugitive","NMVOC","Gg","150.592763911279"
"GB","2014","N14 E_Solvents","NMVOC","Gg","313.556939890824"
"GB","2014","N14 F_RoadTransport","NMVOC","Gg","39.62330869688"
"GB","2014","N14 G_Shipping","NMVOC","Gg","8.312073464533"
"GB","2014","N14 H_Aviation","NMVOC","Gg","1.801919852493"
"GB","2014","N14 I_Offroad","NMVOC","Gg","24.497337520094"
"GB","2014","N14 J_Waste","NMVOC","Gg","6.672177947104"
"GB","2014","N14 K_AgriLivestock","NMVOC","Gg","89.409721560585"
"GB","2014","N14 L_AgriOther","NMVOC","Gg","7.993616823684"
"GB","2014","N14 M_Other","NMVOC","Gg","1.512911031885"
"GB","2014","N14 O_AviCruise","NMVOC","Gg","1.583391752714"
"GB","2014","N14 P_IntShipping","NMVOC","Gg","8.439043482396"
"GB","2014","N14 N_Natural","NMVOC","Gg","91.69298372549"
"GB","2014","N14 z_Memo","NMVOC","Gg","37.708203740365"
"FI","1986","N14 A_PublicPower","NMVOC","Gg","0"
"FI","1986","N14 B_Industry","NMVOC","Gg","0"
"FI","1986","N14 C_OtherStatComb","NMVOC","Gg","0"
"FI","1986","N14 D_Fugitive","NMVOC","Gg","0"
"FI","1986","N14 E_Solvents","NMVOC","Gg","0"
"FI","1986","N14 F_RoadTransport","NMVOC","Gg","62.6767717156797"
"FI","1986","N14 G_Shipping","NMVOC","Gg","9.639"
"FI","1986","N14 H_Aviation","NMVOC","Gg","0.0657121577617887"
"FI","1986","N14 I_Offroad","NMVOC","Gg","17.9584924817485"
"FI","1986","N14 J_Waste","NMVOC","Gg","0"
"FI","1986","N14 K_AgriLivestock","NMVOC","Gg","15.6433457685511"
"FI","1986","N14 L_AgriOther","NMVOC","Gg","4.74091064836926"
"FI","1986","N14 M_Other","NMVOC","Gg","0"
"FI","1986","N14 O_AviCruise","NMVOC","Gg","0.101848798998452"
"FI","1986","N14 P_IntShipping","NMVOC","Gg","0"
"FI","1986","N14 N_Natural","NMVOC","Gg","0"
"FI","1986","N14 z_Memo","NMVOC","Gg","0"
"NO","2014","N14 A_PublicPower","NMVOC","Gg","1.903643214"
"NO","2014","N14 B_Industry","NMVOC","Gg","7.1625918327"
"NO","2014","N14 C_OtherStatComb","NMVOC","Gg","6.623901123"
"NO","2014","N14 D_Fugitive","NMVOC","Gg","61.2645061653"
"NO","2014","N14 E_Solvents","NMVOC","Gg","45.6794054945"
"NO","2014","N14 F_RoadTransport","NMVOC","Gg","7.6433733824"
"NO","2014","N14 G_Shipping","NMVOC","Gg","4.0424302449"
"NO","2014","N14 H_Aviation","NMVOC","Gg","0.48945171"
"NO","2014","N14 I_Offroad","NMVOC","Gg","19.1726017343"
"NO","2014","N14 J_Waste","NMVOC","Gg","0.8170971794"
"NO","2014","N14 K_AgriLivestock","NMVOC","Gg","10.3032968226"
"NO","2014","N14 L_AgriOther","NMVOC","Gg","0.718707418"
"NO","2014","N14 M_Other","NMVOC","Gg","0"
"NO","2014","N14 O_AviCruise","NMVOC","Gg","1.5363788194"
"NO","2014","N14 P_IntShipping","NMVOC","Gg","0.110014535"
"NO","2014","N14 N_Natural","NMVOC","Gg","0"
"NO","2014","N14 z_Memo","NMVOC","Gg","13.529776578"
"RO","1996","N14 A_PublicPower","NMVOC","Gg","1.7124913"
"RO","1996","N14 B_Industry","NMVOC","Gg","48.870437629"
"RO","1996","N14 C_OtherStatComb","NMVOC","Gg","57.53808406"
"RO","1996","N14 D_Fugitive","NMVOC","Gg","38.436988095"
"RO","1996","N14 E_Solvents","NMVOC","Gg","43.130488364"
"RO","1996","N14 F_RoadTransport","NMVOC","Gg","21.5391451686311"
"RO","1996","N14 G_Shipping","NMVOC","Gg","0.1652"
"RO","1996","N14 H_Aviation","NMVOC","Gg","0"
"RO","1996","N14 I_Offroad","NMVOC","Gg","26.5113041837643"
"RO","1996","N14 J_Waste","NMVOC","Gg","0.95813142927707"
"RO","1996","N14 K_AgriLivestock","NMVOC","Gg","43.4884828049536"
"RO","1996","N14 L_AgriOther","NMVOC","Gg","6.1947493009474"
"RO","1996","N14 M_Other","NMVOC","Gg","0"
"RO","1996","N14 O_AviCruise","NMVOC","Gg","0"
"RO","1996","N14 P_IntShipping","NMVOC","Gg","0"
"EU09","2003","N14 A_PublicPower","NMVOC","Gg","23.8501050045998"
"EU09","2003","N14 B_Industry","NMVOC","Gg","406.496935753164"
"EU09","2003","N14 C_OtherStatComb","NMVOC","Gg","561.77756871935"
"EU09","2003","N14 D_Fugitive","NMVOC","Gg","622.412431402027"
"EU09","2003","N14 E_Solvents","NMVOC","Gg","2316.7548120082"
"EU09","2003","N14 F_RoadTransport","NMVOC","Gg","1373.03754239765"
"EU09","2003","N14 G_Shipping","NMVOC","Gg","80.3409776058466"
"EU09","2003","N14 H_Aviation","NMVOC","Gg","6.97000948680408"
"EU09","2003","N14 I_Offroad","NMVOC","Gg","207.387143671202"
"EU09","2003","N14 J_Waste","NMVOC","Gg","44.9584603874613"
"EU09","2003","N14 K_AgriLivestock","NMVOC","Gg","557.158694728531"
"EU09","2003","N14 L_AgriOther","NMVOC","Gg","77.278159134797"
"EU09","2003","N14 M_Other","NMVOC","Gg","1.993840129065"
"EU09","2003","N14 O_AviCruise","NMVOC","Gg","6.8412527726585"
"EU09","2003","N14 P_IntShipping","NMVOC","Gg","28.2702967840631"
"EU09","2003","N14 N_Natural","NMVOC","Gg","1560.59081608197"
"EU09","2003","N14 z_Memo","NMVOC","Gg","1785.9190171613"
"LU","2007","N14 A_PublicPower","NMVOC","Gg","0.140445502758891"
"LU","2007","N14 B_Industry","NMVOC","Gg","0.808699723628154"
"LU","2007","N14 C_OtherStatComb","NMVOC","Gg","0.393037265295356"
"LU","2007","N14 D_Fugitive","NMVOC","Gg","1.03107877142982"
"LU","2007","N14 E_Solvents","NMVOC","Gg","4.04337818938855"
"LU","2007","N14 F_RoadTransport","NMVOC","Gg","2.47632267971273"
"LU","2007","N14 G_Shipping","NMVOC","Gg","0.0136991849366326"
"LU","2007","N14 H_Aviation","NMVOC","Gg","0.048274347694"
"LU","2007","N14 I_Offroad","NMVOC","Gg","0.296393001300771"
"LU","2007","N14 J_Waste","NMVOC","Gg","0.0256879025248488"
"LU","2007","N14 K_AgriLivestock","NMVOC","Gg","2.92455644411312"
"LU","2007","N14 L_AgriOther","NMVOC","Gg","0.1125601884"
"LU","2007","N14 M_Other","NMVOC","Gg","0"
"LU","2007","N14 O_AviCruise","NMVOC","Gg","0.0789819275014209"
"LU","2007","N14 P_IntShipping","NMVOC","Gg","0"
"LU","2007","N14 N_Natural","NMVOC","Gg","0"
"LU","2007","N14 z_Memo","NMVOC","Gg","0.841151626944313"
"AZ","1991","N14 A_PublicPower","NMVOC","Gg","0"
"AZ","1991","N14 B_Industry","NMVOC","Gg","0"
"AZ","1991","N14 C_OtherStatComb","NMVOC","Gg","0"
"AZ","1991","N14 D_Fugitive","NMVOC","Gg","0"
"AZ","1991","N14 E_Solvents","NMVOC","Gg","19.48995"
"AZ","1991","N14 F_RoadTransport","NMVOC","Gg","2.3997015885"
"AZ","1991","N14 G_Shipping","NMVOC","Gg","0"
"AZ","1991","N14 H_Aviation","NMVOC","Gg","0"
"AZ","1991","N14 I_Offroad","NMVOC","Gg","0"
"AZ","1991","N14 J_Waste","NMVOC","Gg","0"
"AZ","1991","N14 K_AgriLivestock","NMVOC","Gg","19.79636745"
"AZ","1991","N14 L_AgriOther","NMVOC","Gg","0"
"AZ","1991","N14 M_Other","NMVOC","Gg","0"
"AZ","1991","N14 O_AviCruise","NMVOC","Gg","0"
"AZ","1991","N14 P_IntShipping","NMVOC","Gg","0"
"AZ","1991","N14 N_Natural","NMVOC","Gg","0"
"AZ","1991","N14 z_Memo","NMVOC","Gg","0"
"BG","2008","N14 A_PublicPower","NMVOC","Gg","0.072667809"
"BG","2008","N14 B_Industry","NMVOC","Gg","4.72430647"
"BG","2008","N14 C_OtherStatComb","NMVOC","Gg","20.088332461"
"BG","2008","N14 D_Fugitive","NMVOC","Gg","11.113908255"
"BG","2008","N14 E_Solvents","NMVOC","Gg","17.00499393047"
"BG","2008","N14 F_RoadTransport","NMVOC","Gg","16.4662553836274"
"BG","2008","N14 G_Shipping","NMVOC","Gg","0.35370641398"
"BG","2008","N14 H_Aviation","NMVOC","Gg","0.0185115"
"BG","2008","N14 I_Offroad","NMVOC","Gg","0.609504"
"BG","2008","N14 J_Waste","NMVOC","Gg","5.69210498290086"
"BG","2008","N14 K_AgriLivestock","NMVOC","Gg","10.978732574"
"BG","2008","N14 L_AgriOther","NMVOC","Gg","3.12189485456835"
"BG","2008","N14 M_Other","NMVOC","Gg","0"
"BG","2008","N14 O_AviCruise","NMVOC","Gg","0.1043"
"BG","2008","N14 P_IntShipping","NMVOC","Gg","0"
"PL","2000","N14 A_PublicPower","NMVOC","Gg","2.00911484"
"PL","2000","N14 B_Industry","NMVOC","Gg","90.379922784901"
"PL","2000","N14 C_OtherStatComb","NMVOC","Gg","121.3173132442"
"PL","2000","N14 D_Fugitive","NMVOC","Gg","52.4920305948807"
"PL","2000","N14 E_Solvents","NMVOC","Gg","162.617254971389"
"PL","2000","N14 F_RoadTransport","NMVOC","Gg","157.414753785675"
"PL","2000","N14 G_Shipping","NMVOC","Gg","0.0275231755448788"
"PL","2000","N14 H_Aviation","NMVOC","Gg","0.0225016432330492"
"PL","2000","N14 I_Offroad","NMVOC","Gg","11.324644"
"PL","2000","N14 J_Waste","NMVOC","Gg","20.5375230467648"
"PL","2000","N14 K_AgriLivestock","NMVOC","Gg","105.88611242325"
"PL","2000","N14 L_AgriOther","NMVOC","Gg","7.63384609769113"
"PL","2000","N14 M_Other","NMVOC","Gg","0"
"PL","2000","N14 O_AviCruise","NMVOC","Gg","0.16167427943037"
"PL","2000","N14 P_IntShipping","NMVOC","Gg","0.7884"
"PL","2000","N14 N_Natural","NMVOC","Gg","230.99613913854"
"PL","2000","N14 z_Memo","NMVOC","Gg","0"
"LV","1994","N14 A_PublicPower","NMVOC","Gg","0.125431377814434"
"LV","1994","N14 B_Industry","NMVOC","Gg","3.2403253669119"
"LV","1994","N14 C_OtherStatComb","NMVOC","Gg","14.6535038912529"
"LV","1994","N14 D_Fugitive","NMVOC","Gg","3.347834"
"LV","1994","N14 E_Solvents","NMVOC","Gg","9.08494820295637"
"LV","1994","N14 F_RoadTransport","NMVOC","Gg","19.5041713665628"
"LV","1994","N14 G_Shipping","NMVOC","Gg","0.0119892763460432"
"LV","1994","N14 H_Aviation","NMVOC","Gg","0.0262083962123925"
"LV","1994","N14 I_Offroad","NMVOC","Gg","1.76580962456343"
"LV","1994","N14 J_Waste","NMVOC","Gg","0.802623958662382"
"LV","1994","N14 K_AgriLivestock","NMVOC","Gg","7.10651065005428"
"LV","1994","N14 L_AgriOther","NMVOC","Gg","1.030691"
"LV","1994","N14 M_Other","NMVOC","Gg","0"
"LV","1994","N14 O_AviCruise","NMVOC","Gg","0.0279538844376075"
"LV","1994","N14 P_IntShipping","NMVOC","Gg","0.7738"
"LV","1994","N14 N_Natural","NMVOC","Gg","0.013"
"LV","1994","N14 z_Memo","NMVOC","Gg","0"
"NL","2003","N14 A_PublicPower","NMVOC","Gg","0.54762392"
"NL","2003","N14 B_Industry","NMVOC","Gg","27.493426736"
"NL","2003","N14 C_OtherStatComb","NMVOC","Gg","13.490170903"
"NL","2003","N14 D_Fugitive","NMVOC","Gg","14.40167194"
"NL","2003","N14 E_Solvents","NMVOC","Gg","84.906514529"
"NL","2003","N14 F_RoadTransport","NMVOC","Gg","49.967916104"
"NL","2003","N14 G_Shipping","NMVOC","Gg","1.691790268"
"NL","2003","N14 H_Aviation","NMVOC","Gg","0.264882075"
"NL","2003","N14 I_Offroad","NMVOC","Gg","11.435193825"
"NL","2003","N14 J_Waste","NMVOC","Gg","1.837433942"
"NL","2003","N14 K_AgriLivestock","NMVOC","Gg","48.711019012"
"NL","2003","N14 L_AgriOther","NMVOC","Gg","26.153321413"
"NL","2003","N14 M_Other","NMVOC","Gg","0.412479208"
"NL","2003","N14 O_AviCruise","NMVOC","Gg","0"
"NL","2003","N14 P_IntShipping","NMVOC","Gg","3.57614419"
"NL","2003","N14 N_Natural","NMVOC","Gg","0"
"NL","2003","N14 z_Memo","NMVOC","Gg","48.44517269"
"MK","2012","N14 A_PublicPower","NMVOC","Gg","0.0769684143246062"
"MK","2012","N14 B_Industry","NMVOC","Gg","1.97330749497488"
"MK","2012","N14 C_OtherStatComb","NMVOC","Gg","6.97544132196554"
"MK","2012","N14 D_Fugitive","NMVOC","Gg","2.6588167231889"
"MK","2012","N14 E_Solvents","NMVOC","Gg","8.40261959878133"
"MK","2012","N14 F_RoadTransport","NMVOC","Gg","5.48541150340949"
"MK","2012","N14 G_Shipping","NMVOC","Gg","0.000171304948922234"
"MK","2012","N14 H_Aviation","NMVOC","Gg","0.002290704849"
"MK","2012","N14 I_Offroad","NMVOC","Gg","0.806529134064987"
"MK","2012","N14 J_Waste","NMVOC","Gg","3.61377320243556"
"MK","2012","N14 K_AgriLivestock","NMVOC","Gg","3.156419195"
"MK","2012","N14 L_AgriOther","NMVOC","Gg","1.06468"
"MK","2012","N14 M_Other","NMVOC","Gg","0"
"MK","2012","N14 O_AviCruise","NMVOC","Gg","0.16127776415026"
"MK","2012","N14 P_IntShipping","NMVOC","Gg","0"
"MK","2012","N14 N_Natural","NMVOC","Gg","5.7936"
"MK","2012","N14 z_Memo","NMVOC","Gg","0"
"GB","2005","N14 A_PublicPower","NMVOC","Gg","3.942109227145"
"GB","2005","N14 B_Industry","NMVOC","Gg","140.796044602143"
"GB","2005","N14 C_OtherStatComb","NMVOC","Gg","28.958256860186"
"GB","2005","N14 D_Fugitive","NMVOC","Gg","265.980075222226"
"GB","2005","N14 E_Solvents","NMVOC","Gg","364.58628799442"
"GB","2005","N14 F_RoadTransport","NMVOC","Gg","201.988966552634"
"GB","2005","N14 G_Shipping","NMVOC","Gg","8.391037799901"
"GB","2005","N14 H_Aviation","NMVOC","Gg","2.94177471891"
"GB","2005","N14 I_Offroad","NMVOC","Gg","51.014961946735"
"GB","2005","N14 J_Waste","NMVOC","Gg","11.830560379657"
"GB","2005","N14 K_AgriLivestock","NMVOC","Gg","89.626970572565"
"GB","2005","N14 L_AgriOther","NMVOC","Gg","7.895624677897"
"GB","2005","N14 M_Other","NMVOC","Gg","1.532194043529"
"GB","2005","N14 O_AviCruise","NMVOC","Gg","1.72921948542"
"GB","2005","N14 P_IntShipping","NMVOC","Gg","6.904164482595"
"GB","2005","N14 N_Natural","NMVOC","Gg","91.985743529411"
"GB","2005","N14 z_Memo","NMVOC","Gg","184.734806077839"
"SE","1990","N14 A_PublicPower","NMVOC","Gg","2.55053365673462"
"SE","1990","N14 B_Industry","NMVOC","Gg","26.2422673619827"
"SE","1990","N14 C_OtherStatComb","NMVOC","Gg","18.4127312484386"
"SE","1990","N14 D_Fugitive","NMVOC","Gg","31.555642219287"
"SE","1990","N14 E_Solvents","NMVOC","Gg","83.7883641153784"
"SE","1990","N14 F_RoadTransport","NMVOC","Gg","135.357879632563"
"SE","1990","N14 G_Shipping","NMVOC","Gg","5.3146558770749"
"SE","1990","N14 H_Aviation","NMVOC","Gg","0.200775069944317"
"SE","1990","N14 I_Offroad","NMVOC","Gg","14.2981216950342"
"SE","1990","N14 J_Waste","NMVOC","Gg","2.20127973159014"
"SE","1990","N14 K_AgriLivestock","NMVOC","Gg","27.1754786840698"
"SE","1990","N14 L_AgriOther","NMVOC","Gg","11.9976289615327"
"SE","1990","N14 M_Other","NMVOC","Gg","0"
"SE","1990","N14 O_AviCruise","NMVOC","Gg","1.36213516276031"
"SE","1990","N14 P_IntShipping","NMVOC","Gg","0.740916198267746"
"SE","1990","N14 N_Natural","NMVOC","Gg","0"
"SE","1990","N14 z_Memo","NMVOC","Gg","0"
"GB","1992","N14 A_PublicPower","NMVOC","Gg","6.511029001932"
"GB","1992","N14 B_Industry","NMVOC","Gg","269.122885640858"
"GB","1992","N14 C_OtherStatComb","NMVOC","Gg","60.529582409295"
"GB","1992","N14 D_Fugitive","NMVOC","Gg","766.01767019475"
"GB","1992","N14 E_Solvents","NMVOC","Gg","571.693209080932"
"GB","1992","N14 F_RoadTransport","NMVOC","Gg","959.734126308294"
"GB","1992","N14 G_Shipping","NMVOC","Gg","6.415441351391"
"GB","1992","N14 H_Aviation","NMVOC","Gg","4.570294680754"
"GB","1992","N14 I_Offroad","NMVOC","Gg","54.983736702607"
"GB","1992","N14 J_Waste","NMVOC","Gg","15.681279904013"
"GB","1992","N14 K_AgriLivestock","NMVOC","Gg","93.171425953793"
"GB","1992","N14 L_AgriOther","NMVOC","Gg","11.916810716047"
"GB","1992","N14 M_Other","NMVOC","Gg","0.905481366514"
"GB","1992","N14 O_AviCruise","NMVOC","Gg","2.133223057474"
"GB","1992","N14 P_IntShipping","NMVOC","Gg","6.70701698811"
"GB","1992","N14 N_Natural","NMVOC","Gg","91.692052941176"
"GB","1992","N14 z_Memo","NMVOC","Gg","825.43930508054"
"BG","2003","N14 A_PublicPower","NMVOC","Gg","0.062031697"
"BG","2003","N14 B_Industry","NMVOC","Gg","5.097520802"
"BG","2003","N14 C_OtherStatComb","NMVOC","Gg","21.657009599"
"BG","2003","N14 D_Fugitive","NMVOC","Gg","12.873863633"
"BG","2003","N14 E_Solvents","NMVOC","Gg","17.82065362556"
"BG","2003","N14 F_RoadTransport","NMVOC","Gg","26.5851226216687"
"BG","2003","N14 G_Shipping","NMVOC","Gg","0.39292984766"
"BG","2003","N14 H_Aviation","NMVOC","Gg","0.0093957"
"BG","2003","N14 I_Offroad","NMVOC","Gg","0.939521686791496"
"BG","2003","N14 J_Waste","NMVOC","Gg","5.58298100310615"
"BG","2003","N14 K_AgriLivestock","NMVOC","Gg","12.409854731"
"BG","2003","N14 L_AgriOther","NMVOC","Gg","3.19273483908984"
"BG","2003","N14 M_Other","NMVOC","Gg","0"
"BG","2003","N14 O_AviCruise","NMVOC","Gg","0.0798"
"BG","2003","N14 P_IntShipping","NMVOC","Gg","0"
"TR","1997","N14 A_PublicPower","NMVOC","Gg","1.080918275805"
"TR","1997","N14 B_Industry","NMVOC","Gg","116.093103938148"
"TR","1997","N14 C_OtherStatComb","NMVOC","Gg","262.103765639747"
"TR","1997","N14 D_Fugitive","NMVOC","Gg","0"
"TR","1997","N14 E_Solvents","NMVOC","Gg","205.261112483115"
"TR","1997","N14 F_RoadTransport","NMVOC","Gg","31.6679714708935"
"TR","1997","N14 G_Shipping","NMVOC","Gg","0.590463"
"TR","1997","N14 H_Aviation","NMVOC","Gg","1.88082771353837"
"TR","1997","N14 I_Offroad","NMVOC","Gg","1.1228358"
"TR","1997","N14 J_Waste","NMVOC","Gg","36.6320859916555"
"TR","1997","N14 K_AgriLivestock","NMVOC","Gg","164.095745384"
"TR","1997","N14 L_AgriOther","NMVOC","Gg","181.295821422"
"TR","1997","N14 M_Other","NMVOC","Gg","0"
"TR","1997","N14 O_AviCruise","NMVOC","Gg","0"
"TR","1997","N14 P_IntShipping","NMVOC","Gg","0"
"TR","1997","N14 N_Natural","NMVOC","Gg","0"
"MK","2009","N14 A_PublicPower","NMVOC","Gg","0.0777667220799508"
"MK","2009","N14 B_Industry","NMVOC","Gg","1.41677861998614"
"MK","2009","N14 C_OtherStatComb","NMVOC","Gg","11.1474023944121"
"MK","2009","N14 D_Fugitive","NMVOC","Gg","2.56917963137834"
"MK","2009","N14 E_Solvents","NMVOC","Gg","7.22626923188609"
"MK","2009","N14 F_RoadTransport","NMVOC","Gg","12.9139903567957"
"MK","2009","N14 G_Shipping","NMVOC","Gg","0.000459989039708868"
"MK","2009","N14 H_Aviation","NMVOC","Gg","0.0026373488"
"MK","2009","N14 I_Offroad","NMVOC","Gg","0.722741547033223"
"MK","2009","N14 J_Waste","NMVOC","Gg","3.2543060861609"
"MK","2009","N14 K_AgriLivestock","NMVOC","Gg","3.228022257"
"MK","2009","N14 L_AgriOther","NMVOC","Gg","0.87204"
"MK","2009","N14 M_Other","NMVOC","Gg","0"
"MK","2009","N14 O_AviCruise","NMVOC","Gg","0.0526737456"
"MK","2009","N14 P_IntShipping","NMVOC","Gg","0"
"MK","2009","N14 N_Natural","NMVOC","Gg","0.309"
"MK","2009","N14 z_Memo","NMVOC","Gg","0"
"AM","2017","N14 A_PublicPower","NMVOC","Gg","0.057421962"
"AM","2017","N14 B_Industry","NMVOC","Gg","2.018779188"
"AM","2017","N14 C_OtherStatComb","NMVOC","Gg","0.04090419864"
"AM","2017","N14 D_Fugitive","NMVOC","Gg","0"
"AM","2017","N14 E_Solvents","NMVOC","Gg","3.56724"
"AM","2017","N14 F_RoadTransport","NMVOC","Gg","24.71"
"AM","2017","N14 G_Shipping","NMVOC","Gg","0"
"AM","2017","N14 H_Aviation","NMVOC","Gg","0"
"AM","2017","N14 I_Offroad","NMVOC","Gg","0"
"AM","2017","N14 J_Waste","NMVOC","Gg","0"
"AM","2017","N14 K_AgriLivestock","NMVOC","Gg","5.1974393245"
"AM","2017","N14 L_AgriOther","NMVOC","Gg","0"
"AM","2017","N14 M_Other","NMVOC","Gg","0"
"AM","2017","N14 O_AviCruise","NMVOC","Gg","0"
"AM","2017","N14 P_IntShipping","NMVOC","Gg","0"
"AM","2017","N14 z_Memo","NMVOC","Gg","0"
"EU12","2002","N14 A_PublicPower","NMVOC","Gg","26.4564550838589"
"EU12","2002","N14 B_Industry","NMVOC","Gg","522.841668114057"
"EU12","2002","N14 C_OtherStatComb","NMVOC","Gg","575.640639689317"
"EU12","2002","N14 D_Fugitive","NMVOC","Gg","738.604516206928"
"EU12","2002","N14 E_Solvents","NMVOC","Gg","2911.35827869795"
"EU12","2002","N14 F_RoadTransport","NMVOC","Gg","1756.33187209341"
"EU12","2002","N14 G_Shipping","NMVOC","Gg","83.4623837523331"
"EU12","2002","N14 H_Aviation","NMVOC","Gg","8.25767013133302"
"EU12","2002","N14 I_Offroad","NMVOC","Gg","237.273979844952"
"EU12","2002","N14 J_Waste","NMVOC","Gg","54.5348272511893"
"EU12","2002","N14 K_AgriLivestock","NMVOC","Gg","624.452216839822"
"EU12","2002","N14 L_AgriOther","NMVOC","Gg","173.01592060562"
"EU12","2002","N14 M_Other","NMVOC","Gg","1.960385572623"
"EU12","2002","N14 O_AviCruise","NMVOC","Gg","7.9460489179439"
"EU12","2002","N14 P_IntShipping","NMVOC","Gg","44.0656475088937"
"EU12","2002","N14 N_Natural","NMVOC","Gg","2022.98051633027"
"EU12","2002","N14 z_Memo","NMVOC","Gg","1406.18464580843"
"LU","2002","N14 A_PublicPower","NMVOC","Gg","0.0722093552122203"
"LU","2002","N14 B_Industry","NMVOC","Gg","0.400963360426684"
"LU","2002","N14 C_OtherStatComb","NMVOC","Gg","0.455576123230514"
"LU","2002","N14 D_Fugitive","NMVOC","Gg","1.10777969957979"
"LU","2002","N14 E_Solvents","NMVOC","Gg","5.64958108127778"
"LU","2002","N14 F_RoadTransport","NMVOC","Gg","4.05386756598117"
"LU","2002","N14 G_Shipping","NMVOC","Gg","0.0195524779060711"
"LU","2002","N14 H_Aviation","NMVOC","Gg","0.038248679416"
"LU","2002","N14 I_Offroad","NMVOC","Gg","0.452673291924718"
"LU","2002","N14 J_Waste","NMVOC","Gg","0.0285602747982316"
"LU","2002","N14 K_AgriLivestock","NMVOC","Gg","3.0441990712325"
"LU","2002","N14 L_AgriOther","NMVOC","Gg","0.1101779024"
"LU","2002","N14 M_Other","NMVOC","Gg","0"
"LU","2002","N14 O_AviCruise","NMVOC","Gg","0.0690297466609937"
"LU","2002","N14 P_IntShipping","NMVOC","Gg","0"
"LU","2002","N14 N_Natural","NMVOC","Gg","0"
"LU","2002","N14 z_Memo","NMVOC","Gg","1.42926326458666"
"CA","1986","N14 A_PublicPower","NMVOC","Gg","2.0112031769818"
"CA","1986","N14 B_Industry","NMVOC","Gg","235.940360118707"
"CA","1986","N14 C_OtherStatComb","NMVOC","Gg","364.859261477614"
"CA","1986","N14 D_Fugitive","NMVOC","Gg","685.366452989614"
"CA","1986","N14 E_Solvents","NMVOC","Gg","342.783848029354"
"CA","1986","N14 F_RoadTransport","NMVOC","Gg","854.024750990211"
"CA","1986","N14 G_Shipping","NMVOC","Gg","10.9620062525702"
"CA","1986","N14 H_Aviation","NMVOC","Gg","2.82425054007344"
"CA","1986","N14 I_Offroad","NMVOC","Gg","1588.31393020609"
"CA","1986","N14 J_Waste","NMVOC","Gg","16.4108370836781"
"CA","1986","N14 K_AgriLivestock","NMVOC","Gg","176.3606461952"
"CA","1986","N14 L_AgriOther","NMVOC","Gg","2.26445874365781"
"CA","1986","N14 M_Other","NMVOC","Gg","19.5432904748943"
"CA","1986","N14 O_AviCruise","NMVOC","Gg","2.34451141681803"
"CA","1986","N14 P_IntShipping","NMVOC","Gg","0"
"CA","1986","N14 N_Natural","NMVOC","Gg","0"
"CA","1986","N14 z_Memo","NMVOC","Gg","0"
"BE","2016","N14 A_PublicPower","NMVOC","Gg","0.463429650743071"
"BE","2016","N14 B_Industry","NMVOC","Gg","15.3838380052367"
"BE","2016","N14 C_OtherStatComb","NMVOC","Gg","14.6863325876649"
"BE","2016","N14 D_Fugitive","NMVOC","Gg","5.95990685175515"
"BE","2016","N14 E_Solvents","NMVOC","Gg","36.0873602036042"
"BE","2016","N14 F_RoadTransport","NMVOC","Gg","7.98657264170333"
"BE","2016","N14 G_Shipping","NMVOC","Gg","0.226872154412712"
"BE","2016","N14 H_Aviation","NMVOC","Gg","0.149667940295348"
"BE","2016","N14 I_Offroad","NMVOC","Gg","2.79286611701322"
"BE","2016","N14 J_Waste","NMVOC","Gg","0.7952551827958"
"BE","2016","N14 K_AgriLivestock","NMVOC","Gg","24.79775454"
"BE","2016","N14 L_AgriOther","NMVOC","Gg","1.20737208"
"BE","2016","N14 M_Other","NMVOC","Gg","0"
"BE","2016","N14 O_AviCruise","NMVOC","Gg","0.991762278231858"
"BE","2016","N14 P_IntShipping","NMVOC","Gg","0.652200966180184"
"BE","2016","N14 N_Natural","NMVOC","Gg","51.0386083978"
"BE","2016","N14 z_Memo","NMVOC","Gg","7.50557954076746"
"MT","2001","N14 A_PublicPower","NMVOC","Gg","0.12"
"MT","2001","N14 B_Industry","NMVOC","Gg","0.214676432"
"MT","2001","N14 C_OtherStatComb","NMVOC","Gg","0.03149128683"
"MT","2001","N14 D_Fugitive","NMVOC","Gg","0.136"
"MT","2001","N14 E_Solvents","NMVOC","Gg","1.8855956"
"MT","2001","N14 F_RoadTransport","NMVOC","Gg","1.33017173786646"
"MT","2001","N14 G_Shipping","NMVOC","Gg","0.045175858"
"MT","2001","N14 H_Aviation","NMVOC","Gg","0"
"MT","2001","N14 I_Offroad","NMVOC","Gg","0.0064388700642"
"MT","2001","N14 J_Waste","NMVOC","Gg","0.00075072"
"MT","2001","N14 K_AgriLivestock","NMVOC","Gg","0"
"MT","2001","N14 L_AgriOther","NMVOC","Gg","0"
"MT","2001","N14 M_Other","NMVOC","Gg","0.003237"
"MT","2001","N14 O_AviCruise","NMVOC","Gg","0"
"MT","2001","N14 P_IntShipping","NMVOC","Gg","0.1512814407485"
"EE","2015","N14 A_PublicPower","NMVOC","Gg","0.481079"
"EE","2015","N14 B_Industry","NMVOC","Gg","2.412761"
"EE","2015","N14 C_OtherStatComb","NMVOC","Gg","3.453871"
"EE","2015","N14 D_Fugitive","NMVOC","Gg","1.185808"
"EE","2015","N14 E_Solvents","NMVOC","Gg","6.168961"
"EE","2015","N14 F_RoadTransport","NMVOC","Gg","1.649685"
"EE","2015","N14 G_Shipping","NMVOC","Gg","0.095374"
"EE","2015","N14 H_Aviation","NMVOC","Gg","0.014657"
"EE","2015","N14 I_Offroad","NMVOC","Gg","1.144956"
"EE","2015","N14 J_Waste","NMVOC","Gg","0.155279"
"EE","2015","N14 K_AgriLivestock","NMVOC","Gg","4.505491"
"EE","2015","N14 L_AgriOther","NMVOC","Gg","0.438873"
"EE","2015","N14 M_Other","NMVOC","Gg","0"
"EE","2015","N14 O_AviCruise","NMVOC","Gg","0.020652"
"EE","2015","N14 P_IntShipping","NMVOC","Gg","0.821576"
"EE","2015","N14 N_Natural","NMVOC","Gg","39.86508"
"EE","2015","N14 z_Memo","NMVOC","Gg","0"
"LU","2003","N14 A_PublicPower","NMVOC","Gg","0.0979655550968931"
"LU","2003","N14 B_Industry","NMVOC","Gg","0.406279042514382"
"LU","2003","N14 C_OtherStatComb","NMVOC","Gg","0.455846525960263"
"LU","2003","N14 D_Fugitive","NMVOC","Gg","1.10657490672959"
"LU","2003","N14 E_Solvents","NMVOC","Gg","4.72075559334802"
"LU","2003","N14 F_RoadTransport","NMVOC","Gg","3.87985566845064"
"LU","2003","N14 G_Shipping","NMVOC","Gg","0.0198996441359557"
"LU","2003","N14 H_Aviation","NMVOC","Gg","0.040491310285"
"LU","2003","N14 I_Offroad","NMVOC","Gg","0.427279930175076"
"LU","2003","N14 J_Waste","NMVOC","Gg","0.0286352289576641"
"LU","2003","N14 K_AgriLivestock","NMVOC","Gg","2.93641407938015"
"LU","2003","N14 L_AgriOther","NMVOC","Gg","0.1102154242"
"LU","2003","N14 M_Other","NMVOC","Gg","0"
"LU","2003","N14 O_AviCruise","NMVOC","Gg","0.0718850463351581"
"LU","2003","N14 P_IntShipping","NMVOC","Gg","0"
"LU","2003","N14 N_Natural","NMVOC","Gg","0"
"LU","2003","N14 z_Memo","NMVOC","Gg","1.27673594944449"
"FI","2012","N14 A_PublicPower","NMVOC","Gg","1.11214480946294"
"FI","2012","N14 B_Industry","NMVOC","Gg","8.64296621827198"
"FI","2012","N14 C_OtherStatComb","NMVOC","Gg","23.3718069787389"
"FI","2012","N14 D_Fugitive","NMVOC","Gg","7.38077025175"
"FI","2012","N14 E_Solvents","NMVOC","Gg","19.22649869"
"FI","2012","N14 F_RoadTransport","NMVOC","Gg","9.96038440023312"
"FI","2012","N14 G_Shipping","NMVOC","Gg","3.42988665130307"
"FI","2012","N14 H_Aviation","NMVOC","Gg","0.14121382944179"
"FI","2012","N14 I_Offroad","NMVOC","Gg","11.4714218259523"
"FI","2012","N14 J_Waste","NMVOC","Gg","0.134730446"
"FI","2012","N14 K_AgriLivestock","NMVOC","Gg","12.6757521281996"
"FI","2012","N14 L_AgriOther","NMVOC","Gg","3.9799104359951"
"FI","2012","N14 M_Other","NMVOC","Gg","0"
"FI","2012","N14 O_AviCruise","NMVOC","Gg","0.19020962283375"
"FI","2012","N14 P_IntShipping","NMVOC","Gg","0.2368"
"FI","2012","N14 N_Natural","NMVOC","Gg","0"
"FI","2012","N14 z_Memo","NMVOC","Gg","0"
"KZ","2015","N14 A_PublicPower","NMVOC","Gg","5.1571674442995"
"KZ","2015","N14 B_Industry","NMVOC","Gg","13.2932984668732"
"KZ","2015","N14 C_OtherStatComb","NMVOC","Gg","77.7138486143264"
"KZ","2015","N14 D_Fugitive","NMVOC","Gg","0"
"KZ","2015","N14 E_Solvents","NMVOC","Gg","36.388024130274"
"KZ","2015","N14 F_RoadTransport","NMVOC","Gg","56.206131222"
"KZ","2015","N14 G_Shipping","NMVOC","Gg","0.085215616744186"
"KZ","2015","N14 H_Aviation","NMVOC","Gg","0.03396"
"KZ","2015","N14 I_Offroad","NMVOC","Gg","4.50983073767442"
"KZ","2015","N14 J_Waste","NMVOC","Gg","5.142698"
"KZ","2015","N14 K_AgriLivestock","NMVOC","Gg","83.150915"
"KZ","2015","N14 L_AgriOther","NMVOC","Gg","18.079737"
"KZ","2015","N14 M_Other","NMVOC","Gg","0"
"KZ","2015","N14 N_Natural","NMVOC","Gg","22.949"
"AT","1996","N14 A_PublicPower","NMVOC","Gg","0.237705262519724"
"AT","1996","N14 B_Industry","NMVOC","Gg","4.77400314792006"
"AT","1996","N14 C_OtherStatComb","NMVOC","Gg","39.1389666369731"
"AT","1996","N14 D_Fugitive","NMVOC","Gg","8.46491534450893"
"AT","1996","N14 E_Solvents","NMVOC","Gg","79.8038259846765"
"AT","1996","N14 F_RoadTransport","NMVOC","Gg","41.5631952877365"
"AT","1996","N14 G_Shipping","NMVOC","Gg","0.611762325680386"
"AT","1996","N14 H_Aviation","NMVOC","Gg","0.285262471686923"
"AT","1996","N14 I_Offroad","NMVOC","Gg","9.30217164283146"
"AT","1996","N14 J_Waste","NMVOC","Gg","0.132975790182823"
"AT","1996","N14 K_AgriLivestock","NMVOC","Gg","31.0679967150259"
"AT","1996","N14 L_AgriOther","NMVOC","Gg","14.6003562868935"
"AT","1996","N14 M_Other","NMVOC","Gg","0"
"AT","1996","N14 O_AviCruise","NMVOC","Gg","0.337318367673542"
"AT","1996","N14 P_IntShipping","NMVOC","Gg","0"
"AT","1996","N14 N_Natural","NMVOC","Gg","0"
"AT","1996","N14 z_Memo","NMVOC","Gg","43.1321684658981"
"GB","1993","N14 A_PublicPower","NMVOC","Gg","6.401889258466"
"GB","1993","N14 B_Industry","NMVOC","Gg","262.748283694291"
"GB","1993","N14 C_OtherStatComb","NMVOC","Gg","61.020237416708"
"GB","1993","N14 D_Fugitive","NMVOC","Gg","699.387579338312"
"GB","1993","N14 E_Solvents","NMVOC","Gg","554.405485186889"
"GB","1993","N14 F_RoadTransport","NMVOC","Gg","914.699863548167"
"GB","1993","N14 G_Shipping","NMVOC","Gg","6.609696916773"
"GB","1993","N14 H_Aviation","NMVOC","Gg","4.191792943414"
"GB","1993","N14 I_Offroad","NMVOC","Gg","55.391427685762"
"GB","1993","N14 J_Waste","NMVOC","Gg","15.604727471938"
"GB","1993","N14 K_AgriLivestock","NMVOC","Gg","94.329558105132"
"GB","1993","N14 L_AgriOther","NMVOC","Gg","8.179775875983"
"GB","1993","N14 M_Other","NMVOC","Gg","0.884907291781"
"GB","1993","N14 O_AviCruise","NMVOC","Gg","1.835259895796"
"GB","1993","N14 P_IntShipping","NMVOC","Gg","6.580577610454"
"GB","1993","N14 N_Natural","NMVOC","Gg","91.677929411765"
"GB","1993","N14 z_Memo","NMVOC","Gg","777.027773937984"
"DK","1982","N14 A_PublicPower","NMVOC","Gg","0"
"DK","1982","N14 B_Industry","NMVOC","Gg","0"
"DK","1982","N14 C_OtherStatComb","NMVOC","Gg","0"
"DK","1982","N14 D_Fugitive","NMVOC","Gg","0"
"DK","1982","N14 E_Solvents","NMVOC","Gg","0"
"DK","1982","N14 F_RoadTransport","NMVOC","Gg","0"
"DK","1982","N14 G_Shipping","NMVOC","Gg","0"
"DK","1982","N14 H_Aviation","NMVOC","Gg","0"
"DK","1982","N14 I_Offroad","NMVOC","Gg","0"
"DK","1982","N14 J_Waste","NMVOC","Gg","0"
"DK","1982","N14 K_AgriLivestock","NMVOC","Gg","0"
"DK","1982","N14 L_AgriOther","NMVOC","Gg","0"
"DK","1982","N14 M_Other","NMVOC","Gg","0"
"DK","1982","N14 O_AviCruise","NMVOC","Gg","0"
"DK","1982","N14 P_IntShipping","NMVOC","Gg","0"
"DK","1982","N14 N_Natural","NMVOC","Gg","0"
"DK","1982","N14 z_Memo","NMVOC","Gg","0"
"EU09","2015","N14 A_PublicPower","NMVOC","Gg","17.3646002816383"
"EU09","2015","N14 B_Industry","NMVOC","Gg","343.259822259774"
"EU09","2015","N14 C_OtherStatComb","NMVOC","Gg","460.297894115961"
"EU09","2015","N14 D_Fugitive","NMVOC","Gg","322.919633573447"
"EU09","2015","N14 E_Solvents","NMVOC","Gg","1651.73632122848"
"EU09","2015","N14 F_RoadTransport","NMVOC","Gg","376.244423738316"
"EU09","2015","N14 G_Shipping","NMVOC","Gg","37.790161767303"
"EU09","2015","N14 H_Aviation","NMVOC","Gg","5.29873571406232"
"EU09","2015","N14 I_Offroad","NMVOC","Gg","104.366084865515"
"EU09","2015","N14 J_Waste","NMVOC","Gg","30.5498066533057"
"EU09","2015","N14 K_AgriLivestock","NMVOC","Gg","563.969782756862"
"EU09","2015","N14 L_AgriOther","NMVOC","Gg","76.8645679442684"
"EU09","2015","N14 M_Other","NMVOC","Gg","1.943718265406"
"EU09","2015","N14 O_AviCruise","NMVOC","Gg","8.17571872059425"
"EU09","2015","N14 P_IntShipping","NMVOC","Gg","25.836960381304"
"EU09","2015","N14 N_Natural","NMVOC","Gg","1639.41027491373"
"EU09","2015","N14 z_Memo","NMVOC","Gg","1598.19265920344"
"CY","2004","N14 A_PublicPower","NMVOC","Gg","0.1003552721"
"CY","2004","N14 B_Industry","NMVOC","Gg","0.6501303355"
"CY","2004","N14 C_OtherStatComb","NMVOC","Gg","0.0322471828044"
"CY","2004","N14 D_Fugitive","NMVOC","Gg","1.30016457895356"
"CY","2004","N14 E_Solvents","NMVOC","Gg","13.547387184267"
"CY","2004","N14 F_RoadTransport","NMVOC","Gg","4.61377903108585"
"CY","2004","N14 G_Shipping","NMVOC","Gg","0.00247063201629021"
"CY","2004","N14 H_Aviation","NMVOC","Gg","0.0207154980053706"
"CY","2004","N14 I_Offroad","NMVOC","Gg","0.0770700920543484"
"CY","2004","N14 J_Waste","NMVOC","Gg","0.752286111219677"
"CY","2004","N14 K_AgriLivestock","NMVOC","Gg","1.14111311302043"
"CY","2004","N14 L_AgriOther","NMVOC","Gg","0.06308"
"CY","2004","N14 M_Other","NMVOC","Gg","0"
"CY","2004","N14 O_AviCruise","NMVOC","Gg","0"
"CY","2004","N14 P_IntShipping","NMVOC","Gg","0.0937524151640134"
"CY","2004","N14 N_Natural","NMVOC","Gg","0"
"CY","2004","N14 z_Memo","NMVOC","Gg","4.6369651611075"
"CZ","1997","N14 A_PublicPower","NMVOC","Gg","7.199663233"
"CZ","1997","N14 B_Industry","NMVOC","Gg","6.999607446"
"CZ","1997","N14 C_OtherStatComb","NMVOC","Gg","119.072642528537"
"CZ","1997","N14 D_Fugitive","NMVOC","Gg","16.78753979"
"CZ","1997","N14 E_Solvents","NMVOC","Gg","118.53590163881"
"CZ","1997","N14 F_RoadTransport","NMVOC","Gg","60.0860874556206"
"CZ","1997","N14 G_Shipping","NMVOC","Gg","0.065588292"
"CZ","1997","N14 H_Aviation","NMVOC","Gg","0.0428855"
"CZ","1997","N14 I_Offroad","NMVOC","Gg","9.52866946022222"
"CZ","1997","N14 J_Waste","NMVOC","Gg","0.013628151534"
"CZ","1997","N14 K_AgriLivestock","NMVOC","Gg","0"
"CZ","1997","N14 L_AgriOther","NMVOC","Gg","0"
"CZ","1997","N14 M_Other","NMVOC","Gg","0"
"CZ","1997","N14 O_AviCruise","NMVOC","Gg","0.2603595"
"CZ","1997","N14 P_IntShipping","NMVOC","Gg","0"
"CZ","1997","N14 N_Natural","NMVOC","Gg","0.265"
"CZ","1997","N14 z_Memo","NMVOC","Gg","60.7614314856207"
"SK","2008","N14 A_PublicPower","NMVOC","Gg","0.141383354"
"SK","2008","N14 B_Industry","NMVOC","Gg","6.2107324034"
"SK","2008","N14 C_OtherStatComb","NMVOC","Gg","51.8733583193636"
"SK","2008","N14 D_Fugitive","NMVOC","Gg","7.828615276635"
"SK","2008","N14 E_Solvents","NMVOC","Gg","51.5402483147067"
"SK","2008","N14 F_RoadTransport","NMVOC","Gg","14.6935333172921"
"SK","2008","N14 G_Shipping","NMVOC","Gg","0.029526718752"
"SK","2008","N14 H_Aviation","NMVOC","Gg","0.00099726448732972"
"SK","2008","N14 I_Offroad","NMVOC","Gg","1.03954927441997"
"SK","2008","N14 J_Waste","NMVOC","Gg","0.90285014424"
"SK","2008","N14 K_AgriLivestock","NMVOC","Gg","5.02159252494585"
"SK","2008","N14 L_AgriOther","NMVOC","Gg","2.09352222693914"
"SK","2008","N14 M_Other","NMVOC","Gg","0"
"SK","2008","N14 O_AviCruise","NMVOC","Gg","0.00263987938926407"
"SK","2008","N14 P_IntShipping","NMVOC","Gg","0"
"SK","2008","N14 N_Natural","NMVOC","Gg","0.0589965"
"SK","2008","N14 z_Memo","NMVOC","Gg","0"
"AT","2000","N14 A_PublicPower","NMVOC","Gg","0.197104817235902"
"AT","2000","N14 B_Industry","NMVOC","Gg","3.99469241402442"
"AT","2000","N14 C_OtherStatComb","NMVOC","Gg","31.8369387206898"
"AT","2000","N14 D_Fugitive","NMVOC","Gg","5.6924715180806"
"AT","2000","N14 E_Solvents","NMVOC","Gg","58.9322880116889"
"AT","2000","N14 F_RoadTransport","NMVOC","Gg","26.6034275299806"
"AT","2000","N14 G_Shipping","NMVOC","Gg","0.589145344592769"
"AT","2000","N14 H_Aviation","NMVOC","Gg","0.376916779543686"
"AT","2000","N14 I_Offroad","NMVOC","Gg","8.38707872679096"
"AT","2000","N14 J_Waste","NMVOC","Gg","0.117146929024712"
"AT","2000","N14 K_AgriLivestock","NMVOC","Gg","29.7043004393227"
"AT","2000","N14 L_AgriOther","NMVOC","Gg","13.1235383595788"
"AT","2000","N14 M_Other","NMVOC","Gg","0"
"AT","2000","N14 O_AviCruise","NMVOC","Gg","0.415991019060856"
"AT","2000","N14 P_IntShipping","NMVOC","Gg","0"
"AT","2000","N14 N_Natural","NMVOC","Gg","0"
"AT","2000","N14 z_Memo","NMVOC","Gg","27.7104042697834"
"LV","1990","N14 A_PublicPower","NMVOC","Gg","0.21381406"
"LV","1990","N14 B_Industry","NMVOC","Gg","5.075448978"
"LV","1990","N14 C_OtherStatComb","NMVOC","Gg","13.513748356"
"LV","1990","N14 D_Fugitive","NMVOC","Gg","4.183595"
"LV","1990","N14 E_Solvents","NMVOC","Gg","9.53987781444557"
"LV","1990","N14 F_RoadTransport","NMVOC","Gg","23.5738038175254"
"LV","1990","N14 G_Shipping","NMVOC","Gg","0.0110353910031847"
"LV","1990","N14 H_Aviation","NMVOC","Gg","0.0742011763680065"
"LV","1990","N14 I_Offroad","NMVOC","Gg","6.565253625843"
"LV","1990","N14 J_Waste","NMVOC","Gg","0.710947034739015"
"LV","1990","N14 K_AgriLivestock","NMVOC","Gg","14.6546801834976"
"LV","1990","N14 L_AgriOther","NMVOC","Gg","1.418097"
"LV","1990","N14 M_Other","NMVOC","Gg","0"
"LV","1990","N14 O_AviCruise","NMVOC","Gg","0.0793958113383878"
"LV","1990","N14 P_IntShipping","NMVOC","Gg","1.3105"
"LV","1990","N14 N_Natural","NMVOC","Gg","0.129"
"LV","1990","N14 z_Memo","NMVOC","Gg","0"
"GE","2015","N14 A_PublicPower","NMVOC","Gg","0.03636352"
"GE","2015","N14 B_Industry","NMVOC","Gg","3.61356060326251"
"GE","2015","N14 C_OtherStatComb","NMVOC","Gg","10.119715408"
"GE","2015","N14 D_Fugitive","NMVOC","Gg","0.2825046"
"GE","2015","N14 E_Solvents","NMVOC","Gg","4.4662992"
"GE","2015","N14 F_RoadTransport","NMVOC","Gg","14.1565345457283"
"GE","2015","N14 G_Shipping","NMVOC","Gg","0.0051405"
"GE","2015","N14 H_Aviation","NMVOC","Gg","0"
"GE","2015","N14 I_Offroad","NMVOC","Gg","0.0807577"
"GE","2015","N14 J_Waste","NMVOC","Gg","0.673769141986063"
"GE","2015","N14 K_AgriLivestock","NMVOC","Gg","7.43775"
"GE","2015","N14 L_AgriOther","NMVOC","Gg","0.226782"
"GE","2015","N14 M_Other","NMVOC","Gg","0"
"EE","2014","N14 A_PublicPower","NMVOC","Gg","0.491016"
"EE","2014","N14 B_Industry","NMVOC","Gg","2.383183"
"EE","2014","N14 C_OtherStatComb","NMVOC","Gg","3.665599"
"EE","2014","N14 D_Fugitive","NMVOC","Gg","1.365919"
"EE","2014","N14 E_Solvents","NMVOC","Gg","6.173928"
"EE","2014","N14 F_RoadTransport","NMVOC","Gg","1.730384"
"EE","2014","N14 G_Shipping","NMVOC","Gg","0.047645"
"EE","2014","N14 H_Aviation","NMVOC","Gg","0.014907"
"EE","2014","N14 I_Offroad","NMVOC","Gg","1.171587"
"EE","2014","N14 J_Waste","NMVOC","Gg","0.166256"
"EE","2014","N14 K_AgriLivestock","NMVOC","Gg","4.44079"
"EE","2014","N14 L_AgriOther","NMVOC","Gg","0.438873"
"EE","2014","N14 M_Other","NMVOC","Gg","0"
"EE","2014","N14 O_AviCruise","NMVOC","Gg","0.019713"
"EE","2014","N14 P_IntShipping","NMVOC","Gg","0.91014"
"EE","2014","N14 N_Natural","NMVOC","Gg","39.33494"
"EE","2014","N14 z_Memo","NMVOC","Gg","0"
"MK","2002","N14 A_PublicPower","NMVOC","Gg","0.0797271933891384"
"MK","2002","N14 B_Industry","NMVOC","Gg","2.30334970172764"
"MK","2002","N14 C_OtherStatComb","NMVOC","Gg","9.04515081231917"
"MK","2002","N14 D_Fugitive","NMVOC","Gg","2.00072384592098"
"MK","2002","N14 E_Solvents","NMVOC","Gg","7.41772713190129"
"MK","2002","N14 F_RoadTransport","NMVOC","Gg","10.6728598468303"
"MK","2002","N14 G_Shipping","NMVOC","Gg","7.41241658851489e-05"
"MK","2002","N14 H_Aviation","NMVOC","Gg","0.0029408288572194"
"MK","2002","N14 I_Offroad","NMVOC","Gg","0.725994718823795"
"MK","2002","N14 J_Waste","NMVOC","Gg","1.91877079128029"
"MK","2002","N14 K_AgriLivestock","NMVOC","Gg","3.6732053907491"
"MK","2002","N14 L_AgriOther","NMVOC","Gg","1.13176"
"MK","2002","N14 M_Other","NMVOC","Gg","0"
"MK","2002","N14 O_AviCruise","NMVOC","Gg","0.890017624072107"
"MK","2002","N14 P_IntShipping","NMVOC","Gg","0"
"MK","2002","N14 N_Natural","NMVOC","Gg","1.6446"
"MK","2002","N14 z_Memo","NMVOC","Gg","0"
"CA","2012","N14 A_PublicPower","NMVOC","Gg","1.23429424809009"
"CA","2012","N14 B_Industry","NMVOC","Gg","143.57112725655"
"CA","2012","N14 C_OtherStatComb","NMVOC","Gg","237.450220619693"
"CA","2012","N14 D_Fugitive","NMVOC","Gg","699.365590356129"
"CA","2012","N14 E_Solvents","NMVOC","Gg","310.635455094559"
"CA","2012","N14 F_RoadTransport","NMVOC","Gg","172.678810947583"
"CA","2012","N14 G_Shipping","NMVOC","Gg","8.35292923302729"
"CA","2012","N14 H_Aviation","NMVOC","Gg","2.77213912534831"
"CA","2012","N14 I_Offroad","NMVOC","Gg","188.159396235861"
"CA","2012","N14 J_Waste","NMVOC","Gg","10.2239313246117"
"CA","2012","N14 K_AgriLivestock","NMVOC","Gg","114.553609581467"
"CA","2012","N14 L_AgriOther","NMVOC","Gg","2.62117455371114"
"CA","2012","N14 M_Other","NMVOC","Gg","7.13939226784967"
"CA","2012","N14 O_AviCruise","NMVOC","Gg","3.5115112413477"
"CA","2012","N14 P_IntShipping","NMVOC","Gg","0"
"CA","2012","N14 N_Natural","NMVOC","Gg","0"
"CA","2012","N14 z_Memo","NMVOC","Gg","0"
"RO","2005","N14 A_PublicPower","NMVOC","Gg","0.9020149"
"RO","2005","N14 B_Industry","NMVOC","Gg","41.3809489382"
"RO","2005","N14 C_OtherStatComb","NMVOC","Gg","69.39162468"
"RO","2005","N14 D_Fugitive","NMVOC","Gg","30.42786061213"
"RO","2005","N14 E_Solvents","NMVOC","Gg","43.42968894768"
"RO","2005","N14 F_RoadTransport","NMVOC","Gg","50.0204463619367"
"RO","2005","N14 G_Shipping","NMVOC","Gg","0.112"
"RO","2005","N14 H_Aviation","NMVOC","Gg","0.03273667"
"RO","2005","N14 I_Offroad","NMVOC","Gg","37.6643530225911"
"RO","2005","N14 J_Waste","NMVOC","Gg","1.668421369"
"RO","2005","N14 K_AgriLivestock","NMVOC","Gg","39.1662918310025"
"RO","2005","N14 L_AgriOther","NMVOC","Gg","5.7940269021556"
"RO","2005","N14 M_Other","NMVOC","Gg","0"
"RO","2005","N14 O_AviCruise","NMVOC","Gg","0.04660778"
"RO","2005","N14 P_IntShipping","NMVOC","Gg","0"
"PL","2012","N14 A_PublicPower","NMVOC","Gg","2.77436463"
"PL","2012","N14 B_Industry","NMVOC","Gg","89.818760243286"
"PL","2012","N14 C_OtherStatComb","NMVOC","Gg","136.674479807"
"PL","2012","N14 D_Fugitive","NMVOC","Gg","55.2348325618965"
"PL","2012","N14 E_Solvents","NMVOC","Gg","185.263056752133"
"PL","2012","N14 F_RoadTransport","NMVOC","Gg","92.7354958868006"
"PL","2012","N14 G_Shipping","NMVOC","Gg","0.00974638313865486"
"PL","2012","N14 H_Aviation","NMVOC","Gg","0.0427801028237945"
"PL","2012","N14 I_Offroad","NMVOC","Gg","8.05721312562814"
"PL","2012","N14 J_Waste","NMVOC","Gg","13.5115890315859"
"PL","2012","N14 K_AgriLivestock","NMVOC","Gg","85.6631031423333"
"PL","2012","N14 L_AgriOther","NMVOC","Gg","6.15619924927829"
"PL","2012","N14 M_Other","NMVOC","Gg","0"
"PL","2012","N14 O_AviCruise","NMVOC","Gg","0.302149643733857"
"PL","2012","N14 P_IntShipping","NMVOC","Gg","0.3942"
"PL","2012","N14 N_Natural","NMVOC","Gg","255.834680051048"
"PL","2012","N14 z_Memo","NMVOC","Gg","0"
"HR","2005","N14 A_PublicPower","NMVOC","Gg","0.276129296"
"HR","2005","N14 B_Industry","NMVOC","Gg","10.5723478126667"
"HR","2005","N14 C_OtherStatComb","NMVOC","Gg","26.72149976668"
"HR","2005","N14 D_Fugitive","NMVOC","Gg","5.4221536198932"
"HR","2005","N14 E_Solvents","NMVOC","Gg","39.179130361"
"HR","2005","N14 F_RoadTransport","NMVOC","Gg","18.6659830131242"
"HR","2005","N14 G_Shipping","NMVOC","Gg","0.236906988574886"
"HR","2005","N14 H_Aviation","NMVOC","Gg","0.029421103375"
"HR","2005","N14 I_Offroad","NMVOC","Gg","2.29812389700625"
"HR","2005","N14 J_Waste","NMVOC","Gg","2.79092218124"
"HR","2005","N14 K_AgriLivestock","NMVOC","Gg","8.67224034103"
"HR","2005","N14 L_AgriOther","NMVOC","Gg","1.0412794"
"HR","2005","N14 M_Other","NMVOC","Gg","0"
"HR","2005","N14 O_AviCruise","NMVOC","Gg","0.03580892875"
"HR","2005","N14 P_IntShipping","NMVOC","Gg","0.06976002804"
"HR","2005","N14 N_Natural","NMVOC","Gg","0.1887"
"HR","2005","N14 z_Memo","NMVOC","Gg","0"
"MC","2008","N14 A_PublicPower","NMVOC","Gg","0.000135836202499433"
"MC","2008","N14 B_Industry","NMVOC","Gg","1.11248e-05"
"MC","2008","N14 C_OtherStatComb","NMVOC","Gg","0.000562615513856751"
"MC","2008","N14 D_Fugitive","NMVOC","Gg","9.35871428571429e-05"
"MC","2008","N14 E_Solvents","NMVOC","Gg","0.103064760251168"
"MC","2008","N14 F_RoadTransport","NMVOC","Gg","0.136298961902801"
"MC","2008","N14 G_Shipping","NMVOC","Gg","0.0159304831020156"
"MC","2008","N14 H_Aviation","NMVOC","Gg","0.0205867848784"
"MC","2008","N14 I_Offroad","NMVOC","Gg","0.0125964802838625"
"MC","2008","N14 J_Waste","NMVOC","Gg","7.6026465e-05"
"MC","2008","N14 K_AgriLivestock","NMVOC","Gg","0"
"MC","2008","N14 L_AgriOther","NMVOC","Gg","0"
"MC","2008","N14 M_Other","NMVOC","Gg","0"
"MC","2008","N14 O_AviCruise","NMVOC","Gg","0"
"MC","2008","N14 P_IntShipping","NMVOC","Gg","0.0593200811558573"
"MC","2008","N14 N_Natural","NMVOC","Gg","0"
"MC","2008","N14 z_Memo","NMVOC","Gg","0"
"MT","2012","N14 A_PublicPower","NMVOC","Gg","0.0594334939046798"
"MT","2012","N14 B_Industry","NMVOC","Gg","0.173109435957776"
"MT","2012","N14 C_OtherStatComb","NMVOC","Gg","0.022834869733263"
"MT","2012","N14 D_Fugitive","NMVOC","Gg","0.146"
"MT","2012","N14 E_Solvents","NMVOC","Gg","0.5067346"
"MT","2012","N14 F_RoadTransport","NMVOC","Gg","1.08784946490933"
"MT","2012","N14 G_Shipping","NMVOC","Gg","0.0140938422908822"
"MT","2012","N14 H_Aviation","NMVOC","Gg","0.03376018"
"MT","2012","N14 I_Offroad","NMVOC","Gg","0.0002218892395968"
"MT","2012","N14 J_Waste","NMVOC","Gg","0.415312587"
"MT","2012","N14 K_AgriLivestock","NMVOC","Gg","0.484605412954978"
"MT","2012","N14 L_AgriOther","NMVOC","Gg","0.00031912971106383"
"MT","2012","N14 M_Other","NMVOC","Gg","0.00348"
"MT","2012","N14 O_AviCruise","NMVOC","Gg","0.0080516875"
"MT","2012","N14 P_IntShipping","NMVOC","Gg","9.41945823501928e-12"
"EU27","2016","N14 A_PublicPower","NMVOC","Gg","38.5799736819823"
"EU27","2016","N14 B_Industry","NMVOC","Gg","639.319344738399"
"EU27","2016","N14 C_OtherStatComb","NMVOC","Gg","1012.38038579229"
"EU27","2016","N14 D_Fugitive","NMVOC","Gg","460.469637642446"
"EU27","2016","N14 E_Solvents","NMVOC","Gg","2542.87254551372"
"EU27","2016","N14 F_RoadTransport","NMVOC","Gg","581.818658872416"
"EU27","2016","N14 G_Shipping","NMVOC","Gg","45.6743641964578"
"EU27","2016","N14 H_Aviation","NMVOC","Gg","7.46465762725113"
"EU27","2016","N14 I_Offroad","NMVOC","Gg","161.848825788766"
"EU27","2016","N14 J_Waste","NMVOC","Gg","64.2113569641369"
"EU27","2016","N14 K_AgriLivestock","NMVOC","Gg","882.223993279864"
"EU27","2016","N14 L_AgriOther","NMVOC","Gg","221.829958257435"
"EU27","2016","N14 M_Other","NMVOC","Gg","1.985298653406"
"EU27","2016","N14 O_AviCruise","NMVOC","Gg","12.5060648551237"
"EU27","2016","N14 P_IntShipping","NMVOC","Gg","53.109100131479"
"EU27","2016","N14 N_Natural","NMVOC","Gg","2454.1375018244"
"EU27","2016","N14 z_Memo","NMVOC","Gg","1549.7901006816"
"SK","2013","N14 A_PublicPower","NMVOC","Gg","0.176638629"
"SK","2013","N14 B_Industry","NMVOC","Gg","4.94001023858803"
"SK","2013","N14 C_OtherStatComb","NMVOC","Gg","51.1285413813449"
"SK","2013","N14 D_Fugitive","NMVOC","Gg","7.53871563395075"
"SK","2013","N14 E_Solvents","NMVOC","Gg","27.7079733888768"
"SK","2013","N14 F_RoadTransport","NMVOC","Gg","7.20447025965466"
"SK","2013","N14 G_Shipping","NMVOC","Gg","0.0138866040144"
"SK","2013","N14 H_Aviation","NMVOC","Gg","0.00122487149341535"
"SK","2013","N14 I_Offroad","NMVOC","Gg","0.951035273115637"
"SK","2013","N14 J_Waste","NMVOC","Gg","0.813389367838548"
"SK","2013","N14 K_AgriLivestock","NMVOC","Gg","4.64151784755901"
"SK","2013","N14 L_AgriOther","NMVOC","Gg","1.92384292132077"
"SK","2013","N14 M_Other","NMVOC","Gg","0"
"SK","2013","N14 O_AviCruise","NMVOC","Gg","0.00183564554334014"
"SK","2013","N14 P_IntShipping","NMVOC","Gg","0"
"SK","2013","N14 N_Natural","NMVOC","Gg","0.13513"
"SK","2013","N14 z_Memo","NMVOC","Gg","0"
"MK","1988","N14 A_PublicPower","NMVOC","Gg","0.0786"
"MK","1988","N14 B_Industry","NMVOC","Gg","2.7606756694136"
"MK","1988","N14 C_OtherStatComb","NMVOC","Gg","10.763837907"
"MK","1988","N14 D_Fugitive","NMVOC","Gg","2.23053571017229"
"MK","1988","N14 E_Solvents","NMVOC","Gg","7.67393333725904"
"MK","1988","N14 F_RoadTransport","NMVOC","Gg","13.7692101853952"
"MK","1988","N14 G_Shipping","NMVOC","Gg","0"
"MK","1988","N14 H_Aviation","NMVOC","Gg","0.03"
"MK","1988","N14 I_Offroad","NMVOC","Gg","0.08008203"
"MK","1988","N14 J_Waste","NMVOC","Gg","2.63480760068397"
"MK","1988","N14 K_AgriLivestock","NMVOC","Gg","3.99688477676872"
"MK","1988","N14 L_AgriOther","NMVOC","Gg","1.13864"
"MK","1988","N14 M_Other","NMVOC","Gg","0"
"MK","1988","N14 O_AviCruise","NMVOC","Gg","0"
"MK","1988","N14 P_IntShipping","NMVOC","Gg","0"
"MK","1988","N14 N_Natural","NMVOC","Gg","0"
"MK","1988","N14 z_Memo","NMVOC","Gg","0"
"BE","2004","N14 A_PublicPower","NMVOC","Gg","0.60076625811532"
"BE","2004","N14 B_Industry","NMVOC","Gg","25.521621140159"
"BE","2004","N14 C_OtherStatComb","NMVOC","Gg","11.3713044134336"
"BE","2004","N14 D_Fugitive","NMVOC","Gg","17.1922736778163"
"BE","2004","N14 E_Solvents","NMVOC","Gg","63.1494836656602"
"BE","2004","N14 F_RoadTransport","NMVOC","Gg","23.6110051349067"
"BE","2004","N14 G_Shipping","NMVOC","Gg","0.395562322604754"
"BE","2004","N14 H_Aviation","NMVOC","Gg","0.151310536927139"
"BE","2004","N14 I_Offroad","NMVOC","Gg","5.49131055970192"
"BE","2004","N14 J_Waste","NMVOC","Gg","1.94426687241275"
"BE","2004","N14 K_AgriLivestock","NMVOC","Gg","25.0083248993968"
"BE","2004","N14 L_AgriOther","NMVOC","Gg","1.2234718378"
"BE","2004","N14 M_Other","NMVOC","Gg","0"
"BE","2004","N14 O_AviCruise","NMVOC","Gg","0.53810065289274"
"BE","2004","N14 P_IntShipping","NMVOC","Gg","0.930238596787308"
"BE","2004","N14 N_Natural","NMVOC","Gg","47.5500704919"
"BE","2004","N14 z_Memo","NMVOC","Gg","20.4955425122416"
"BG","2009","N14 A_PublicPower","NMVOC","Gg","0.063244056"
"BG","2009","N14 B_Industry","NMVOC","Gg","3.4730488972"
"BG","2009","N14 C_OtherStatComb","NMVOC","Gg","19.19021775"
"BG","2009","N14 D_Fugitive","NMVOC","Gg","11.081921221"
"BG","2009","N14 E_Solvents","NMVOC","Gg","15.6749863525"
"BG","2009","N14 F_RoadTransport","NMVOC","Gg","15.9259468517015"
"BG","2009","N14 G_Shipping","NMVOC","Gg","0.58394669904"
"BG","2009","N14 H_Aviation","NMVOC","Gg","0.0185244"
"BG","2009","N14 I_Offroad","NMVOC","Gg","0.647778"
"BG","2009","N14 J_Waste","NMVOC","Gg","5.4843972085"
"BG","2009","N14 K_AgriLivestock","NMVOC","Gg","10.327996198"
"BG","2009","N14 L_AgriOther","NMVOC","Gg","3.10723295009416"
"BG","2009","N14 M_Other","NMVOC","Gg","0"
"BG","2009","N14 O_AviCruise","NMVOC","Gg","0.0763"
"BG","2009","N14 P_IntShipping","NMVOC","Gg","0"
"IT","2008","N14 A_PublicPower","NMVOC","Gg","3.89052300130494"
"IT","2008","N14 B_Industry","NMVOC","Gg","54.5199054976321"
"IT","2008","N14 C_OtherStatComb","NMVOC","Gg","231.83760246166"
"IT","2008","N14 D_Fugitive","NMVOC","Gg","73.0083425784531"
"IT","2008","N14 E_Solvents","NMVOC","Gg","463.560135919307"
"IT","2008","N14 F_RoadTransport","NMVOC","Gg","230.564816777695"
"IT","2008","N14 G_Shipping","NMVOC","Gg","36.8111034350746"
"IT","2008","N14 H_Aviation","NMVOC","Gg","0.76500978013074"
"IT","2008","N14 I_Offroad","NMVOC","Gg","20.7557454498245"
"IT","2008","N14 J_Waste","NMVOC","Gg","12.3460927966996"
"IT","2008","N14 K_AgriLivestock","NMVOC","Gg","111.385039260312"
"IT","2008","N14 L_AgriOther","NMVOC","Gg","26.8820714643467"
"IT","2008","N14 M_Other","NMVOC","Gg","0"
"IT","2008","N14 O_AviCruise","NMVOC","Gg","1.13240821567191"
"IT","2008","N14 P_IntShipping","NMVOC","Gg","6.27232166969546"
"IT","2008","N14 N_Natural","NMVOC","Gg","1319.23011367444"
"IT","2008","N14 z_Memo","NMVOC","Gg","0"
"EU12","1997","N14 A_PublicPower","NMVOC","Gg","24.2817551471025"
"EU12","1997","N14 B_Industry","NMVOC","Gg","608.570950874925"
"EU12","1997","N14 C_OtherStatComb","NMVOC","Gg","817.733434139061"
"EU12","1997","N14 D_Fugitive","NMVOC","Gg","1040.06215132784"
"EU12","1997","N14 E_Solvents","NMVOC","Gg","3333.36240390792"
"EU12","1997","N14 F_RoadTransport","NMVOC","Gg","3066.77263094462"
"EU12","1997","N14 G_Shipping","NMVOC","Gg","86.3250029321043"
"EU12","1997","N14 H_Aviation","NMVOC","Gg","10.12065012123"
"EU12","1997","N14 I_Offroad","NMVOC","Gg","275.913706989193"
"EU12","1997","N14 J_Waste","NMVOC","Gg","57.5310712972542"
"EU12","1997","N14 K_AgriLivestock","NMVOC","Gg","647.190542414231"
"EU12","1997","N14 L_AgriOther","NMVOC","Gg","175.666594578867"
"EU12","1997","N14 M_Other","NMVOC","Gg","1.729301277352"
"EU12","1997","N14 O_AviCruise","NMVOC","Gg","7.15767029556618"
"EU12","1997","N14 P_IntShipping","NMVOC","Gg","43.3157959759342"
"EU12","1997","N14 N_Natural","NMVOC","Gg","1975.68077435757"
"EU12","1997","N14 z_Memo","NMVOC","Gg","1511.56774005248"
"LT","2016","N14 A_PublicPower","NMVOC","Gg","0.343328285762213"
"LT","2016","N14 B_Industry","NMVOC","Gg","5.90698265127006"
"LT","2016","N14 C_OtherStatComb","NMVOC","Gg","10.9429808485"
"LT","2016","N14 D_Fugitive","NMVOC","Gg","2.86429416672784"
"LT","2016","N14 E_Solvents","NMVOC","Gg","7.33172503036384"
"LT","2016","N14 F_RoadTransport","NMVOC","Gg","4.2512926386837"
"LT","2016","N14 G_Shipping","NMVOC","Gg","0.0118245450303313"
"LT","2016","N14 H_Aviation","NMVOC","Gg","0.0111223"
"LT","2016","N14 I_Offroad","NMVOC","Gg","0.52354689006035"
"LT","2016","N14 J_Waste","NMVOC","Gg","0.7188108852"
"LT","2016","N14 K_AgriLivestock","NMVOC","Gg","11.7816767341722"
"LT","2016","N14 L_AgriOther","NMVOC","Gg","1.79354419"
"LT","2016","N14 M_Other","NMVOC","Gg","0"
"LT","2016","N14 P_IntShipping","NMVOC","Gg","0.452258254067585"
"NL","2012","N14 A_PublicPower","NMVOC","Gg","0.989843353"
"NL","2012","N14 B_Industry","NMVOC","Gg","27.26529488"
"NL","2012","N14 C_OtherStatComb","NMVOC","Gg","12.724987041"
"NL","2012","N14 D_Fugitive","NMVOC","Gg","16.07932135"
"NL","2012","N14 E_Solvents","NMVOC","Gg","78.533619518"
"NL","2012","N14 F_RoadTransport","NMVOC","Gg","31.251042624"
"NL","2012","N14 G_Shipping","NMVOC","Gg","1.540461029"
"NL","2012","N14 H_Aviation","NMVOC","Gg","0.281444851"
"NL","2012","N14 I_Offroad","NMVOC","Gg","6.464260982"
"NL","2012","N14 J_Waste","NMVOC","Gg","1.475169988"
"NL","2012","N14 K_AgriLivestock","NMVOC","Gg","60.052244328"
"NL","2012","N14 L_AgriOther","NMVOC","Gg","23.908511772"
"NL","2012","N14 M_Other","NMVOC","Gg","0.409715564"
"NL","2012","N14 O_AviCruise","NMVOC","Gg","0"
"NL","2012","N14 P_IntShipping","NMVOC","Gg","2.859062954"
"NL","2012","N14 N_Natural","NMVOC","Gg","0"
"NL","2012","N14 z_Memo","NMVOC","Gg","31.938077535"
"MC","2002","N14 A_PublicPower","NMVOC","Gg","0.000179866360069515"
"MC","2002","N14 B_Industry","NMVOC","Gg","7.4192e-06"
"MC","2002","N14 C_OtherStatComb","NMVOC","Gg","0.000605342404115751"
"MC","2002","N14 D_Fugitive","NMVOC","Gg","8.62385714285714e-05"
"MC","2002","N14 E_Solvents","NMVOC","Gg","0.0918579475542127"
"MC","2002","N14 F_RoadTransport","NMVOC","Gg","0.222359112253724"
"MC","2002","N14 G_Shipping","NMVOC","Gg","0.0186781883709014"
"MC","2002","N14 H_Aviation","NMVOC","Gg","0.0214292754"
"MC","2002","N14 I_Offroad","NMVOC","Gg","0.0125964802838625"
"MC","2002","N14 J_Waste","NMVOC","Gg","9.41457e-05"
"MC","2002","N14 K_AgriLivestock","NMVOC","Gg","0"
"MC","2002","N14 L_AgriOther","NMVOC","Gg","0"
"MC","2002","N14 M_Other","NMVOC","Gg","0"
"MC","2002","N14 O_AviCruise","NMVOC","Gg","0"
"MC","2002","N14 P_IntShipping","NMVOC","Gg","0.0575298974447198"
"MC","2002","N14 N_Natural","NMVOC","Gg","0"
"MC","2002","N14 z_Memo","NMVOC","Gg","0"
"SI","2017","N14 A_PublicPower","NMVOC","Gg","0.149564199818022"
"SI","2017","N14 B_Industry","NMVOC","Gg","3.23191932659862"
"SI","2017","N14 C_OtherStatComb","NMVOC","Gg","6.89849704204986"
"SI","2017","N14 D_Fugitive","NMVOC","Gg","1.39171679381029"
"SI","2017","N14 E_Solvents","NMVOC","Gg","8.1084912607"
"SI","2017","N14 F_RoadTransport","NMVOC","Gg","2.23504835262516"
"SI","2017","N14 G_Shipping","NMVOC","Gg","0"
"SI","2017","N14 H_Aviation","NMVOC","Gg","0.05023817606"
"SI","2017","N14 I_Offroad","NMVOC","Gg","1.6231364494342"
"SI","2017","N14 J_Waste","NMVOC","Gg","0.3038435281857"
"SI","2017","N14 K_AgriLivestock","NMVOC","Gg","5.78857808700903"
"SI","2017","N14 L_AgriOther","NMVOC","Gg","0.0271135691982017"
"SI","2017","N14 M_Other","NMVOC","Gg","0"
"SI","2017","N14 O_AviCruise","NMVOC","Gg","0"
"SI","2017","N14 P_IntShipping","NMVOC","Gg","0.4247235"
"SI","2017","N14 N_Natural","NMVOC","Gg","0"
"SI","2017","N14 z_Memo","NMVOC","Gg","0.000423456453"
"HU","2015","N14 A_PublicPower","NMVOC","Gg","1.15343900877723"
"HU","2015","N14 B_Industry","NMVOC","Gg","13.7729114708977"
"HU","2015","N14 C_OtherStatComb","NMVOC","Gg","37.2576021978"
"HU","2015","N14 D_Fugitive","NMVOC","Gg","2.91553414529746"
"HU","2015","N14 E_Solvents","NMVOC","Gg","43.5108045606953"
"HU","2015","N14 F_RoadTransport","NMVOC","Gg","15.5487059850659"
"HU","2015","N14 G_Shipping","NMVOC","Gg","0.0168"
"HU","2015","N14 H_Aviation","NMVOC","Gg","0.0351742590518745"
"HU","2015","N14 I_Offroad","NMVOC","Gg","1.91083464377746"
"HU","2015","N14 J_Waste","NMVOC","Gg","1.75771449030382"
"HU","2015","N14 K_AgriLivestock","NMVOC","Gg","22.6743072650992"
"HU","2015","N14 L_AgriOther","NMVOC","Gg","3.57900696"
"HU","2015","N14 M_Other","NMVOC","Gg","0"
"HU","2015","N14 O_AviCruise","NMVOC","Gg","0.0672414594578607"
"HU","2015","N14 P_IntShipping","NMVOC","Gg","0"
"HU","2015","N14 N_Natural","NMVOC","Gg","0"
"HU","2015","N14 z_Memo","NMVOC","Gg","0"
"RS","2006","N14 A_PublicPower","NMVOC","Gg","0.5011374184"
"RS","2006","N14 B_Industry","NMVOC","Gg","11.5261330589794"
"RS","2006","N14 C_OtherStatComb","NMVOC","Gg","24.699571704029"
"RS","2006","N14 D_Fugitive","NMVOC","Gg","35.16019248405"
"RS","2006","N14 E_Solvents","NMVOC","Gg","18.0601800639212"
"RS","2006","N14 F_RoadTransport","NMVOC","Gg","29.1014432235"
"RS","2006","N14 G_Shipping","NMVOC","Gg","0.0486"
"RS","2006","N14 H_Aviation","NMVOC","Gg","0.02118"
"RS","2006","N14 I_Offroad","NMVOC","Gg","1.18269"
"RS","2006","N14 J_Waste","NMVOC","Gg","0.00408735553314815"
"RS","2006","N14 K_AgriLivestock","NMVOC","Gg","20.0018341814"
"RS","2006","N14 L_AgriOther","NMVOC","Gg","3.04182172"
"RS","2006","N14 M_Other","NMVOC","Gg","0"
"RS","2006","N14 O_AviCruise","NMVOC","Gg","0.0037053"
"RS","2006","N14 P_IntShipping","NMVOC","Gg","0"
"RS","2006","N14 N_Natural","NMVOC","Gg","0.1729"
"RS","2006","N14 z_Memo","NMVOC","Gg","0"
"PT","2004","N14 A_PublicPower","NMVOC","Gg","0.806729081116757"
"PT","2004","N14 B_Industry","NMVOC","Gg","26.05829211741"
"PT","2004","N14 C_OtherStatComb","NMVOC","Gg","19.1214092053022"
"PT","2004","N14 D_Fugitive","NMVOC","Gg","12.992868730467"
"PT","2004","N14 E_Solvents","NMVOC","Gg","99.2872371946231"
"PT","2004","N14 F_RoadTransport","NMVOC","Gg","43.8041007958766"
"PT","2004","N14 G_Shipping","NMVOC","Gg","0.183861029957448"
"PT","2004","N14 H_Aviation","NMVOC","Gg","0.624842940635162"
"PT","2004","N14 I_Offroad","NMVOC","Gg","0.75033934372578"
"PT","2004","N14 J_Waste","NMVOC","Gg","2.51257195029726"
"PT","2004","N14 K_AgriLivestock","NMVOC","Gg","8.50836419092546"
"PT","2004","N14 L_AgriOther","NMVOC","Gg","6.82728245145329"
"PT","2004","N14 M_Other","NMVOC","Gg","0"
"PT","2004","N14 O_AviCruise","NMVOC","Gg","0.309071581329671"
"PT","2004","N14 P_IntShipping","NMVOC","Gg","1.55093342277854"
"PT","2004","N14 N_Natural","NMVOC","Gg","531.693455231157"
"PT","2004","N14 z_Memo","NMVOC","Gg","0"
"HU","2002","N14 A_PublicPower","NMVOC","Gg","0.531702404733463"
"HU","2002","N14 B_Industry","NMVOC","Gg","13.5910590797039"
"HU","2002","N14 C_OtherStatComb","NMVOC","Gg","20.8717980643111"
"HU","2002","N14 D_Fugitive","NMVOC","Gg","3.83121994046425"
"HU","2002","N14 E_Solvents","NMVOC","Gg","51.1190819773218"
"HU","2002","N14 F_RoadTransport","NMVOC","Gg","60.5829433088988"
"HU","2002","N14 G_Shipping","NMVOC","Gg","0.0252"
"HU","2002","N14 H_Aviation","NMVOC","Gg","0.0034589083036946"
"HU","2002","N14 I_Offroad","NMVOC","Gg","2.85514905016261"
"HU","2002","N14 J_Waste","NMVOC","Gg","2.23905152668188"
"HU","2002","N14 K_AgriLivestock","NMVOC","Gg","25.4620966349177"
"HU","2002","N14 L_AgriOther","NMVOC","Gg","3.65429824"
"HU","2002","N14 M_Other","NMVOC","Gg","0"
"HU","2002","N14 O_AviCruise","NMVOC","Gg","0"
"HU","2002","N14 P_IntShipping","NMVOC","Gg","0"
"HU","2002","N14 N_Natural","NMVOC","Gg","0"
"HU","2002","N14 z_Memo","NMVOC","Gg","0"
"EU12","2011","N14 A_PublicPower","NMVOC","Gg","26.7398771080843"
"EU12","2011","N14 B_Industry","NMVOC","Gg","444.063239831576"
"EU12","2011","N14 C_OtherStatComb","NMVOC","Gg","488.59093264689"
"EU12","2011","N14 D_Fugitive","NMVOC","Gg","421.832796052405"
"EU12","2011","N14 E_Solvents","NMVOC","Gg","2215.92835711522"
"EU12","2011","N14 F_RoadTransport","NMVOC","Gg","564.053763066358"
"EU12","2011","N14 G_Shipping","NMVOC","Gg","49.340587321758"
"EU12","2011","N14 H_Aviation","NMVOC","Gg","6.79632632505682"
"EU12","2011","N14 I_Offroad","NMVOC","Gg","143.945723884266"
"EU12","2011","N14 J_Waste","NMVOC","Gg","43.4186428949893"
"EU12","2011","N14 K_AgriLivestock","NMVOC","Gg","604.93506419038"
"EU12","2011","N14 L_AgriOther","NMVOC","Gg","165.949756799387"
"EU12","2011","N14 M_Other","NMVOC","Gg","1.96168150681"
"EU12","2011","N14 O_AviCruise","NMVOC","Gg","10.0929888223345"
"EU12","2011","N14 P_IntShipping","NMVOC","Gg","53.9119105677353"
"EU12","2011","N14 N_Natural","NMVOC","Gg","2132.47735158479"
"EU12","2011","N14 z_Memo","NMVOC","Gg","1528.27255367489"
"NL","1998","N14 A_PublicPower","NMVOC","Gg","0.931312635"
"NL","1998","N14 B_Industry","NMVOC","Gg","34.679640528"
"NL","1998","N14 C_OtherStatComb","NMVOC","Gg","14.537641687"
"NL","1998","N14 D_Fugitive","NMVOC","Gg","23.84602488"
"NL","1998","N14 E_Solvents","NMVOC","Gg","110.004602155"
"NL","1998","N14 F_RoadTransport","NMVOC","Gg","91.900967133"
"NL","1998","N14 G_Shipping","NMVOC","Gg","1.727280383"
"NL","1998","N14 H_Aviation","NMVOC","Gg","0.299430324"
"NL","1998","N14 I_Offroad","NMVOC","Gg","13.488764344"
"NL","1998","N14 J_Waste","NMVOC","Gg","2.193272878"
"NL","1998","N14 K_AgriLivestock","NMVOC","Gg","48.143846607"
"NL","1998","N14 L_AgriOther","NMVOC","Gg","30.743210535"
"NL","1998","N14 M_Other","NMVOC","Gg","0.412479208"
"NL","1998","N14 O_AviCruise","NMVOC","Gg","0"
"NL","1998","N14 P_IntShipping","NMVOC","Gg","3.149259953"
"NL","1998","N14 N_Natural","NMVOC","Gg","0"
"NL","1998","N14 z_Memo","NMVOC","Gg","86.073484587"
"RS","1995","N14 A_PublicPower","NMVOC","Gg","0.5542009902"
"RS","1995","N14 B_Industry","NMVOC","Gg","7.50865790529238"
"RS","1995","N14 C_OtherStatComb","NMVOC","Gg","23.6473113290017"
"RS","1995","N14 D_Fugitive","NMVOC","Gg","33.8077394"
"RS","1995","N14 E_Solvents","NMVOC","Gg","18.303447832"
"RS","1995","N14 F_RoadTransport","NMVOC","Gg","30.8331561535"
"RS","1995","N14 G_Shipping","NMVOC","Gg","0.0216"
"RS","1995","N14 H_Aviation","NMVOC","Gg","0.015438"
"RS","1995","N14 I_Offroad","NMVOC","Gg","0.23775"
"RS","1995","N14 J_Waste","NMVOC","Gg","0.000187998554074074"
"RS","1995","N14 K_AgriLivestock","NMVOC","Gg","24.2419986625"
"RS","1995","N14 L_AgriOther","NMVOC","Gg","3.10632774"
"RS","1995","N14 M_Other","NMVOC","Gg","0"
"RS","1995","N14 O_AviCruise","NMVOC","Gg","0.00225273"
"RS","1995","N14 P_IntShipping","NMVOC","Gg","0"
"RS","1995","N14 N_Natural","NMVOC","Gg","0.06055"
"RS","1995","N14 z_Memo","NMVOC","Gg","0"
"NO","1990","N14 A_PublicPower","NMVOC","Gg","0.3699867306"
"NO","1990","N14 B_Industry","NMVOC","Gg","7.5681796666"
"NO","1990","N14 C_OtherStatComb","NMVOC","Gg","7.3903026889"
"NO","1990","N14 D_Fugitive","NMVOC","Gg","141.7450320449"
"NO","1990","N14 E_Solvents","NMVOC","Gg","51.9099814776"
"NO","1990","N14 F_RoadTransport","NMVOC","Gg","63.8848383859"
"NO","1990","N14 G_Shipping","NMVOC","Gg","2.1860763742"
"NO","1990","N14 H_Aviation","NMVOC","Gg","0.2506365094"
"NO","1990","N14 I_Offroad","NMVOC","Gg","30.381237459"
"NO","1990","N14 J_Waste","NMVOC","Gg","1.2318323571"
"NO","1990","N14 K_AgriLivestock","NMVOC","Gg","10.1955276922"
"NO","1990","N14 L_AgriOther","NMVOC","Gg","0.9598503122"
"NO","1990","N14 M_Other","NMVOC","Gg","0"
"NO","1990","N14 O_AviCruise","NMVOC","Gg","0.6418657181"
"NO","1990","N14 P_IntShipping","NMVOC","Gg","0.3372047945"
"NO","1990","N14 N_Natural","NMVOC","Gg","0"
"NO","1990","N14 z_Memo","NMVOC","Gg","66.957342654"
"EE","1992","N14 A_PublicPower","NMVOC","Gg","1.03"
"EE","1992","N14 B_Industry","NMVOC","Gg","10.68748135"
"EE","1992","N14 C_OtherStatComb","NMVOC","Gg","2.973367"
"EE","1992","N14 D_Fugitive","NMVOC","Gg","1.275"
"EE","1992","N14 E_Solvents","NMVOC","Gg","6.605415"
"EE","1992","N14 F_RoadTransport","NMVOC","Gg","8.770313"
"EE","1992","N14 G_Shipping","NMVOC","Gg","0.03725"
"EE","1992","N14 H_Aviation","NMVOC","Gg","0.004073"
"EE","1992","N14 I_Offroad","NMVOC","Gg","1.313352"
"EE","1992","N14 J_Waste","NMVOC","Gg","1.188861"
"EE","1992","N14 K_AgriLivestock","NMVOC","Gg","7.568817"
"EE","1992","N14 L_AgriOther","NMVOC","Gg","0.818809"
"EE","1992","N14 M_Other","NMVOC","Gg","0"
"EE","1992","N14 O_AviCruise","NMVOC","Gg","0.004839"
"EE","1992","N14 P_IntShipping","NMVOC","Gg","0.3418"
"EE","1992","N14 N_Natural","NMVOC","Gg","0.5361"
"EE","1992","N14 z_Memo","NMVOC","Gg","0"
"RO","2015","N14 A_PublicPower","NMVOC","Gg","0.68868867"
"RO","2015","N14 B_Industry","NMVOC","Gg","25.289864645212"
"RO","2015","N14 C_OtherStatComb","NMVOC","Gg","74.76591535"
"RO","2015","N14 D_Fugitive","NMVOC","Gg","11.33208443287"
"RO","2015","N14 E_Solvents","NMVOC","Gg","48.38952521568"
"RO","2015","N14 F_RoadTransport","NMVOC","Gg","22.2425290537749"
"RO","2015","N14 G_Shipping","NMVOC","Gg","0.1204"
"RO","2015","N14 H_Aviation","NMVOC","Gg","0.04338699"
"RO","2015","N14 I_Offroad","NMVOC","Gg","13.5158376772676"
"RO","2015","N14 J_Waste","NMVOC","Gg","2.2577862639"
"RO","2015","N14 K_AgriLivestock","NMVOC","Gg","30.9496932869565"
"RO","2015","N14 L_AgriOther","NMVOC","Gg","7.18333720425555"
"RO","2015","N14 M_Other","NMVOC","Gg","0"
"RO","2015","N14 O_AviCruise","NMVOC","Gg","0.0801559"
"RO","2015","N14 P_IntShipping","NMVOC","Gg","0.0837"
"EE","2007","N14 A_PublicPower","NMVOC","Gg","0.46"
"EE","2007","N14 B_Industry","NMVOC","Gg","2.249679"
"EE","2007","N14 C_OtherStatComb","NMVOC","Gg","5.039782"
"EE","2007","N14 D_Fugitive","NMVOC","Gg","1.922"
"EE","2007","N14 E_Solvents","NMVOC","Gg","7.407507"
"EE","2007","N14 F_RoadTransport","NMVOC","Gg","4.767952"
"EE","2007","N14 G_Shipping","NMVOC","Gg","0.12665"
"EE","2007","N14 H_Aviation","NMVOC","Gg","0.012835"
"EE","2007","N14 I_Offroad","NMVOC","Gg","1.060421"
"EE","2007","N14 J_Waste","NMVOC","Gg","0.849249"
"EE","2007","N14 K_AgriLivestock","NMVOC","Gg","3.810877"
"EE","2007","N14 L_AgriOther","NMVOC","Gg","0.533587"
"EE","2007","N14 M_Other","NMVOC","Gg","0"
"EE","2007","N14 O_AviCruise","NMVOC","Gg","0.024432"
"EE","2007","N14 P_IntShipping","NMVOC","Gg","0.697014"
"EE","2007","N14 N_Natural","NMVOC","Gg","38.36877"
"EE","2007","N14 z_Memo","NMVOC","Gg","0"
"AZ","1996","N14 A_PublicPower","NMVOC","Gg","0.136186596"
"AZ","1996","N14 B_Industry","NMVOC","Gg","0.000165"
"AZ","1996","N14 C_OtherStatComb","NMVOC","Gg","0"
"AZ","1996","N14 D_Fugitive","NMVOC","Gg","4.779"
"AZ","1996","N14 E_Solvents","NMVOC","Gg","20.86074"
"AZ","1996","N14 F_RoadTransport","NMVOC","Gg","8.413869708"
"AZ","1996","N14 G_Shipping","NMVOC","Gg","0"
"AZ","1996","N14 H_Aviation","NMVOC","Gg","0"
"AZ","1996","N14 I_Offroad","NMVOC","Gg","0"
"AZ","1996","N14 J_Waste","NMVOC","Gg","0"
"AZ","1996","N14 K_AgriLivestock","NMVOC","Gg","15.064422"
"AZ","1996","N14 L_AgriOther","NMVOC","Gg","0"
"AZ","1996","N14 M_Other","NMVOC","Gg","0"
"AZ","1996","N14 O_AviCruise","NMVOC","Gg","0"
"AZ","1996","N14 P_IntShipping","NMVOC","Gg","0"
"AZ","1996","N14 N_Natural","NMVOC","Gg","0"
"AZ","1996","N14 z_Memo","NMVOC","Gg","5.90924"
"LV","2007","N14 A_PublicPower","NMVOC","Gg","0.120743446597239"
"LV","2007","N14 B_Industry","NMVOC","Gg","3.74327819319625"
"LV","2007","N14 C_OtherStatComb","NMVOC","Gg","15.1233107693083"
"LV","2007","N14 D_Fugitive","NMVOC","Gg","2.72112623197635"
"LV","2007","N14 E_Solvents","NMVOC","Gg","8.78509392427461"
"LV","2007","N14 F_RoadTransport","NMVOC","Gg","6.57005653978826"
"LV","2007","N14 G_Shipping","NMVOC","Gg","0.0236003177434031"
"LV","2007","N14 H_Aviation","NMVOC","Gg","0.02957977"
"LV","2007","N14 I_Offroad","NMVOC","Gg","1.6745576036306"
"LV","2007","N14 J_Waste","NMVOC","Gg","1.215547655265"
"LV","2007","N14 K_AgriLivestock","NMVOC","Gg","6.0976878295985"
"LV","2007","N14 L_AgriOther","NMVOC","Gg","1.106168"
"LV","2007","N14 M_Other","NMVOC","Gg","0"
"LV","2007","N14 O_AviCruise","NMVOC","Gg","0.0305308755681555"
"LV","2007","N14 P_IntShipping","NMVOC","Gg","0.4946"
"LV","2007","N14 N_Natural","NMVOC","Gg","0.1355"
"LV","2007","N14 z_Memo","NMVOC","Gg","0"
"EE","2001","N14 A_PublicPower","NMVOC","Gg","0.52"
"EE","2001","N14 B_Industry","NMVOC","Gg","2.42396847"
"EE","2001","N14 C_OtherStatComb","NMVOC","Gg","5.835607"
"EE","2001","N14 D_Fugitive","NMVOC","Gg","5.197"
"EE","2001","N14 E_Solvents","NMVOC","Gg","6.72208"
"EE","2001","N14 F_RoadTransport","NMVOC","Gg","9.274497"
"EE","2001","N14 G_Shipping","NMVOC","Gg","0.05215"
"EE","2001","N14 H_Aviation","NMVOC","Gg","0.009724"
"EE","2001","N14 I_Offroad","NMVOC","Gg","1.077503"
"EE","2001","N14 J_Waste","NMVOC","Gg","0.935943"
"EE","2001","N14 K_AgriLivestock","NMVOC","Gg","3.745866"
"EE","2001","N14 L_AgriOther","NMVOC","Gg","0.312614"
"EE","2001","N14 M_Other","NMVOC","Gg","0"
"EE","2001","N14 O_AviCruise","NMVOC","Gg","0.00655"
"EE","2001","N14 P_IntShipping","NMVOC","Gg","0.2799"
"EE","2001","N14 N_Natural","NMVOC","Gg","0.01851"
"EE","2001","N14 z_Memo","NMVOC","Gg","0"
"HR","1993","N14 A_PublicPower","NMVOC","Gg","0.6561657111"
"HR","1993","N14 B_Industry","NMVOC","Gg","13.8354256207882"
"HR","1993","N14 C_OtherStatComb","NMVOC","Gg","24.37400171215"
"HR","1993","N14 D_Fugitive","NMVOC","Gg","4.451423734965"
"HR","1993","N14 E_Solvents","NMVOC","Gg","24.514893098693"
"HR","1993","N14 F_RoadTransport","NMVOC","Gg","22.6460055704876"
"HR","1993","N14 G_Shipping","NMVOC","Gg","0.272297007283"
"HR","1993","N14 H_Aviation","NMVOC","Gg","0.031162105935"
"HR","1993","N14 I_Offroad","NMVOC","Gg","1.80002559524887"
"HR","1993","N14 J_Waste","NMVOC","Gg","1.73857591984"
"HR","1993","N14 K_AgriLivestock","NMVOC","Gg","10.0044894966"
"HR","1993","N14 L_AgriOther","NMVOC","Gg","1.852225"
"HR","1993","N14 M_Other","NMVOC","Gg","0"
"HR","1993","N14 O_AviCruise","NMVOC","Gg","0.02423906283"
"HR","1993","N14 P_IntShipping","NMVOC","Gg","0.1010999162"
"HR","1993","N14 N_Natural","NMVOC","Gg","2.4588"
"HR","1993","N14 z_Memo","NMVOC","Gg","0"
"KZ","1999","N14 C_OtherStatComb","NMVOC","Gg","0"
"KZ","1999","N14 D_Fugitive","NMVOC","Gg","0"
"KZ","1999","N14 E_Solvents","NMVOC","Gg","20.68390766328"
"KZ","1999","N14 F_RoadTransport","NMVOC","Gg","18.5352407967302"
"KZ","1999","N14 G_Shipping","NMVOC","Gg","0.281383483214368"
"KZ","1999","N14 H_Aviation","NMVOC","Gg","0.318344425776"
"KZ","1999","N14 I_Offroad","NMVOC","Gg","0.666649373023256"
"KZ","1999","N14 J_Waste","NMVOC","Gg","4.958975"
"KZ","1999","N14 K_AgriLivestock","NMVOC","Gg","51.139749"
"KZ","1999","N14 L_AgriOther","NMVOC","Gg","13.145358"
"KZ","1999","N14 M_Other","NMVOC","Gg","0"
"KZ","1999","N14 N_Natural","NMVOC","Gg","59.449"
"LT","1991","N14 A_PublicPower","NMVOC","Gg","0.80574196"
"LT","1991","N14 B_Industry","NMVOC","Gg","1.02095657602242"
"LT","1991","N14 C_OtherStatComb","NMVOC","Gg","12.5656004402"
"LT","1991","N14 D_Fugitive","NMVOC","Gg","14.0538690613056"
"LT","1991","N14 E_Solvents","NMVOC","Gg","21.979342915012"
"LT","1991","N14 F_RoadTransport","NMVOC","Gg","37.009128612"
"LT","1991","N14 G_Shipping","NMVOC","Gg","0.00832748483434438"
"LT","1991","N14 H_Aviation","NMVOC","Gg","0.0026249212121212"
"LT","1991","N14 I_Offroad","NMVOC","Gg","8.49594869324207"
"LT","1991","N14 J_Waste","NMVOC","Gg","2.46577162012721"
"LT","1991","N14 K_AgriLivestock","NMVOC","Gg","26.8765159775012"
"LT","1991","N14 L_AgriOther","NMVOC","Gg","0"
"LT","1991","N14 M_Other","NMVOC","Gg","0"
"LT","1991","N14 P_IntShipping","NMVOC","Gg","0.432"
"LT","1991","N14 N_Natural","NMVOC","Gg","0.0319"
"IS","2015","N14 A_PublicPower","NMVOC","Gg","4.733644e-05"
"IS","2015","N14 B_Industry","NMVOC","Gg","0.381334899532111"
"IS","2015","N14 C_OtherStatComb","NMVOC","Gg","0.000785383094"
"IS","2015","N14 D_Fugitive","NMVOC","Gg","0.242921214764682"
"IS","2015","N14 E_Solvents","NMVOC","Gg","1.206691243009"
"IS","2015","N14 F_RoadTransport","NMVOC","Gg","0.737100463868247"
"IS","2015","N14 G_Shipping","NMVOC","Gg","0.0232939"
"IS","2015","N14 H_Aviation","NMVOC","Gg","0.00120684587368209"
"IS","2015","N14 I_Offroad","NMVOC","Gg","0.642071987"
"IS","2015","N14 J_Waste","NMVOC","Gg","0.315738686797351"
"IS","2015","N14 K_AgriLivestock","NMVOC","Gg","1.95369767654087"
"IS","2015","N14 L_AgriOther","NMVOC","Gg","6.92589822057e-08"
"IS","2015","N14 M_Other","NMVOC","Gg","0"
"IS","2015","N14 O_AviCruise","NMVOC","Gg","0.00259476000207587"
"IS","2015","N14 P_IntShipping","NMVOC","Gg","0.1297235"
"IS","2015","N14 N_Natural","NMVOC","Gg","0"
"IS","2015","N14 z_Memo","NMVOC","Gg","0"
"RO","2000","N14 A_PublicPower","NMVOC","Gg","1.0675079"
"RO","2000","N14 B_Industry","NMVOC","Gg","37.471534362675"
"RO","2000","N14 C_OtherStatComb","NMVOC","Gg","60.93873346"
"RO","2000","N14 D_Fugitive","NMVOC","Gg","35.219062246"
"RO","2000","N14 E_Solvents","NMVOC","Gg","42.04987979656"
"RO","2000","N14 F_RoadTransport","NMVOC","Gg","20.2024312366019"
"RO","2000","N14 G_Shipping","NMVOC","Gg","0.1484"
"RO","2000","N14 H_Aviation","NMVOC","Gg","0"
"RO","2000","N14 I_Offroad","NMVOC","Gg","26.2278623437681"
"RO","2000","N14 J_Waste","NMVOC","Gg","1.21670325204741"
"RO","2000","N14 K_AgriLivestock","NMVOC","Gg","36.3103889105532"
"RO","2000","N14 L_AgriOther","NMVOC","Gg","4.7793438362626"
"RO","2000","N14 M_Other","NMVOC","Gg","0"
"RO","2000","N14 O_AviCruise","NMVOC","Gg","0"
"RO","2000","N14 P_IntShipping","NMVOC","Gg","0"
"MD","2004","N14 A_PublicPower","NMVOC","Gg","0.144143808"
"MD","2004","N14 B_Industry","NMVOC","Gg","4.785974932"
"MD","2004","N14 C_OtherStatComb","NMVOC","Gg","2.8324179767752"
"MD","2004","N14 D_Fugitive","NMVOC","Gg","0"
"MD","2004","N14 E_Solvents","NMVOC","Gg","14.4012"
"MD","2004","N14 F_RoadTransport","NMVOC","Gg","2.84201276"
"MD","2004","N14 G_Shipping","NMVOC","Gg","0.000336"
"MD","2004","N14 H_Aviation","NMVOC","Gg","0.002565"
"MD","2004","N14 K_AgriLivestock","NMVOC","Gg","11.0661514493"
"MD","2004","N14 L_AgriOther","NMVOC","Gg","1.44695046022"
"CY","2003","N14 A_PublicPower","NMVOC","Gg","0.096334320146"
"CY","2003","N14 B_Industry","NMVOC","Gg","1.13761594"
"CY","2003","N14 C_OtherStatComb","NMVOC","Gg","0.0378133671785694"
"CY","2003","N14 D_Fugitive","NMVOC","Gg","1.33814368383304"
"CY","2003","N14 E_Solvents","NMVOC","Gg","10.6767349286758"
"CY","2003","N14 F_RoadTransport","NMVOC","Gg","4.85177396512905"
"CY","2003","N14 G_Shipping","NMVOC","Gg","0.00286330516892169"
"CY","2003","N14 H_Aviation","NMVOC","Gg","0.0200496857830753"
"CY","2003","N14 I_Offroad","NMVOC","Gg","0.08365129200921"
"CY","2003","N14 J_Waste","NMVOC","Gg","0.72902599267129"
"CY","2003","N14 K_AgriLivestock","NMVOC","Gg","1.19826740941079"
"CY","2003","N14 L_AgriOther","NMVOC","Gg","0.0701555"
"CY","2003","N14 M_Other","NMVOC","Gg","0"
"CY","2003","N14 O_AviCruise","NMVOC","Gg","0"
"CY","2003","N14 P_IntShipping","NMVOC","Gg","0.0949437571476618"
"CY","2003","N14 N_Natural","NMVOC","Gg","0"
"CY","2003","N14 z_Memo","NMVOC","Gg","4.87468695608105"
"PT","1998","N14 A_PublicPower","NMVOC","Gg","0.453692268939361"
"PT","1998","N14 B_Industry","NMVOC","Gg","23.8139400650275"
"PT","1998","N14 C_OtherStatComb","NMVOC","Gg","24.0155156014407"
"PT","1998","N14 D_Fugitive","NMVOC","Gg","13.1981514940102"
"PT","1998","N14 E_Solvents","NMVOC","Gg","98.6804274677766"
"PT","1998","N14 F_RoadTransport","NMVOC","Gg","75.9370231880043"
"PT","1998","N14 G_Shipping","NMVOC","Gg","0.220478085778641"
"PT","1998","N14 H_Aviation","NMVOC","Gg","1.41759660102313"
"PT","1998","N14 I_Offroad","NMVOC","Gg","0.894741110656901"
"PT","1998","N14 J_Waste","NMVOC","Gg","1.95307123709449"
"PT","1998","N14 K_AgriLivestock","NMVOC","Gg","9.70794036487476"
"PT","1998","N14 L_AgriOther","NMVOC","Gg","7.82960829247124"
"PT","1998","N14 M_Other","NMVOC","Gg","0"
"PT","1998","N14 O_AviCruise","NMVOC","Gg","0.311749941516972"
"PT","1998","N14 P_IntShipping","NMVOC","Gg","1.0163726839578"
"PT","1998","N14 N_Natural","NMVOC","Gg","528.203316043073"
"PT","1998","N14 z_Memo","NMVOC","Gg","0"
"AZ","2000","N14 A_PublicPower","NMVOC","Gg","0.142889292"
"AZ","2000","N14 B_Industry","NMVOC","Gg","0"
"AZ","2000","N14 C_OtherStatComb","NMVOC","Gg","0"
"AZ","2000","N14 D_Fugitive","NMVOC","Gg","5.1742"
"AZ","2000","N14 E_Solvents","NMVOC","Gg","21.68856"
"AZ","2000","N14 F_RoadTransport","NMVOC","Gg","6.692398226"
"AZ","2000","N14 G_Shipping","NMVOC","Gg","0"
"AZ","2000","N14 H_Aviation","NMVOC","Gg","0"
"AZ","2000","N14 I_Offroad","NMVOC","Gg","0"
"AZ","2000","N14 J_Waste","NMVOC","Gg","0"
"AZ","2000","N14 K_AgriLivestock","NMVOC","Gg","17.90924365"
"AZ","2000","N14 L_AgriOther","NMVOC","Gg","0.89572612"
"AZ","2000","N14 M_Other","NMVOC","Gg","0"
"AZ","2000","N14 O_AviCruise","NMVOC","Gg","0"
"AZ","2000","N14 P_IntShipping","NMVOC","Gg","0"
"AZ","2000","N14 N_Natural","NMVOC","Gg","0"
"AZ","2000","N14 z_Memo","NMVOC","Gg","3.66312"
"LT","2008","N14 A_PublicPower","NMVOC","Gg","0.309785692191091"
"LT","2008","N14 B_Industry","NMVOC","Gg","5.74024769779452"
"LT","2008","N14 C_OtherStatComb","NMVOC","Gg","12.9476021217"
"LT","2008","N14 D_Fugitive","NMVOC","Gg","3.67669053777542"
"LT","2008","N14 E_Solvents","NMVOC","Gg","9.85816558656736"
"LT","2008","N14 F_RoadTransport","NMVOC","Gg","9.176197933"
"LT","2008","N14 G_Shipping","NMVOC","Gg","0.0169202053196454"
"LT","2008","N14 H_Aviation","NMVOC","Gg","0.0095544"
"LT","2008","N14 I_Offroad","NMVOC","Gg","1.36890171115069"
"LT","2008","N14 J_Waste","NMVOC","Gg","2.1546360905"
"LT","2008","N14 K_AgriLivestock","NMVOC","Gg","11.6257039470459"
"LT","2008","N14 L_AgriOther","NMVOC","Gg","1.81788095"
"LT","2008","N14 M_Other","NMVOC","Gg","0"
"LT","2008","N14 P_IntShipping","NMVOC","Gg","0.249"
"LT","2008","N14 N_Natural","NMVOC","Gg","0.056835"
"IE","2003","N14 A_PublicPower","NMVOC","Gg","0.37725932460766"
"IE","2003","N14 B_Industry","NMVOC","Gg","17.050585960795"
"IE","2003","N14 C_OtherStatComb","NMVOC","Gg","11.4082288767259"
"IE","2003","N14 D_Fugitive","NMVOC","Gg","6.3642900297362"
"IE","2003","N14 E_Solvents","NMVOC","Gg","21.4333746338017"
"IE","2003","N14 F_RoadTransport","NMVOC","Gg","17.342207854881"
"IE","2003","N14 G_Shipping","NMVOC","Gg","0.15135308102111"
"IE","2003","N14 H_Aviation","NMVOC","Gg","0.134147308737355"
"IE","2003","N14 I_Offroad","NMVOC","Gg","1.37971561776624"
"IE","2003","N14 J_Waste","NMVOC","Gg","1.16498173802914"
"IE","2003","N14 K_AgriLivestock","NMVOC","Gg","39.5975302243864"
"IE","2003","N14 L_AgriOther","NMVOC","Gg","3.758372"
"IE","2003","N14 M_Other","NMVOC","Gg","0"
"IE","2003","N14 O_AviCruise","NMVOC","Gg","0.308000306917704"
"IE","2003","N14 P_IntShipping","NMVOC","Gg","0.4724"
"IE","2003","N14 N_Natural","NMVOC","Gg","0"
"IE","2003","N14 z_Memo","NMVOC","Gg","16.9503328349218"
"EU28","2001","N14 A_PublicPower","NMVOC","Gg","39.6972744895762"
"EU28","2001","N14 B_Industry","NMVOC","Gg","725.347827375149"
"EU28","2001","N14 C_OtherStatComb","NMVOC","Gg","1170.50132133212"
"EU28","2001","N14 D_Fugitive","NMVOC","Gg","942.910596501577"
"EU28","2001","N14 E_Solvents","NMVOC","Gg","3642.99650350615"
"EU28","2001","N14 F_RoadTransport","NMVOC","Gg","2502.56209306081"
"EU28","2001","N14 G_Shipping","NMVOC","Gg","98.7230070546272"
"EU28","2001","N14 H_Aviation","NMVOC","Gg","9.76725306239292"
"EU28","2001","N14 I_Offroad","NMVOC","Gg","354.331564794531"
"EU28","2001","N14 J_Waste","NMVOC","Gg","99.434481708387"
"EU28","2001","N14 K_AgriLivestock","NMVOC","Gg","924.508528153835"
"EU28","2001","N14 L_AgriOther","NMVOC","Gg","229.54888358518"
"EU28","2001","N14 M_Other","NMVOC","Gg","1.98001486177"
"EU28","2001","N14 O_AviCruise","NMVOC","Gg","9.99019228599222"
"EU28","2001","N14 P_IntShipping","NMVOC","Gg","49.0454199554438"
"EU28","2001","N14 N_Natural","NMVOC","Gg","2248.96309596468"
"EU28","2001","N14 z_Memo","NMVOC","Gg","1443.48785919286"
"GR","1991","N14 A_PublicPower","NMVOC","Gg","1.46627952966255"
"GR","1991","N14 B_Industry","NMVOC","Gg","17.9651335883816"
"GR","1991","N14 C_OtherStatComb","NMVOC","Gg","8.824742822024"
"GR","1991","N14 D_Fugitive","NMVOC","Gg","16.0336125"
"GR","1991","N14 E_Solvents","NMVOC","Gg","86.6286199671742"
"GR","1991","N14 F_RoadTransport","NMVOC","Gg","168.240417290929"
"GR","1991","N14 G_Shipping","NMVOC","Gg","1.6233"
"GR","1991","N14 H_Aviation","NMVOC","Gg","0.00820750234672103"
"GR","1991","N14 I_Offroad","NMVOC","Gg","9.80016412"
"GR","1991","N14 J_Waste","NMVOC","Gg","2.17515147161147"
"GR","1991","N14 K_AgriLivestock","NMVOC","Gg","15.401137966816"
"GR","1991","N14 L_AgriOther","NMVOC","Gg","3.6947438489"
"GR","1991","N14 M_Other","NMVOC","Gg","0"
"GR","1991","N14 O_AviCruise","NMVOC","Gg","0.0141124986976094"
"GR","1991","N14 P_IntShipping","NMVOC","Gg","6.4234"
"NO","2017","N14 A_PublicPower","NMVOC","Gg","2.0972679642"
"NO","2017","N14 B_Industry","NMVOC","Gg","8.6236144622"
"NO","2017","N14 C_OtherStatComb","NMVOC","Gg","7.2949443491"
"NO","2017","N14 D_Fugitive","NMVOC","Gg","49.3459555816"
"NO","2017","N14 E_Solvents","NMVOC","Gg","46.9347904319"
"NO","2017","N14 F_RoadTransport","NMVOC","Gg","6.1631602905"
"NO","2017","N14 G_Shipping","NMVOC","Gg","2.7302319026"
"NO","2017","N14 H_Aviation","NMVOC","Gg","0.4289189022"
"NO","2017","N14 I_Offroad","NMVOC","Gg","17.4493462287"
"NO","2017","N14 J_Waste","NMVOC","Gg","0.691163945"
"NO","2017","N14 K_AgriLivestock","NMVOC","Gg","10.0603854755"
"NO","2017","N14 L_AgriOther","NMVOC","Gg","0.7137356864"
"NO","2017","N14 M_Other","NMVOC","Gg","0"
"NO","2017","N14 O_AviCruise","NMVOC","Gg","1.2567552297"
"NO","2017","N14 P_IntShipping","NMVOC","Gg","0.0359717417"
"NO","2017","N14 N_Natural","NMVOC","Gg","0"
"NO","2017","N14 z_Memo","NMVOC","Gg","10.415637166"
"DE","2008","N14 A_PublicPower","NMVOC","Gg","11.9130108979415"
"DE","2008","N14 B_Industry","NMVOC","Gg","43.45730408154"
"DE","2008","N14 C_OtherStatComb","NMVOC","Gg","41.2985294471314"
"DE","2008","N14 D_Fugitive","NMVOC","Gg","81.391701011738"
"DE","2008","N14 E_Solvents","NMVOC","Gg","684.538530442094"
"DE","2008","N14 F_RoadTransport","NMVOC","Gg","133.488284914064"
"DE","2008","N14 G_Shipping","NMVOC","Gg","1.187495358456"
"DE","2008","N14 H_Aviation","NMVOC","Gg","0.988331123626208"
"DE","2008","N14 I_Offroad","NMVOC","Gg","39.6539164155676"
"DE","2008","N14 J_Waste","NMVOC","Gg","0.155807465"
"DE","2008","N14 K_AgriLivestock","NMVOC","Gg","194.272034824693"
"DE","2008","N14 L_AgriOther","NMVOC","Gg","9.83306785240734"
"DE","2008","N14 M_Other","NMVOC","Gg","0"
"DE","2008","N14 O_AviCruise","NMVOC","Gg","1.82700141735458"
"DE","2008","N14 P_IntShipping","NMVOC","Gg","4.15406799849298"
"DE","2008","N14 N_Natural","NMVOC","Gg","0.22706434674"
"DE","2008","N14 z_Memo","NMVOC","Gg","0"
"NL","2016","N14 A_PublicPower","NMVOC","Gg","0.514940984"
"NL","2016","N14 B_Industry","NMVOC","Gg","22.803933522"
"NL","2016","N14 C_OtherStatComb","NMVOC","Gg","12.422391439"
"NL","2016","N14 D_Fugitive","NMVOC","Gg","12.906468254"
"NL","2016","N14 E_Solvents","NMVOC","Gg","69.476878109"
"NL","2016","N14 F_RoadTransport","NMVOC","Gg","25.70613218"
"NL","2016","N14 G_Shipping","NMVOC","Gg","1.385281686"
"NL","2016","N14 H_Aviation","NMVOC","Gg","0.306145645"
"NL","2016","N14 I_Offroad","NMVOC","Gg","4.790621959"
"NL","2016","N14 J_Waste","NMVOC","Gg","1.419346397"
"NL","2016","N14 K_AgriLivestock","NMVOC","Gg","70.164939978"
"NL","2016","N14 L_AgriOther","NMVOC","Gg","28.425697076"
"NL","2016","N14 M_Other","NMVOC","Gg","0.447698554"
"NL","2016","N14 O_AviCruise","NMVOC","Gg","0"
"NL","2016","N14 P_IntShipping","NMVOC","Gg","2.990296591"
"NL","2016","N14 N_Natural","NMVOC","Gg","0"
"NL","2016","N14 z_Memo","NMVOC","Gg","28.281718733"
"NO","2012","N14 A_PublicPower","NMVOC","Gg","1.7581900898"
"NO","2012","N14 B_Industry","NMVOC","Gg","7.6033520429"
"NO","2012","N14 C_OtherStatComb","NMVOC","Gg","9.5779095729"
"NO","2012","N14 D_Fugitive","NMVOC","Gg","44.4515788492"
"NO","2012","N14 E_Solvents","NMVOC","Gg","44.0477689738"
"NO","2012","N14 F_RoadTransport","NMVOC","Gg","9.285485826"
"NO","2012","N14 G_Shipping","NMVOC","Gg","4.5246839974"
"NO","2012","N14 H_Aviation","NMVOC","Gg","0.4253060921"
"NO","2012","N14 I_Offroad","NMVOC","Gg","20.6523544703"
"NO","2012","N14 J_Waste","NMVOC","Gg","0.9250280686"
"NO","2012","N14 K_AgriLivestock","NMVOC","Gg","9.9172245772"
"NO","2012","N14 L_AgriOther","NMVOC","Gg","0.7206753681"
"NO","2012","N14 M_Other","NMVOC","Gg","0"
"NO","2012","N14 O_AviCruise","NMVOC","Gg","1.3464465723"
"NO","2012","N14 P_IntShipping","NMVOC","Gg","0.2709787593"
"NO","2012","N14 N_Natural","NMVOC","Gg","0"
"NO","2012","N14 z_Memo","NMVOC","Gg","15.445338517"
"LV","1991","N14 A_PublicPower","NMVOC","Gg","0.2032488"
"LV","1991","N14 B_Industry","NMVOC","Gg","4.59835518"
"LV","1991","N14 C_OtherStatComb","NMVOC","Gg","15.284413475"
"LV","1991","N14 D_Fugitive","NMVOC","Gg","3.884517"
"LV","1991","N14 E_Solvents","NMVOC","Gg","9.50419811221468"
"LV","1991","N14 F_RoadTransport","NMVOC","Gg","22.1143417946893"
"LV","1991","N14 G_Shipping","NMVOC","Gg","0.0112348111919927"
"LV","1991","N14 H_Aviation","NMVOC","Gg","0.100320117071382"
"LV","1991","N14 I_Offroad","NMVOC","Gg","3.56280475457917"
"LV","1991","N14 J_Waste","NMVOC","Gg","0.734047530707359"
"LV","1991","N14 K_AgriLivestock","NMVOC","Gg","14.1758219718151"
"LV","1991","N14 L_AgriOther","NMVOC","Gg","1.42461"
"LV","1991","N14 M_Other","NMVOC","Gg","0"
"LV","1991","N14 O_AviCruise","NMVOC","Gg","0.107087168999618"
"LV","1991","N14 P_IntShipping","NMVOC","Gg","0.3907"
"LV","1991","N14 N_Natural","NMVOC","Gg","0.0345"
"LV","1991","N14 z_Memo","NMVOC","Gg","0"
"SI","2008","N14 A_PublicPower","NMVOC","Gg","0.113971743899796"
"SI","2008","N14 B_Industry","NMVOC","Gg","3.84263256940272"
"SI","2008","N14 C_OtherStatComb","NMVOC","Gg","7.85523722625444"
"SI","2008","N14 D_Fugitive","NMVOC","Gg","2.50821171225117"
"SI","2008","N14 E_Solvents","NMVOC","Gg","12.817947168"
"SI","2008","N14 F_RoadTransport","NMVOC","Gg","5.63562802654354"
"SI","2008","N14 G_Shipping","NMVOC","Gg","0"
"SI","2008","N14 H_Aviation","NMVOC","Gg","0.06921730892"
"SI","2008","N14 I_Offroad","NMVOC","Gg","1.91548916097465"
"SI","2008","N14 J_Waste","NMVOC","Gg","1.2995388692889"
"SI","2008","N14 K_AgriLivestock","NMVOC","Gg","5.7879285628877"
"SI","2008","N14 L_AgriOther","NMVOC","Gg","0.0254987839620467"
"SI","2008","N14 M_Other","NMVOC","Gg","0"
"SI","2008","N14 O_AviCruise","NMVOC","Gg","0"
"SI","2008","N14 P_IntShipping","NMVOC","Gg","0.1797375285"
"SI","2008","N14 N_Natural","NMVOC","Gg","0"
"SI","2008","N14 z_Memo","NMVOC","Gg","0.000336901761"
"BE","2017","N14 A_PublicPower","NMVOC","Gg","0.423492764127815"
"BE","2017","N14 B_Industry","NMVOC","Gg","15.5373523827514"
"BE","2017","N14 C_OtherStatComb","NMVOC","Gg","13.7643977666753"
"BE","2017","N14 D_Fugitive","NMVOC","Gg","5.65409469569475"
"BE","2017","N14 E_Solvents","NMVOC","Gg","36.2547632585857"
"BE","2017","N14 F_RoadTransport","NMVOC","Gg","7.55152051126935"
"BE","2017","N14 G_Shipping","NMVOC","Gg","0.238344802089605"
"BE","2017","N14 H_Aviation","NMVOC","Gg","0.160569353157177"
"BE","2017","N14 I_Offroad","NMVOC","Gg","2.75374977690997"
"BE","2017","N14 J_Waste","NMVOC","Gg","0.7894693862618"
"BE","2017","N14 K_AgriLivestock","NMVOC","Gg","24.781152414"
"BE","2017","N14 L_AgriOther","NMVOC","Gg","1.19476208"
"BE","2017","N14 M_Other","NMVOC","Gg","0"
"BE","2017","N14 O_AviCruise","NMVOC","Gg","0.936530334187763"
"BE","2017","N14 P_IntShipping","NMVOC","Gg","0.648449148664945"
"BE","2017","N14 N_Natural","NMVOC","Gg","52.0446796401"
"BE","2017","N14 z_Memo","NMVOC","Gg","7.41413380975954"
"IS","2014","N14 A_PublicPower","NMVOC","Gg","3.849092e-05"
"IS","2014","N14 B_Industry","NMVOC","Gg","0.391248403918333"
"IS","2014","N14 C_OtherStatComb","NMVOC","Gg","0.000822415858"
"IS","2014","N14 D_Fugitive","NMVOC","Gg","0.211596916154574"
"IS","2014","N14 E_Solvents","NMVOC","Gg","1.1830280077"
"IS","2014","N14 F_RoadTransport","NMVOC","Gg","0.673567837492383"
"IS","2014","N14 G_Shipping","NMVOC","Gg","0.0177735"
"IS","2014","N14 H_Aviation","NMVOC","Gg","0.00100790162834551"
"IS","2014","N14 I_Offroad","NMVOC","Gg","0.663324589"
"IS","2014","N14 J_Waste","NMVOC","Gg","0.290982350856762"
"IS","2014","N14 K_AgriLivestock","NMVOC","Gg","1.92338371143295"
"IS","2014","N14 L_AgriOther","NMVOC","Gg","8.56304684235e-08"
"IS","2014","N14 M_Other","NMVOC","Gg","0"
"IS","2014","N14 O_AviCruise","NMVOC","Gg","0.00211403895866989"
"IS","2014","N14 P_IntShipping","NMVOC","Gg","0.0618726"
"IS","2014","N14 N_Natural","NMVOC","Gg","0"
"IS","2014","N14 z_Memo","NMVOC","Gg","0"
"DE","1990","N14 A_PublicPower","NMVOC","Gg","6.5313751"
"DE","1990","N14 B_Industry","NMVOC","Gg","92.182252034913"
"DE","1990","N14 C_OtherStatComb","NMVOC","Gg","397.638244197886"
"DE","1990","N14 D_Fugitive","NMVOC","Gg","206.809372918475"
"DE","1990","N14 E_Solvents","NMVOC","Gg","1202.39328117277"
"DE","1990","N14 F_RoadTransport","NMVOC","Gg","1168.5497001504"
"DE","1990","N14 G_Shipping","NMVOC","Gg","3.19860614529654"
"DE","1990","N14 H_Aviation","NMVOC","Gg","1.50562458368039"
"DE","1990","N14 I_Offroad","NMVOC","Gg","81.6607529775033"
"DE","1990","N14 J_Waste","NMVOC","Gg","0.12746484828571"
"DE","1990","N14 K_AgriLivestock","NMVOC","Gg","271.358359466803"
"DE","1990","N14 L_AgriOther","NMVOC","Gg","7.69314617373566"
"DE","1990","N14 M_Other","NMVOC","Gg","0"
"DE","1990","N14 O_AviCruise","NMVOC","Gg","2.23988012735336"
"DE","1990","N14 P_IntShipping","NMVOC","Gg","3.12876290060968"
"DE","1990","N14 N_Natural","NMVOC","Gg","0.54451723898"
"DE","1990","N14 z_Memo","NMVOC","Gg","0"
"PL","2009","N14 A_PublicPower","NMVOC","Gg","2.3515513"
"PL","2009","N14 B_Industry","NMVOC","Gg","77.356825421324"
"PL","2009","N14 C_OtherStatComb","NMVOC","Gg","142.7761748241"
"PL","2009","N14 D_Fugitive","NMVOC","Gg","49.1706225546248"
"PL","2009","N14 E_Solvents","NMVOC","Gg","247.812565791543"
"PL","2009","N14 F_RoadTransport","NMVOC","Gg","108.812067407025"
"PL","2009","N14 G_Shipping","NMVOC","Gg","0.0119559701901534"
"PL","2009","N14 H_Aviation","NMVOC","Gg","0.0372778158525085"
"PL","2009","N14 I_Offroad","NMVOC","Gg","8.22895677386935"
"PL","2009","N14 J_Waste","NMVOC","Gg","15.3020970116476"
"PL","2009","N14 K_AgriLivestock","NMVOC","Gg","88.801110069875"
"PL","2009","N14 L_AgriOther","NMVOC","Gg","7.26397268897462"
"PL","2009","N14 M_Other","NMVOC","Gg","0"
"PL","2009","N14 O_AviCruise","NMVOC","Gg","0.263754365319017"
"PL","2009","N14 P_IntShipping","NMVOC","Gg","0.6858"
"PL","2009","N14 N_Natural","NMVOC","Gg","249.536799817887"
"PL","2009","N14 z_Memo","NMVOC","Gg","0"
"FI","1984","N14 A_PublicPower","NMVOC","Gg","0"
"FI","1984","N14 B_Industry","NMVOC","Gg","0"
"FI","1984","N14 C_OtherStatComb","NMVOC","Gg","0"
"FI","1984","N14 D_Fugitive","NMVOC","Gg","0"
"FI","1984","N14 E_Solvents","NMVOC","Gg","0"
"FI","1984","N14 F_RoadTransport","NMVOC","Gg","62.4293585404489"
"FI","1984","N14 G_Shipping","NMVOC","Gg","9.639"
"FI","1984","N14 H_Aviation","NMVOC","Gg","0.0643260691627005"
"FI","1984","N14 I_Offroad","NMVOC","Gg","17.5976055585458"
"FI","1984","N14 J_Waste","NMVOC","Gg","0"
"FI","1984","N14 K_AgriLivestock","NMVOC","Gg","16.1162422938638"
"FI","1984","N14 L_AgriOther","NMVOC","Gg","4.90938955602592"
"FI","1984","N14 M_Other","NMVOC","Gg","0"
"FI","1984","N14 O_AviCruise","NMVOC","Gg","0.0971718721027253"
"FI","1984","N14 P_IntShipping","NMVOC","Gg","0"
"FI","1984","N14 N_Natural","NMVOC","Gg","0"
"FI","1984","N14 z_Memo","NMVOC","Gg","0"
"CZ","2003","N14 A_PublicPower","NMVOC","Gg","7.146301633"
"CZ","2003","N14 B_Industry","NMVOC","Gg","5.41267967258999"
"CZ","2003","N14 C_OtherStatComb","NMVOC","Gg","88.8668725028946"
"CZ","2003","N14 D_Fugitive","NMVOC","Gg","12.95839317"
"CZ","2003","N14 E_Solvents","NMVOC","Gg","98.1569930353024"
"CZ","2003","N14 F_RoadTransport","NMVOC","Gg","43.3138811767971"
"CZ","2003","N14 G_Shipping","NMVOC","Gg","0.018739512"
"CZ","2003","N14 H_Aviation","NMVOC","Gg","0.06456675"
"CZ","2003","N14 I_Offroad","NMVOC","Gg","5.52190457328"
"CZ","2003","N14 J_Waste","NMVOC","Gg","10.977477458968"
"CZ","2003","N14 K_AgriLivestock","NMVOC","Gg","0"
"CZ","2003","N14 L_AgriOther","NMVOC","Gg","0"
"CZ","2003","N14 M_Other","NMVOC","Gg","0"
"CZ","2003","N14 O_AviCruise","NMVOC","Gg","0.39189075"
"CZ","2003","N14 P_IntShipping","NMVOC","Gg","0"
"CZ","2003","N14 N_Natural","NMVOC","Gg","0.618"
"CZ","2003","N14 z_Memo","NMVOC","Gg","43.8281962147971"
"IS","2007","N14 A_PublicPower","NMVOC","Gg","0.000687417169850484"
"IS","2007","N14 B_Industry","NMVOC","Gg","0.48447804500975"
"IS","2007","N14 C_OtherStatComb","NMVOC","Gg","0.001022646"
"IS","2007","N14 D_Fugitive","NMVOC","Gg","0.24792736090429"
"IS","2007","N14 E_Solvents","NMVOC","Gg","1.552075558619"
"IS","2007","N14 F_RoadTransport","NMVOC","Gg","1.6689092957784"
"IS","2007","N14 G_Shipping","NMVOC","Gg","0.0528742"
"IS","2007","N14 H_Aviation","NMVOC","Gg","0.000682521405557522"
"IS","2007","N14 I_Offroad","NMVOC","Gg","0.877199335"
"IS","2007","N14 J_Waste","NMVOC","Gg","0.364807582846963"
"IS","2007","N14 K_AgriLivestock","NMVOC","Gg","1.90308202742289"
"IS","2007","N14 L_AgriOther","NMVOC","Gg","8.23031003788e-08"
"IS","2007","N14 M_Other","NMVOC","Gg","0"
"IS","2007","N14 O_AviCruise","NMVOC","Gg","0.00149976652157093"
"IS","2007","N14 P_IntShipping","NMVOC","Gg","0.010413"
"IS","2007","N14 N_Natural","NMVOC","Gg","0"
"IS","2007","N14 z_Memo","NMVOC","Gg","0"
"IT","2010","N14 A_PublicPower","NMVOC","Gg","3.27706509945567"
"IT","2010","N14 B_Industry","NMVOC","Gg","50.1246766731842"
"IT","2010","N14 C_OtherStatComb","NMVOC","Gg","219.504686811396"
"IT","2010","N14 D_Fugitive","NMVOC","Gg","69.5327161489477"
"IT","2010","N14 E_Solvents","NMVOC","Gg","402.124797523877"
"IT","2010","N14 F_RoadTransport","NMVOC","Gg","183.015686952308"
"IT","2010","N14 G_Shipping","NMVOC","Gg","31.8244379665301"
"IT","2010","N14 H_Aviation","NMVOC","Gg","0.781296442508642"
"IT","2010","N14 I_Offroad","NMVOC","Gg","18.4474925943975"
"IT","2010","N14 J_Waste","NMVOC","Gg","11.9176632454706"
"IT","2010","N14 K_AgriLivestock","NMVOC","Gg","107.890099479795"
"IT","2010","N14 L_AgriOther","NMVOC","Gg","25.6004645318303"
"IT","2010","N14 M_Other","NMVOC","Gg","0"
"IT","2010","N14 O_AviCruise","NMVOC","Gg","1.2051387721541"
"IT","2010","N14 P_IntShipping","NMVOC","Gg","5.18372594895464"
"IT","2010","N14 N_Natural","NMVOC","Gg","1336.48921361374"
"IT","2010","N14 z_Memo","NMVOC","Gg","0"
"DK","1983","N14 A_PublicPower","NMVOC","Gg","0"
"DK","1983","N14 B_Industry","NMVOC","Gg","0"
"DK","1983","N14 C_OtherStatComb","NMVOC","Gg","0"
"DK","1983","N14 D_Fugitive","NMVOC","Gg","0"
"DK","1983","N14 E_Solvents","NMVOC","Gg","0"
"DK","1983","N14 F_RoadTransport","NMVOC","Gg","0"
"DK","1983","N14 G_Shipping","NMVOC","Gg","0"
"DK","1983","N14 H_Aviation","NMVOC","Gg","0"
"DK","1983","N14 I_Offroad","NMVOC","Gg","0"
"DK","1983","N14 J_Waste","NMVOC","Gg","0"
"DK","1983","N14 K_AgriLivestock","NMVOC","Gg","0"
"DK","1983","N14 L_AgriOther","NMVOC","Gg","0"
"DK","1983","N14 M_Other","NMVOC","Gg","0"
"DK","1983","N14 O_AviCruise","NMVOC","Gg","0"
"DK","1983","N14 P_IntShipping","NMVOC","Gg","0"
"DK","1983","N14 N_Natural","NMVOC","Gg","0"
"DK","1983","N14 z_Memo","NMVOC","Gg","0"
"SK","2012","N14 A_PublicPower","NMVOC","Gg","0.179940585"
"SK","2012","N14 B_Industry","NMVOC","Gg","4.7600716967273"
"SK","2012","N14 C_OtherStatComb","NMVOC","Gg","56.0607604726556"
"SK","2012","N14 D_Fugitive","NMVOC","Gg","7.3559998912675"
"SK","2012","N14 E_Solvents","NMVOC","Gg","39.8345458153161"
"SK","2012","N14 F_RoadTransport","NMVOC","Gg","8.04582388020538"
"SK","2012","N14 G_Shipping","NMVOC","Gg","0.008817218496"
"SK","2012","N14 H_Aviation","NMVOC","Gg","0.00118481101481431"
"SK","2012","N14 I_Offroad","NMVOC","Gg","0.899033781088768"
"SK","2012","N14 J_Waste","NMVOC","Gg","0.831620726678929"
"SK","2012","N14 K_AgriLivestock","NMVOC","Gg","4.78771073391782"
"SK","2012","N14 L_AgriOther","NMVOC","Gg","1.95369189911597"
"SK","2012","N14 M_Other","NMVOC","Gg","0"
"SK","2012","N14 O_AviCruise","NMVOC","Gg","0.0018152767371742"
"SK","2012","N14 P_IntShipping","NMVOC","Gg","0"
"SK","2012","N14 N_Natural","NMVOC","Gg","0.84173"
"SK","2012","N14 z_Memo","NMVOC","Gg","0"
"DK","2007","N14 A_PublicPower","NMVOC","Gg","2.05600087684907"
"DK","2007","N14 B_Industry","NMVOC","Gg","4.30474390950452"
"DK","2007","N14 C_OtherStatComb","NMVOC","Gg","20.0086112993995"
"DK","2007","N14 D_Fugitive","NMVOC","Gg","15.5693329933911"
"DK","2007","N14 E_Solvents","NMVOC","Gg","28.3671809363282"
"DK","2007","N14 F_RoadTransport","NMVOC","Gg","20.2059161007283"
"DK","2007","N14 G_Shipping","NMVOC","Gg","0.444065794752817"
"DK","2007","N14 H_Aviation","NMVOC","Gg","0.208055176833234"
"DK","2007","N14 I_Offroad","NMVOC","Gg","8.05914126431991"
"DK","2007","N14 J_Waste","NMVOC","Gg","0.522294729113862"
"DK","2007","N14 K_AgriLivestock","NMVOC","Gg","35.6307875473943"
"DK","2007","N14 L_AgriOther","NMVOC","Gg","1.53993717625"
"DK","2007","N14 M_Other","NMVOC","Gg","0"
"DK","2007","N14 O_AviCruise","NMVOC","Gg","0.169582809894127"
"DK","2007","N14 P_IntShipping","NMVOC","Gg","2.56238066393885"
"DK","2007","N14 N_Natural","NMVOC","Gg","0"
"DK","2007","N14 z_Memo","NMVOC","Gg","0"
"DE","1995","N14 A_PublicPower","NMVOC","Gg","7.09653012150738"
"DE","1995","N14 B_Industry","NMVOC","Gg","46.3821012925488"
"DE","1995","N14 C_OtherStatComb","NMVOC","Gg","76.6250747041294"
"DE","1995","N14 D_Fugitive","NMVOC","Gg","146.736748121426"
"DE","1995","N14 E_Solvents","NMVOC","Gg","960.635769378874"
"DE","1995","N14 F_RoadTransport","NMVOC","Gg","532.404789594954"
"DE","1995","N14 G_Shipping","NMVOC","Gg","2.47973091421222"
"DE","1995","N14 H_Aviation","NMVOC","Gg","1.07019168238416"
"DE","1995","N14 I_Offroad","NMVOC","Gg","58.9679451954883"
"DE","1995","N14 J_Waste","NMVOC","Gg","0.151813812"
"DE","1995","N14 K_AgriLivestock","NMVOC","Gg","225.634754513978"
"DE","1995","N14 L_AgriOther","NMVOC","Gg","8.19230973990758"
"DE","1995","N14 M_Other","NMVOC","Gg","0"
"DE","1995","N14 O_AviCruise","NMVOC","Gg","1.91179048395683"
"DE","1995","N14 P_IntShipping","NMVOC","Gg","2.69140823904943"
"DE","1995","N14 N_Natural","NMVOC","Gg","0.21829698672"
"DE","1995","N14 z_Memo","NMVOC","Gg","0"
"SK","2006","N14 A_PublicPower","NMVOC","Gg","0.143426909"
"SK","2006","N14 B_Industry","NMVOC","Gg","6.634437127"
"SK","2006","N14 C_OtherStatComb","NMVOC","Gg","56.2389075144719"
"SK","2006","N14 D_Fugitive","NMVOC","Gg","7.0322502633047"
"SK","2006","N14 E_Solvents","NMVOC","Gg","51.1699130293748"
"SK","2006","N14 F_RoadTransport","NMVOC","Gg","16.3102151850118"
"SK","2006","N14 G_Shipping","NMVOC","Gg","0.0258649533666718"
"SK","2006","N14 H_Aviation","NMVOC","Gg","0.0010084080957943"
"SK","2006","N14 I_Offroad","NMVOC","Gg","0.945438195692254"
"SK","2006","N14 J_Waste","NMVOC","Gg","1.2679337134344"
"SK","2006","N14 K_AgriLivestock","NMVOC","Gg","5.64982464110595"
"SK","2006","N14 L_AgriOther","NMVOC","Gg","2.16607354919892"
"SK","2006","N14 M_Other","NMVOC","Gg","0"
"SK","2006","N14 O_AviCruise","NMVOC","Gg","0.00234205058462748"
"SK","2006","N14 P_IntShipping","NMVOC","Gg","0"
"SK","2006","N14 N_Natural","NMVOC","Gg","0.0891"
"SK","2006","N14 z_Memo","NMVOC","Gg","0"
"CA","1992","N14 A_PublicPower","NMVOC","Gg","3.22232424070785"
"CA","1992","N14 B_Industry","NMVOC","Gg","275.958087863014"
"CA","1992","N14 C_OtherStatComb","NMVOC","Gg","338.707000460893"
"CA","1992","N14 D_Fugitive","NMVOC","Gg","627.535606128317"
"CA","1992","N14 E_Solvents","NMVOC","Gg","358.1992612211"
"CA","1992","N14 F_RoadTransport","NMVOC","Gg","395.260913896851"
"CA","1992","N14 G_Shipping","NMVOC","Gg","6.07487758769242"
"CA","1992","N14 H_Aviation","NMVOC","Gg","1.76833743721331"
"CA","1992","N14 I_Offroad","NMVOC","Gg","805.849626974343"
"CA","1992","N14 J_Waste","NMVOC","Gg","15.8608630892452"
"CA","1992","N14 K_AgriLivestock","NMVOC","Gg","105.197205006111"
"CA","1992","N14 L_AgriOther","NMVOC","Gg","2.14910123138215"
"CA","1992","N14 M_Other","NMVOC","Gg","27.3739081834764"
"CA","1992","N14 O_AviCruise","NMVOC","Gg","2.42017051208369"
"CA","1992","N14 P_IntShipping","NMVOC","Gg","0"
"CA","1992","N14 N_Natural","NMVOC","Gg","0"
"CA","1992","N14 z_Memo","NMVOC","Gg","0"
"DK","2017","N14 A_PublicPower","NMVOC","Gg","0.96677415514358"
"DK","2017","N14 B_Industry","NMVOC","Gg","3.87564583578402"
"DK","2017","N14 C_OtherStatComb","NMVOC","Gg","13.5301679634196"
"DK","2017","N14 D_Fugitive","NMVOC","Gg","8.8336587093722"
"DK","2017","N14 E_Solvents","NMVOC","Gg","24.3422112432925"
"DK","2017","N14 F_RoadTransport","NMVOC","Gg","6.86142153499419"
"DK","2017","N14 G_Shipping","NMVOC","Gg","0.472646861293349"
"DK","2017","N14 H_Aviation","NMVOC","Gg","0.138421041441548"
"DK","2017","N14 I_Offroad","NMVOC","Gg","4.26983466530705"
"DK","2017","N14 J_Waste","NMVOC","Gg","0.549281063243022"
"DK","2017","N14 K_AgriLivestock","NMVOC","Gg","36.3259069829287"
"DK","2017","N14 L_AgriOther","NMVOC","Gg","2.092039605"
"DK","2017","N14 M_Other","NMVOC","Gg","0"
"DK","2017","N14 O_AviCruise","NMVOC","Gg","0.187220150125573"
"DK","2017","N14 P_IntShipping","NMVOC","Gg","1.18943899168632"
"DK","2017","N14 N_Natural","NMVOC","Gg","0"
"DK","2017","N14 z_Memo","NMVOC","Gg","0"
"MC","1992","N14 A_PublicPower","NMVOC","Gg","0.00013712188911207"
"MC","1992","N14 B_Industry","NMVOC","Gg","4.3984e-06"
"MC","1992","N14 C_OtherStatComb","NMVOC","Gg","0.000614864899871751"
"MC","1992","N14 D_Fugitive","NMVOC","Gg","7.81428571428572e-05"
"MC","1992","N14 E_Solvents","NMVOC","Gg","0.0595052878659951"
"MC","1992","N14 F_RoadTransport","NMVOC","Gg","0.532859124441032"
"MC","1992","N14 G_Shipping","NMVOC","Gg","0.0155363414376067"
"MC","1992","N14 H_Aviation","NMVOC","Gg","0.0162729034"
"MC","1992","N14 I_Offroad","NMVOC","Gg","0.0125964802838625"
"MC","1992","N14 J_Waste","NMVOC","Gg","0.000105218473958333"
"MC","1992","N14 K_AgriLivestock","NMVOC","Gg","0"
"MC","1992","N14 L_AgriOther","NMVOC","Gg","0"
"MC","1992","N14 M_Other","NMVOC","Gg","0"
"MC","1992","N14 O_AviCruise","NMVOC","Gg","0"
"MC","1992","N14 P_IntShipping","NMVOC","Gg","0.0446394391924615"
"MC","1992","N14 N_Natural","NMVOC","Gg","0"
"MC","1992","N14 z_Memo","NMVOC","Gg","0"
"EU09","2004","N14 A_PublicPower","NMVOC","Gg","23.5808509631257"
"EU09","2004","N14 B_Industry","NMVOC","Gg","398.250867232564"
"EU09","2004","N14 C_OtherStatComb","NMVOC","Gg","508.156562159859"
"EU09","2004","N14 D_Fugitive","NMVOC","Gg","576.265070558511"
"EU09","2004","N14 E_Solvents","NMVOC","Gg","2312.88444091527"
"EU09","2004","N14 F_RoadTransport","NMVOC","Gg","1205.15390550802"
"EU09","2004","N14 G_Shipping","NMVOC","Gg","78.4383509161458"
"EU09","2004","N14 H_Aviation","NMVOC","Gg","6.70920522038258"
"EU09","2004","N14 I_Offroad","NMVOC","Gg","205.342260797418"
"EU09","2004","N14 J_Waste","NMVOC","Gg","43.7287502524214"
"EU09","2004","N14 K_AgriLivestock","NMVOC","Gg","544.418482112603"
"EU09","2004","N14 L_AgriOther","NMVOC","Gg","78.5673336851746"
"EU09","2004","N14 M_Other","NMVOC","Gg","1.955415123584"
"EU09","2004","N14 O_AviCruise","NMVOC","Gg","7.02220887810489"
"EU09","2004","N14 P_IntShipping","NMVOC","Gg","30.2232145653819"
"EU09","2004","N14 N_Natural","NMVOC","Gg","1518.39186202601"
"EU09","2004","N14 z_Memo","NMVOC","Gg","1458.18484462706"
"FR","2005","N14 A_PublicPower","NMVOC","Gg","0.954645151634195"
"FR","2005","N14 B_Industry","NMVOC","Gg","79.4562611111075"
"FR","2005","N14 C_OtherStatComb","NMVOC","Gg","272.902136218303"
"FR","2005","N14 D_Fugitive","NMVOC","Gg","44.5217547544454"
"FR","2005","N14 E_Solvents","NMVOC","Gg","463.625479686054"
"FR","2005","N14 F_RoadTransport","NMVOC","Gg","228.643555237713"
"FR","2005","N14 G_Shipping","NMVOC","Gg","21.4875402985045"
"FR","2005","N14 H_Aviation","NMVOC","Gg","1.37012151823181"
"FR","2005","N14 I_Offroad","NMVOC","Gg","47.5186065386496"
"FR","2005","N14 J_Waste","NMVOC","Gg","12.8007818229188"
"FR","2005","N14 K_AgriLivestock","NMVOC","Gg","0"
"FR","2005","N14 L_AgriOther","NMVOC","Gg","2.15247563199099"
"FR","2005","N14 M_Other","NMVOC","Gg","0"
"FR","2005","N14 O_AviCruise","NMVOC","Gg","1.99485197581335"
"FR","2005","N14 P_IntShipping","NMVOC","Gg","7.52697605816234"
"FR","2005","N14 N_Natural","NMVOC","Gg","117.148301375084"
"FR","2005","N14 z_Memo","NMVOC","Gg","1558.81672716916"
"SE","1995","N14 A_PublicPower","NMVOC","Gg","3.15049076521965"
"SE","1995","N14 B_Industry","NMVOC","Gg","20.1021271874301"
"SE","1995","N14 C_OtherStatComb","NMVOC","Gg","20.9289627536989"
"SE","1995","N14 D_Fugitive","NMVOC","Gg","13.4618373414307"
"SE","1995","N14 E_Solvents","NMVOC","Gg","51.2910630578612"
"SE","1995","N14 F_RoadTransport","NMVOC","Gg","99.0376313159185"
"SE","1995","N14 G_Shipping","NMVOC","Gg","4.99707856707907"
"SE","1995","N14 H_Aviation","NMVOC","Gg","0.232819565863136"
"SE","1995","N14 I_Offroad","NMVOC","Gg","14.7808938696728"
"SE","1995","N14 J_Waste","NMVOC","Gg","2.06851538793949"
"SE","1995","N14 K_AgriLivestock","NMVOC","Gg","26.2914937554668"
"SE","1995","N14 L_AgriOther","NMVOC","Gg","12.0838501735012"
"SE","1995","N14 M_Other","NMVOC","Gg","0"
"SE","1995","N14 O_AviCruise","NMVOC","Gg","1.06425364660882"
"SE","1995","N14 P_IntShipping","NMVOC","Gg","1.19330032957234"
"SE","1995","N14 N_Natural","NMVOC","Gg","0"
"SE","1995","N14 z_Memo","NMVOC","Gg","0"
"TR","1990","N14 A_PublicPower","NMVOC","Gg","0.654608663808"
"TR","1990","N14 B_Industry","NMVOC","Gg","93.2333659486076"
"TR","1990","N14 C_OtherStatComb","NMVOC","Gg","258.75210937202"
"TR","1990","N14 D_Fugitive","NMVOC","Gg","0"
"TR","1990","N14 E_Solvents","NMVOC","Gg","180.921450543475"
"TR","1990","N14 F_RoadTransport","NMVOC","Gg","0"
"TR","1990","N14 G_Shipping","NMVOC","Gg","0.4303152"
"TR","1990","N14 H_Aviation","NMVOC","Gg","0.544270394683194"
"TR","1990","N14 I_Offroad","NMVOC","Gg","1.11513918"
"TR","1990","N14 J_Waste","NMVOC","Gg","4.92417884574031"
"TR","1990","N14 K_AgriLivestock","NMVOC","Gg","167.72219743976"
"TR","1990","N14 L_AgriOther","NMVOC","Gg","184.92239579976"
"TR","1990","N14 M_Other","NMVOC","Gg","0"
"TR","1990","N14 O_AviCruise","NMVOC","Gg","0.149472005571886"
"TR","1990","N14 P_IntShipping","NMVOC","Gg","0"
"TR","1990","N14 N_Natural","NMVOC","Gg","0"
"CY","1994","N14 A_PublicPower","NMVOC","Gg","0.06995208339"
"CY","1994","N14 B_Industry","NMVOC","Gg","1.0324475034487"
"CY","1994","N14 C_OtherStatComb","NMVOC","Gg","0.0563797544713043"
"CY","1994","N14 D_Fugitive","NMVOC","Gg","0.944234431158142"
"CY","1994","N14 E_Solvents","NMVOC","Gg","7.5720423145046"
"CY","1994","N14 F_RoadTransport","NMVOC","Gg","6.53899314269784"
"CY","1994","N14 G_Shipping","NMVOC","Gg","0.00274033725625204"
"CY","1994","N14 H_Aviation","NMVOC","Gg","0.0144629768218371"
"CY","1994","N14 I_Offroad","NMVOC","Gg","0.0754200816186143"
"CY","1994","N14 J_Waste","NMVOC","Gg","0.595609598166238"
"CY","1994","N14 K_AgriLivestock","NMVOC","Gg","1.06797508947994"
"CY","1994","N14 L_AgriOther","NMVOC","Gg","0.06985"
"CY","1994","N14 M_Other","NMVOC","Gg","0"
"CY","1994","N14 O_AviCruise","NMVOC","Gg","0"
"CY","1994","N14 P_IntShipping","NMVOC","Gg","0.118"
"CY","1994","N14 N_Natural","NMVOC","Gg","0"
"CY","1994","N14 z_Memo","NMVOC","Gg","6.55619645677592"
"MC","2009","N14 A_PublicPower","NMVOC","Gg","0.000120035145636115"
"MC","2009","N14 B_Industry","NMVOC","Gg","9.22032e-05"
"MC","2009","N14 C_OtherStatComb","NMVOC","Gg","0.000546235588757451"
"MC","2009","N14 D_Fugitive","NMVOC","Gg","8.82777214285715e-05"
"MC","2009","N14 E_Solvents","NMVOC","Gg","0.093139026447955"
"MC","2009","N14 F_RoadTransport","NMVOC","Gg","0.121274631247608"
"MC","2009","N14 G_Shipping","NMVOC","Gg","0.0191993644293216"
"MC","2009","N14 H_Aviation","NMVOC","Gg","0.0162603309518"
"MC","2009","N14 I_Offroad","NMVOC","Gg","0.0125964802838625"
"MC","2009","N14 J_Waste","NMVOC","Gg","9.400488e-05"
"MC","2009","N14 K_AgriLivestock","NMVOC","Gg","0"
"MC","2009","N14 L_AgriOther","NMVOC","Gg","0"
"MC","2009","N14 M_Other","NMVOC","Gg","0"
"MC","2009","N14 O_AviCruise","NMVOC","Gg","0"
"MC","2009","N14 P_IntShipping","NMVOC","Gg","0.0710921557614109"
"MC","2009","N14 N_Natural","NMVOC","Gg","0"
"MC","2009","N14 z_Memo","NMVOC","Gg","0"
"RS","2016","N14 A_PublicPower","NMVOC","Gg","0.460322908"
"RS","2016","N14 B_Industry","NMVOC","Gg","12.3484866471514"
"RS","2016","N14 C_OtherStatComb","NMVOC","Gg","27.14326240702"
"RS","2016","N14 D_Fugitive","NMVOC","Gg","36.916649228"
"RS","2016","N14 E_Solvents","NMVOC","Gg","18.1874061703"
"RS","2016","N14 F_RoadTransport","NMVOC","Gg","13.1940296972431"
"RS","2016","N14 G_Shipping","NMVOC","Gg","0.0243"
"RS","2016","N14 H_Aviation","NMVOC","Gg","0.0293565"
"RS","2016","N14 I_Offroad","NMVOC","Gg","0.685718"
"RS","2016","N14 J_Waste","NMVOC","Gg","0.00272591311185185"
"RS","2016","N14 K_AgriLivestock","NMVOC","Gg","15.5244125957125"
"RS","2016","N14 L_AgriOther","NMVOC","Gg","2.95830282"
"RS","2016","N14 M_Other","NMVOC","Gg","0"
"RS","2016","N14 O_AviCruise","NMVOC","Gg","0.0058633"
"RS","2016","N14 P_IntShipping","NMVOC","Gg","0"
"RS","2016","N14 N_Natural","NMVOC","Gg","0.1036"
"RS","2016","N14 z_Memo","NMVOC","Gg","0"
"EU15","2010","N14 A_PublicPower","NMVOC","Gg","32.0221007655365"
"EU15","2010","N14 B_Industry","NMVOC","Gg","474.581148937148"
"EU15","2010","N14 C_OtherStatComb","NMVOC","Gg","693.027429295904"
"EU15","2010","N14 D_Fugitive","NMVOC","Gg","461.813770715118"
"EU15","2010","N14 E_Solvents","NMVOC","Gg","2468.70065149235"
"EU15","2010","N14 F_RoadTransport","NMVOC","Gg","671.089570461401"
"EU15","2010","N14 G_Shipping","NMVOC","Gg","64.6700231966643"
"EU15","2010","N14 H_Aviation","NMVOC","Gg","7.61490353894216"
"EU15","2010","N14 I_Offroad","NMVOC","Gg","185.829570531614"
"EU15","2010","N14 J_Waste","NMVOC","Gg","45.3152382003636"
"EU15","2010","N14 K_AgriLivestock","NMVOC","Gg","668.850703306944"
"EU15","2010","N14 L_AgriOther","NMVOC","Gg","191.226479775724"
"EU15","2010","N14 M_Other","NMVOC","Gg","1.984284664451"
"EU15","2010","N14 O_AviCruise","NMVOC","Gg","11.1079973839773"
"EU15","2010","N14 P_IntShipping","NMVOC","Gg","55.664262430477"
"EU15","2010","N14 N_Natural","NMVOC","Gg","2108.4655037331"
"EU15","2010","N14 z_Memo","NMVOC","Gg","1432.44842798169"
"CA","2005","N14 A_PublicPower","NMVOC","Gg","3.23062454115039"
"CA","2005","N14 B_Industry","NMVOC","Gg","208.590333209737"
"CA","2005","N14 C_OtherStatComb","NMVOC","Gg","249.424122732708"
"CA","2005","N14 D_Fugitive","NMVOC","Gg","693.721405255309"
"CA","2005","N14 E_Solvents","NMVOC","Gg","369.021261257449"
"CA","2005","N14 F_RoadTransport","NMVOC","Gg","264.693383109668"
"CA","2005","N14 G_Shipping","NMVOC","Gg","8.59887346844627"
"CA","2005","N14 H_Aviation","NMVOC","Gg","1.7572653614114"
"CA","2005","N14 I_Offroad","NMVOC","Gg","391.406938495555"
"CA","2005","N14 J_Waste","NMVOC","Gg","14.870636623792"
"CA","2005","N14 K_AgriLivestock","NMVOC","Gg","125.537545590673"
"CA","2005","N14 L_AgriOther","NMVOC","Gg","2.23137903121823"
"CA","2005","N14 M_Other","NMVOC","Gg","3.37220810557425"
"CA","2005","N14 O_AviCruise","NMVOC","Gg","3.58824314440321"
"CA","2005","N14 P_IntShipping","NMVOC","Gg","0"
"CA","2005","N14 N_Natural","NMVOC","Gg","0"
"CA","2005","N14 z_Memo","NMVOC","Gg","0"
"CZ","2013","N14 A_PublicPower","NMVOC","Gg","4.619362251"
"CZ","2013","N14 B_Industry","NMVOC","Gg","4.465172447"
"CZ","2013","N14 C_OtherStatComb","NMVOC","Gg","104.517106508429"
"CZ","2013","N14 D_Fugitive","NMVOC","Gg","8.5151024"
"CZ","2013","N14 E_Solvents","NMVOC","Gg","70.8613199255558"
"CZ","2013","N14 F_RoadTransport","NMVOC","Gg","18.7756749239251"
"CZ","2013","N14 G_Shipping","NMVOC","Gg","0.009369756"
"CZ","2013","N14 H_Aviation","NMVOC","Gg","0.0710285"
"CZ","2013","N14 I_Offroad","NMVOC","Gg","3.30658138714054"
"CZ","2013","N14 J_Waste","NMVOC","Gg","5.44598037691012"
"CZ","2013","N14 K_AgriLivestock","NMVOC","Gg","0"
"CZ","2013","N14 L_AgriOther","NMVOC","Gg","0"
"CZ","2013","N14 M_Other","NMVOC","Gg","0"
"CZ","2013","N14 O_AviCruise","NMVOC","Gg","0.4198365"
"CZ","2013","N14 P_IntShipping","NMVOC","Gg","0"
"CZ","2013","N14 N_Natural","NMVOC","Gg","0.046"
"CZ","2013","N14 z_Memo","NMVOC","Gg","19.2573978099251"
"PT","2006","N14 A_PublicPower","NMVOC","Gg","0.838872408573093"
"PT","2006","N14 B_Industry","NMVOC","Gg","24.8601523187428"
"PT","2006","N14 C_OtherStatComb","NMVOC","Gg","17.2598739411005"
"PT","2006","N14 D_Fugitive","NMVOC","Gg","11.7659386927563"
"PT","2006","N14 E_Solvents","NMVOC","Gg","94.6685801629716"
"PT","2006","N14 F_RoadTransport","NMVOC","Gg","35.5100259537762"
"PT","2006","N14 G_Shipping","NMVOC","Gg","0.183475941255636"
"PT","2006","N14 H_Aviation","NMVOC","Gg","0.563533543854347"
"PT","2006","N14 I_Offroad","NMVOC","Gg","0.873399890920988"
"PT","2006","N14 J_Waste","NMVOC","Gg","2.55571910990831"
"PT","2006","N14 K_AgriLivestock","NMVOC","Gg","8.01159192127675"
"PT","2006","N14 L_AgriOther","NMVOC","Gg","6.48203807343245"
"PT","2006","N14 M_Other","NMVOC","Gg","0"
"PT","2006","N14 O_AviCruise","NMVOC","Gg","0.293366604100155"
"PT","2006","N14 P_IntShipping","NMVOC","Gg","1.48187999563278"
"PT","2006","N14 N_Natural","NMVOC","Gg","530.766733738002"
"PT","2006","N14 z_Memo","NMVOC","Gg","0"
"RO","2002","N14 A_PublicPower","NMVOC","Gg","1.0092643"
"RO","2002","N14 B_Industry","NMVOC","Gg","35.788567560685"
"RO","2002","N14 C_OtherStatComb","NMVOC","Gg","45.7744158"
"RO","2002","N14 D_Fugitive","NMVOC","Gg","35.232939249"
"RO","2002","N14 E_Solvents","NMVOC","Gg","40.71339989792"
"RO","2002","N14 F_RoadTransport","NMVOC","Gg","24.3879934621902"
"RO","2002","N14 G_Shipping","NMVOC","Gg","0.084"
"RO","2002","N14 H_Aviation","NMVOC","Gg","0"
"RO","2002","N14 I_Offroad","NMVOC","Gg","32.5200731503965"
"RO","2002","N14 J_Waste","NMVOC","Gg","1.36223227839413"
"RO","2002","N14 K_AgriLivestock","NMVOC","Gg","37.4368861850979"
"RO","2002","N14 L_AgriOther","NMVOC","Gg","4.58469232699072"
"RO","2002","N14 M_Other","NMVOC","Gg","0"
"RO","2002","N14 O_AviCruise","NMVOC","Gg","0"
"RO","2002","N14 P_IntShipping","NMVOC","Gg","0"
"SI","1980","N14 A_PublicPower","NMVOC","Gg","0"
"SI","1980","N14 B_Industry","NMVOC","Gg","0"
"SI","1980","N14 C_OtherStatComb","NMVOC","Gg","0"
"SI","1980","N14 D_Fugitive","NMVOC","Gg","0"
"SI","1980","N14 E_Solvents","NMVOC","Gg","0"
"SI","1980","N14 F_RoadTransport","NMVOC","Gg","0"
"SI","1980","N14 G_Shipping","NMVOC","Gg","0"
"SI","1980","N14 H_Aviation","NMVOC","Gg","0"
"SI","1980","N14 I_Offroad","NMVOC","Gg","0"
"SI","1980","N14 J_Waste","NMVOC","Gg","0"
"SI","1980","N14 K_AgriLivestock","NMVOC","Gg","0"
"SI","1980","N14 L_AgriOther","NMVOC","Gg","0"
"SI","1980","N14 M_Other","NMVOC","Gg","0"
"SI","1980","N14 O_AviCruise","NMVOC","Gg","0"
"SI","1980","N14 P_IntShipping","NMVOC","Gg","0"
"SI","1980","N14 N_Natural","NMVOC","Gg","0"
"SI","1980","N14 z_Memo","NMVOC","Gg","0"
"LU","1996","N14 A_PublicPower","NMVOC","Gg","0.00578374606840303"
"LU","1996","N14 B_Industry","NMVOC","Gg","0.60240187927973"
"LU","1996","N14 C_OtherStatComb","NMVOC","Gg","0.553932660613484"
"LU","1996","N14 D_Fugitive","NMVOC","Gg","0.781600683460153"
"LU","1996","N14 E_Solvents","NMVOC","Gg","5.82052776044816"
"LU","1996","N14 F_RoadTransport","NMVOC","Gg","7.47678451023929"
"LU","1996","N14 G_Shipping","NMVOC","Gg","0.0216664139039921"
"LU","1996","N14 H_Aviation","NMVOC","Gg","0.02223054934754"
"LU","1996","N14 I_Offroad","NMVOC","Gg","0.498080307908591"
"LU","1996","N14 J_Waste","NMVOC","Gg","0.0295039104929917"
"LU","1996","N14 K_AgriLivestock","NMVOC","Gg","3.24868590190695"
"LU","1996","N14 L_AgriOther","NMVOC","Gg","0.1086782"
"LU","1996","N14 M_Other","NMVOC","Gg","0"
"LU","1996","N14 O_AviCruise","NMVOC","Gg","0.0381177514426304"
"LU","1996","N14 P_IntShipping","NMVOC","Gg","0"
"LU","1996","N14 N_Natural","NMVOC","Gg","0"
"LU","1996","N14 z_Memo","NMVOC","Gg","2.98780250938289"
"ES","1996","N14 A_PublicPower","NMVOC","Gg","0.673155153741621"
"ES","1996","N14 B_Industry","NMVOC","Gg","68.2632997036577"
"ES","1996","N14 C_OtherStatComb","NMVOC","Gg","33.297447606"
"ES","1996","N14 D_Fugitive","NMVOC","Gg","47.991244661149"
"ES","1996","N14 E_Solvents","NMVOC","Gg","354.371466351"
"ES","1996","N14 F_RoadTransport","NMVOC","Gg","311.073567454"
"ES","1996","N14 G_Shipping","NMVOC","Gg","3.534324531"
"ES","1996","N14 H_Aviation","NMVOC","Gg","0.384732250467894"
"ES","1996","N14 I_Offroad","NMVOC","Gg","18.591353187"
"ES","1996","N14 J_Waste","NMVOC","Gg","6.10900131877"
"ES","1996","N14 K_AgriLivestock","NMVOC","Gg","50.588444774"
"ES","1996","N14 L_AgriOther","NMVOC","Gg","84.294435389"
"ES","1996","N14 M_Other","NMVOC","Gg","0"
"ES","1996","N14 O_AviCruise","NMVOC","Gg","0.713467158483086"
"ES","1996","N14 P_IntShipping","NMVOC","Gg","11.318028362"
"ES","1996","N14 N_Natural","NMVOC","Gg","0"
"ES","1996","N14 z_Memo","NMVOC","Gg","0"
"EU28","1995","N14 A_PublicPower","NMVOC","Gg","42.8840742055094"
"EU28","1995","N14 B_Industry","NMVOC","Gg","913.110528907513"
"EU28","1995","N14 C_OtherStatComb","NMVOC","Gg","1446.08435609143"
"EU28","1995","N14 D_Fugitive","NMVOC","Gg","1317.41216716975"
"EU28","1995","N14 E_Solvents","NMVOC","Gg","4051.70947624097"
"EU28","1995","N14 F_RoadTransport","NMVOC","Gg","4237.29292846"
"EU28","1995","N14 G_Shipping","NMVOC","Gg","102.831349790339"
"EU28","1995","N14 H_Aviation","NMVOC","Gg","10.7261359783036"
"EU28","1995","N14 I_Offroad","NMVOC","Gg","382.831110363525"
"EU28","1995","N14 J_Waste","NMVOC","Gg","100.040749227744"
"EU28","1995","N14 K_AgriLivestock","NMVOC","Gg","972.730839201984"
"EU28","1995","N14 L_AgriOther","NMVOC","Gg","231.410698319947"
"EU28","1995","N14 M_Other","NMVOC","Gg","1.34102957928434"
"EU28","1995","N14 O_AviCruise","NMVOC","Gg","9.09585962400461"
"EU28","1995","N14 P_IntShipping","NMVOC","Gg","38.669488056917"
"EU28","1995","N14 N_Natural","NMVOC","Gg","2205.47384415417"
"EU28","1995","N14 z_Memo","NMVOC","Gg","1507.45864017259"
"EU12","1999","N14 A_PublicPower","NMVOC","Gg","24.3998936595567"
"EU12","1999","N14 B_Industry","NMVOC","Gg","548.866669409998"
"EU12","1999","N14 C_OtherStatComb","NMVOC","Gg","754.013687522657"
"EU12","1999","N14 D_Fugitive","NMVOC","Gg","853.812051523023"
"EU12","1999","N14 E_Solvents","NMVOC","Gg","3218.69367627547"
"EU12","1999","N14 F_RoadTransport","NMVOC","Gg","2562.1528593284"
"EU12","1999","N14 G_Shipping","NMVOC","Gg","85.6643559124798"
"EU12","1999","N14 H_Aviation","NMVOC","Gg","10.3133833943482"
"EU12","1999","N14 I_Offroad","NMVOC","Gg","263.556801629223"
"EU12","1999","N14 J_Waste","NMVOC","Gg","56.1412140912115"
"EU12","1999","N14 K_AgriLivestock","NMVOC","Gg","648.134177294679"
"EU12","1999","N14 L_AgriOther","NMVOC","Gg","179.822244328983"
"EU12","1999","N14 M_Other","NMVOC","Gg","2.003833816506"
"EU12","1999","N14 O_AviCruise","NMVOC","Gg","7.69968879100574"
"EU12","1999","N14 P_IntShipping","NMVOC","Gg","42.9337274583392"
"EU12","1999","N14 N_Natural","NMVOC","Gg","1994.58583632595"
"EU12","1999","N14 z_Memo","NMVOC","Gg","1543.18304412669"
"IT","2003","N14 A_PublicPower","NMVOC","Gg","4.3832895832"
"IT","2003","N14 B_Industry","NMVOC","Gg","55.2730326086141"
"IT","2003","N14 C_OtherStatComb","NMVOC","Gg","110.467570888169"
"IT","2003","N14 D_Fugitive","NMVOC","Gg","81.3111145672066"
"IT","2003","N14 E_Solvents","NMVOC","Gg","496.093822245355"
"IT","2003","N14 F_RoadTransport","NMVOC","Gg","448.430890992057"
"IT","2003","N14 G_Shipping","NMVOC","Gg","46.8748143922255"
"IT","2003","N14 H_Aviation","NMVOC","Gg","0.692010766335054"
"IT","2003","N14 I_Offroad","NMVOC","Gg","29.0271391185221"
"IT","2003","N14 J_Waste","NMVOC","Gg","12.9658171520739"
"IT","2003","N14 K_AgriLivestock","NMVOC","Gg","114.089190290013"
"IT","2003","N14 L_AgriOther","NMVOC","Gg","27.1662302699446"
"IT","2003","N14 M_Other","NMVOC","Gg","0"
"IT","2003","N14 O_AviCruise","NMVOC","Gg","0.874928155019808"
"IT","2003","N14 P_IntShipping","NMVOC","Gg","4.62877644072439"
"IT","2003","N14 N_Natural","NMVOC","Gg","1271.63490107698"
"IT","2003","N14 z_Memo","NMVOC","Gg","0"
"CY","2002","N14 A_PublicPower","NMVOC","Gg","0.089638511616"
"CY","2002","N14 B_Industry","NMVOC","Gg","1.08696230925"
"CY","2002","N14 C_OtherStatComb","NMVOC","Gg","0.0428912823404971"
"CY","2002","N14 D_Fugitive","NMVOC","Gg","1.22728629029982"
"CY","2002","N14 E_Solvents","NMVOC","Gg","9.2053420156644"
"CY","2002","N14 F_RoadTransport","NMVOC","Gg","4.72889169270303"
"CY","2002","N14 G_Shipping","NMVOC","Gg","0.00250120977877802"
"CY","2002","N14 H_Aviation","NMVOC","Gg","0.0197980749180236"
"CY","2002","N14 I_Offroad","NMVOC","Gg","0.0995367689493297"
"CY","2002","N14 J_Waste","NMVOC","Gg","0.703352352484988"
"CY","2002","N14 K_AgriLivestock","NMVOC","Gg","1.20712652853737"
"CY","2002","N14 L_AgriOther","NMVOC","Gg","0.058016"
"CY","2002","N14 M_Other","NMVOC","Gg","0"
"CY","2002","N14 O_AviCruise","NMVOC","Gg","0"
"CY","2002","N14 P_IntShipping","NMVOC","Gg","0.107760766636661"
"CY","2002","N14 N_Natural","NMVOC","Gg","0"
"CY","2002","N14 z_Memo","NMVOC","Gg","4.75119097739983"
"RO","2013","N14 A_PublicPower","NMVOC","Gg","0.65330341"
"RO","2013","N14 B_Industry","NMVOC","Gg","26.8139182594"
"RO","2013","N14 C_OtherStatComb","NMVOC","Gg","77.2008045"
"RO","2013","N14 D_Fugitive","NMVOC","Gg","11.9651004289"
"RO","2013","N14 E_Solvents","NMVOC","Gg","51.41942634552"
"RO","2013","N14 F_RoadTransport","NMVOC","Gg","24.0041731698781"
"RO","2013","N14 G_Shipping","NMVOC","Gg","0.1148"
"RO","2013","N14 H_Aviation","NMVOC","Gg","0.03647"
"RO","2013","N14 I_Offroad","NMVOC","Gg","13.5181286477983"
"RO","2013","N14 J_Waste","NMVOC","Gg","2.5233923600822"
"RO","2013","N14 K_AgriLivestock","NMVOC","Gg","30.8818690869386"
"RO","2013","N14 L_AgriOther","NMVOC","Gg","6.72758546166593"
"RO","2013","N14 M_Other","NMVOC","Gg","0"
"RO","2013","N14 O_AviCruise","NMVOC","Gg","0.07332422"
"RO","2013","N14 P_IntShipping","NMVOC","Gg","0.1107"
"SK","2014","N14 A_PublicPower","NMVOC","Gg","0.167792307"
"SK","2014","N14 B_Industry","NMVOC","Gg","5.1532657979674"
"SK","2014","N14 C_OtherStatComb","NMVOC","Gg","37.4158490821197"
"SK","2014","N14 D_Fugitive","NMVOC","Gg","7.05051698333866"
"SK","2014","N14 E_Solvents","NMVOC","Gg","24.1615654780836"
"SK","2014","N14 F_RoadTransport","NMVOC","Gg","6.41604574963446"
"SK","2014","N14 G_Shipping","NMVOC","Gg","0.01614401350848"
"SK","2014","N14 H_Aviation","NMVOC","Gg","0.00130585855215153"
"SK","2014","N14 I_Offroad","NMVOC","Gg","1.22404768822162"
"SK","2014","N14 J_Waste","NMVOC","Gg","0.717770837831622"
"SK","2014","N14 K_AgriLivestock","NMVOC","Gg","4.80610449475492"
"SK","2014","N14 L_AgriOther","NMVOC","Gg","1.92990615399219"
"SK","2014","N14 M_Other","NMVOC","Gg","0"
"SK","2014","N14 O_AviCruise","NMVOC","Gg","0.00175685554398773"
"SK","2014","N14 P_IntShipping","NMVOC","Gg","0"
"SK","2014","N14 N_Natural","NMVOC","Gg","0.095865"
"SK","2014","N14 z_Memo","NMVOC","Gg","0"
"AT","2003","N14 A_PublicPower","NMVOC","Gg","0.254971968676873"
"AT","2003","N14 B_Industry","NMVOC","Gg","3.9465406525479"
"AT","2003","N14 C_OtherStatComb","NMVOC","Gg","30.3203441756833"
"AT","2003","N14 D_Fugitive","NMVOC","Gg","3.95563983618848"
"AT","2003","N14 E_Solvents","NMVOC","Gg","55.6431951413505"
"AT","2003","N14 F_RoadTransport","NMVOC","Gg","23.6475935377074"
"AT","2003","N14 G_Shipping","NMVOC","Gg","0.543135203567862"
"AT","2003","N14 H_Aviation","NMVOC","Gg","0.425840914520778"
"AT","2003","N14 I_Offroad","NMVOC","Gg","8.20420244524208"
"AT","2003","N14 J_Waste","NMVOC","Gg","0.112794049579025"
"AT","2003","N14 K_AgriLivestock","NMVOC","Gg","28.7411908851223"
"AT","2003","N14 L_AgriOther","NMVOC","Gg","12.2117341916109"
"AT","2003","N14 M_Other","NMVOC","Gg","0"
"AT","2003","N14 O_AviCruise","NMVOC","Gg","0.340582864411824"
"AT","2003","N14 P_IntShipping","NMVOC","Gg","0"
"AT","2003","N14 N_Natural","NMVOC","Gg","0"
"AT","2003","N14 z_Memo","NMVOC","Gg","20.9036022235997"
"FR","1995","N14 A_PublicPower","NMVOC","Gg","1.55175364027257"
"FR","1995","N14 B_Industry","NMVOC","Gg","88.3403303202366"
"FR","1995","N14 C_OtherStatComb","NMVOC","Gg","504.141229319571"
"FR","1995","N14 D_Fugitive","NMVOC","Gg","112.616847524066"
"FR","1995","N14 E_Solvents","NMVOC","Gg","589.111478943216"
"FR","1995","N14 F_RoadTransport","NMVOC","Gg","685.5681689561"
"FR","1995","N14 G_Shipping","NMVOC","Gg","16.7571993103642"
"FR","1995","N14 H_Aviation","NMVOC","Gg","2.20576567837454"
"FR","1995","N14 I_Offroad","NMVOC","Gg","53.249262688529"
"FR","1995","N14 J_Waste","NMVOC","Gg","12.191551196695"
"FR","1995","N14 K_AgriLivestock","NMVOC","Gg","0"
"FR","1995","N14 L_AgriOther","NMVOC","Gg","2.36687899847227"
"FR","1995","N14 M_Other","NMVOC","Gg","0"
"FR","1995","N14 O_AviCruise","NMVOC","Gg","1.29300061470069"
"FR","1995","N14 P_IntShipping","NMVOC","Gg","6.09256131840448"
"FR","1995","N14 N_Natural","NMVOC","Gg","114.359582928115"
"FR","1995","N14 z_Memo","NMVOC","Gg","1507.45864017259"
"GR","2012","N14 A_PublicPower","NMVOC","Gg","1.6734640575349"
"GR","2012","N14 B_Industry","NMVOC","Gg","12.6821974271568"
"GR","2012","N14 C_OtherStatComb","NMVOC","Gg","11.0118020096"
"GR","2012","N14 D_Fugitive","NMVOC","Gg","18.96277"
"GR","2012","N14 E_Solvents","NMVOC","Gg","88.2520358544682"
"GR","2012","N14 F_RoadTransport","NMVOC","Gg","51.2069181242513"
"GR","2012","N14 G_Shipping","NMVOC","Gg","1.4695"
"GR","2012","N14 H_Aviation","NMVOC","Gg","0.009590661435"
"GR","2012","N14 I_Offroad","NMVOC","Gg","13.4953607463287"
"GR","2012","N14 J_Waste","NMVOC","Gg","6.9850230516406"
"GR","2012","N14 K_AgriLivestock","NMVOC","Gg","14.339974216308"
"GR","2012","N14 L_AgriOther","NMVOC","Gg","3.28684623416723"
"GR","2012","N14 M_Other","NMVOC","Gg","0"
"GR","2012","N14 O_AviCruise","NMVOC","Gg","0.01766192798"
"GR","2012","N14 P_IntShipping","NMVOC","Gg","6.312"
"BE","2003","N14 A_PublicPower","NMVOC","Gg","0.691334870958286"
"BE","2003","N14 B_Industry","NMVOC","Gg","25.5945764160627"
"BE","2003","N14 C_OtherStatComb","NMVOC","Gg","11.1597705045278"
"BE","2003","N14 D_Fugitive","NMVOC","Gg","18.9176091849743"
"BE","2003","N14 E_Solvents","NMVOC","Gg","67.8971395613389"
"BE","2003","N14 F_RoadTransport","NMVOC","Gg","26.9713075239199"
"BE","2003","N14 G_Shipping","NMVOC","Gg","0.386285333085359"
"BE","2003","N14 H_Aviation","NMVOC","Gg","0.155502792495707"
"BE","2003","N14 I_Offroad","NMVOC","Gg","5.55501666514056"
"BE","2003","N14 J_Waste","NMVOC","Gg","1.98028140671812"
"BE","2003","N14 K_AgriLivestock","NMVOC","Gg","25.2567409178016"
"BE","2003","N14 L_AgriOther","NMVOC","Gg","1.227836025"
"BE","2003","N14 M_Other","NMVOC","Gg","0"
"BE","2003","N14 O_AviCruise","NMVOC","Gg","0.545654455529082"
"BE","2003","N14 P_IntShipping","NMVOC","Gg","0.971107384270153"
"BE","2003","N14 N_Natural","NMVOC","Gg","54.328085081"
"BE","2003","N14 z_Memo","NMVOC","Gg","22.8806196400952"
"CZ","1993","N14 A_PublicPower","NMVOC","Gg","7.79045959"
"CZ","1993","N14 B_Industry","NMVOC","Gg","18.625486755"
"CZ","1993","N14 C_OtherStatComb","NMVOC","Gg","152.4475440214"
"CZ","1993","N14 D_Fugitive","NMVOC","Gg","21.365253601"
"CZ","1993","N14 E_Solvents","NMVOC","Gg","136.273344397099"
"CZ","1993","N14 F_RoadTransport","NMVOC","Gg","60.8680618264041"
"CZ","1993","N14 G_Shipping","NMVOC","Gg","0.0753514144"
"CZ","1993","N14 H_Aviation","NMVOC","Gg","0.05016775"
"CZ","1993","N14 I_Offroad","NMVOC","Gg","9.63690924466667"
"CZ","1993","N14 J_Waste","NMVOC","Gg","0.119173992559568"
"CZ","1993","N14 K_AgriLivestock","NMVOC","Gg","0"
"CZ","1993","N14 L_AgriOther","NMVOC","Gg","0"
"CZ","1993","N14 M_Other","NMVOC","Gg","0"
"CZ","1993","N14 O_AviCruise","NMVOC","Gg","0.34497975"
"CZ","1993","N14 P_IntShipping","NMVOC","Gg","0"
"CZ","1993","N14 N_Natural","NMVOC","Gg","0"
"CZ","1993","N14 z_Memo","NMVOC","Gg","61.7006042024042"
"FI","1991","N14 A_PublicPower","NMVOC","Gg","0.44193012605"
"FI","1991","N14 B_Industry","NMVOC","Gg","22.5377469545888"
"FI","1991","N14 C_OtherStatComb","NMVOC","Gg","14.7538845167085"
"FI","1991","N14 D_Fugitive","NMVOC","Gg","13.41488484"
"FI","1991","N14 E_Solvents","NMVOC","Gg","45.588294144"
"FI","1991","N14 F_RoadTransport","NMVOC","Gg","76.0789003548039"
"FI","1991","N14 G_Shipping","NMVOC","Gg","9.91645627643154"
"FI","1991","N14 H_Aviation","NMVOC","Gg","0.102901117514778"
"FI","1991","N14 I_Offroad","NMVOC","Gg","21.0415686043009"
"FI","1991","N14 J_Waste","NMVOC","Gg","0.259488824"
"FI","1991","N14 K_AgriLivestock","NMVOC","Gg","12.4920792854581"
"FI","1991","N14 L_AgriOther","NMVOC","Gg","4.17026533828513"
"FI","1991","N14 M_Other","NMVOC","Gg","0"
"FI","1991","N14 O_AviCruise","NMVOC","Gg","0.159579229401823"
"FI","1991","N14 P_IntShipping","NMVOC","Gg","1.2461"
"FI","1991","N14 N_Natural","NMVOC","Gg","0"
"FI","1991","N14 z_Memo","NMVOC","Gg","0"
"FR","2000","N14 A_PublicPower","NMVOC","Gg","1.2602462524949"
"FR","2000","N14 B_Industry","NMVOC","Gg","86.4112169095747"
"FR","2000","N14 C_OtherStatComb","NMVOC","Gg","371.510569740074"
"FR","2000","N14 D_Fugitive","NMVOC","Gg","74.7344399566451"
"FR","2000","N14 E_Solvents","NMVOC","Gg","587.42537665664"
"FR","2000","N14 F_RoadTransport","NMVOC","Gg","432.722428144582"
"FR","2000","N14 G_Shipping","NMVOC","Gg","18.9303919440605"
"FR","2000","N14 H_Aviation","NMVOC","Gg","1.74798328662823"
"FR","2000","N14 I_Offroad","NMVOC","Gg","53.4265605916782"
"FR","2000","N14 J_Waste","NMVOC","Gg","12.8474342690833"
"FR","2000","N14 K_AgriLivestock","NMVOC","Gg","0"
"FR","2000","N14 L_AgriOther","NMVOC","Gg","2.54403443139054"
"FR","2000","N14 M_Other","NMVOC","Gg","0"
"FR","2000","N14 O_AviCruise","NMVOC","Gg","1.83647077140963"
"FR","2000","N14 P_IntShipping","NMVOC","Gg","8.12868994642887"
"FR","2000","N14 N_Natural","NMVOC","Gg","111.854635205054"
"FR","2000","N14 z_Memo","NMVOC","Gg","1475.79131907043"
"CY","1998","N14 A_PublicPower","NMVOC","Gg","0.078094044037"
"CY","1998","N14 B_Industry","NMVOC","Gg","1.131675542"
"CY","1998","N14 C_OtherStatComb","NMVOC","Gg","0.0486060125974675"
"CY","1998","N14 D_Fugitive","NMVOC","Gg","1.08125840329218"
"CY","1998","N14 E_Solvents","NMVOC","Gg","7.3756939827134"
"CY","1998","N14 F_RoadTransport","NMVOC","Gg","5.70993310708211"
"CY","1998","N14 G_Shipping","NMVOC","Gg","0.00274033725625204"
"CY","1998","N14 H_Aviation","NMVOC","Gg","0.0162106142267875"
"CY","1998","N14 I_Offroad","NMVOC","Gg","0.0798711176586143"
"CY","1998","N14 J_Waste","NMVOC","Gg","0.634666015251935"
"CY","1998","N14 K_AgriLivestock","NMVOC","Gg","1.11501311477729"
"CY","1998","N14 L_AgriOther","NMVOC","Gg","0.0614536"
"CY","1998","N14 M_Other","NMVOC","Gg","0"
"CY","1998","N14 O_AviCruise","NMVOC","Gg","0"
"CY","1998","N14 P_IntShipping","NMVOC","Gg","0.118"
"CY","1998","N14 N_Natural","NMVOC","Gg","0"
"CY","1998","N14 z_Memo","NMVOC","Gg","5.72888405856515"
"SK","2003","N14 A_PublicPower","NMVOC","Gg","0.174882005"
"SK","2003","N14 B_Industry","NMVOC","Gg","9.77631036362529"
"SK","2003","N14 C_OtherStatComb","NMVOC","Gg","42.7279575896859"
"SK","2003","N14 D_Fugitive","NMVOC","Gg","9.80048992075629"
"SK","2003","N14 E_Solvents","NMVOC","Gg","54.2596033447244"
"SK","2003","N14 F_RoadTransport","NMVOC","Gg","20.7335914564615"
"SK","2003","N14 G_Shipping","NMVOC","Gg","0.0184807718673372"
"SK","2003","N14 H_Aviation","NMVOC","Gg","0.00153211924535773"
"SK","2003","N14 I_Offroad","NMVOC","Gg","0.967193814146115"
"SK","2003","N14 J_Waste","NMVOC","Gg","0.94422995052027"
"SK","2003","N14 K_AgriLivestock","NMVOC","Gg","6.50321366717012"
"SK","2003","N14 L_AgriOther","NMVOC","Gg","2.57426416385942"
"SK","2003","N14 M_Other","NMVOC","Gg","0"
"SK","2003","N14 O_AviCruise","NMVOC","Gg","0.00256446793952426"
"SK","2003","N14 P_IntShipping","NMVOC","Gg","0"
"SK","2003","N14 N_Natural","NMVOC","Gg","0.78392"
"SK","2003","N14 z_Memo","NMVOC","Gg","0"
"EE","1993","N14 A_PublicPower","NMVOC","Gg","0.56"
"EE","1993","N14 B_Industry","NMVOC","Gg","5.35102723"
"EE","1993","N14 C_OtherStatComb","NMVOC","Gg","2.796867"
"EE","1993","N14 D_Fugitive","NMVOC","Gg","1.275"
"EE","1993","N14 E_Solvents","NMVOC","Gg","6.130933"
"EE","1993","N14 F_RoadTransport","NMVOC","Gg","9.080431"
"EE","1993","N14 G_Shipping","NMVOC","Gg","0.03725"
"EE","1993","N14 H_Aviation","NMVOC","Gg","0.004275"
"EE","1993","N14 I_Offroad","NMVOC","Gg","1.283883"
"EE","1993","N14 J_Waste","NMVOC","Gg","1.214641"
"EE","1993","N14 K_AgriLivestock","NMVOC","Gg","5.826449"
"EE","1993","N14 L_AgriOther","NMVOC","Gg","0.469417"
"EE","1993","N14 M_Other","NMVOC","Gg","0"
"EE","1993","N14 O_AviCruise","NMVOC","Gg","0.00769"
"EE","1993","N14 P_IntShipping","NMVOC","Gg","0.4203"
"EE","1993","N14 N_Natural","NMVOC","Gg","0.19413"
"EE","1993","N14 z_Memo","NMVOC","Gg","0"
"LU","2016","N14 A_PublicPower","NMVOC","Gg","0.172692134112165"
"LU","2016","N14 B_Industry","NMVOC","Gg","0.663484605703204"
"LU","2016","N14 C_OtherStatComb","NMVOC","Gg","0.546791572047326"
"LU","2016","N14 D_Fugitive","NMVOC","Gg","0.638529999211928"
"LU","2016","N14 E_Solvents","NMVOC","Gg","5.10410578131679"
"LU","2016","N14 F_RoadTransport","NMVOC","Gg","0.941943830816422"
"LU","2016","N14 G_Shipping","NMVOC","Gg","0.00684078371060915"
"LU","2016","N14 H_Aviation","NMVOC","Gg","0.0507960626821459"
"LU","2016","N14 I_Offroad","NMVOC","Gg","0.153838241359553"
"LU","2016","N14 J_Waste","NMVOC","Gg","0.0176073825617007"
"LU","2016","N14 K_AgriLivestock","NMVOC","Gg","3.21624925177341"
"LU","2016","N14 L_AgriOther","NMVOC","Gg","0.11235986"
"LU","2016","N14 M_Other","NMVOC","Gg","0"
"LU","2016","N14 O_AviCruise","NMVOC","Gg","0.0931209123908172"
"LU","2016","N14 P_IntShipping","NMVOC","Gg","0"
"LU","2016","N14 N_Natural","NMVOC","Gg","0"
"LU","2016","N14 z_Memo","NMVOC","Gg","0.503307348698995"
"LT","2017","N14 A_PublicPower","NMVOC","Gg","0.394936635713892"
"LT","2017","N14 B_Industry","NMVOC","Gg","5.88459626773936"
"LT","2017","N14 C_OtherStatComb","NMVOC","Gg","10.8175670652"
"LT","2017","N14 D_Fugitive","NMVOC","Gg","2.94824175142441"
"LT","2017","N14 E_Solvents","NMVOC","Gg","7.46411739316384"
"LT","2017","N14 F_RoadTransport","NMVOC","Gg","3.78751525991821"
"LT","2017","N14 G_Shipping","NMVOC","Gg","0.0151563229118059"
"LT","2017","N14 H_Aviation","NMVOC","Gg","0.0115805"
"LT","2017","N14 I_Offroad","NMVOC","Gg","0.520422501931848"
"LT","2017","N14 J_Waste","NMVOC","Gg","0.4874630544"
"LT","2017","N14 K_AgriLivestock","NMVOC","Gg","11.5894610713476"
"LT","2017","N14 L_AgriOther","NMVOC","Gg","1.80623072"
"LT","2017","N14 M_Other","NMVOC","Gg","0"
"LT","2017","N14 P_IntShipping","NMVOC","Gg","0.489219734042553"
"LT","2017","N14 N_Natural","NMVOC","Gg","0.11904"
"IE","1998","N14 A_PublicPower","NMVOC","Gg","0.325714807154213"
"IE","1998","N14 B_Industry","NMVOC","Gg","11.6975868131863"
"IE","1998","N14 C_OtherStatComb","NMVOC","Gg","17.0476130274655"
"IE","1998","N14 D_Fugitive","NMVOC","Gg","5.5253245835219"
"IE","1998","N14 E_Solvents","NMVOC","Gg","24.541808420062"
"IE","1998","N14 F_RoadTransport","NMVOC","Gg","28.3204199959634"
"IE","1998","N14 G_Shipping","NMVOC","Gg","0.1014"
"IE","1998","N14 H_Aviation","NMVOC","Gg","0.124794213454169"
"IE","1998","N14 I_Offroad","NMVOC","Gg","1.50704018515139"
"IE","1998","N14 J_Waste","NMVOC","Gg","0.931827470559784"
"IE","1998","N14 K_AgriLivestock","NMVOC","Gg","42.795851889829"
"IE","1998","N14 L_AgriOther","NMVOC","Gg","3.796728"
"IE","1998","N14 M_Other","NMVOC","Gg","0"
"IE","1998","N14 O_AviCruise","NMVOC","Gg","0.161079153040498"
"IE","1998","N14 P_IntShipping","NMVOC","Gg","0.4374"
"IE","1998","N14 N_Natural","NMVOC","Gg","0"
"IE","1998","N14 z_Memo","NMVOC","Gg","26.7113439146638"
"FR","1998","N14 A_PublicPower","NMVOC","Gg","1.32020960396734"
"FR","1998","N14 B_Industry","NMVOC","Gg","87.3725959730977"
"FR","1998","N14 C_OtherStatComb","NMVOC","Gg","450.040401944125"
"FR","1998","N14 D_Fugitive","NMVOC","Gg","95.6616083752425"
"FR","1998","N14 E_Solvents","NMVOC","Gg","588.247866130287"
"FR","1998","N14 F_RoadTransport","NMVOC","Gg","537.006596464399"
"FR","1998","N14 G_Shipping","NMVOC","Gg","18.5947670879855"
"FR","1998","N14 H_Aviation","NMVOC","Gg","1.87876625342337"
"FR","1998","N14 I_Offroad","NMVOC","Gg","54.9461248810539"
"FR","1998","N14 J_Waste","NMVOC","Gg","12.7912628931962"
"FR","1998","N14 K_AgriLivestock","NMVOC","Gg","0"
"FR","1998","N14 L_AgriOther","NMVOC","Gg","2.56669714646682"
"FR","1998","N14 M_Other","NMVOC","Gg","0"
"FR","1998","N14 O_AviCruise","NMVOC","Gg","1.49608527439957"
"FR","1998","N14 P_IntShipping","NMVOC","Gg","7.77531541825717"
"FR","1998","N14 N_Natural","NMVOC","Gg","106.074163802708"
"FR","1998","N14 z_Memo","NMVOC","Gg","1415.17700039308"
"HU","1991","N14 A_PublicPower","NMVOC","Gg","0.461378182201433"
"HU","1991","N14 B_Industry","NMVOC","Gg","18.1082272616381"
"HU","1991","N14 C_OtherStatComb","NMVOC","Gg","40.6539595265836"
"HU","1991","N14 D_Fugitive","NMVOC","Gg","7.88792805580382"
"HU","1991","N14 E_Solvents","NMVOC","Gg","49.682125603915"
"HU","1991","N14 F_RoadTransport","NMVOC","Gg","99.7673226371864"
"HU","1991","N14 G_Shipping","NMVOC","Gg","1.4768"
"HU","1991","N14 H_Aviation","NMVOC","Gg","0.0021791122313276"
"HU","1991","N14 I_Offroad","NMVOC","Gg","4.52308857836933"
"HU","1991","N14 J_Waste","NMVOC","Gg","1.90633634202619"
"HU","1991","N14 K_AgriLivestock","NMVOC","Gg","37.6095503150441"
"HU","1991","N14 L_AgriOther","NMVOC","Gg","3.87580708958678"
"HU","1991","N14 M_Other","NMVOC","Gg","0"
"HU","1991","N14 O_AviCruise","NMVOC","Gg","0"
"HU","1991","N14 P_IntShipping","NMVOC","Gg","0"
"HU","1991","N14 N_Natural","NMVOC","Gg","0"
"HU","1991","N14 z_Memo","NMVOC","Gg","0"
"SK","1991","N14 A_PublicPower","NMVOC","Gg","0.21424442050962"
"SK","1991","N14 B_Industry","NMVOC","Gg","12.7687836332243"
"SK","1991","N14 C_OtherStatComb","NMVOC","Gg","152.358222468503"
"SK","1991","N14 D_Fugitive","NMVOC","Gg","11.3170589687371"
"SK","1991","N14 E_Solvents","NMVOC","Gg","66.7515106150158"
"SK","1991","N14 F_RoadTransport","NMVOC","Gg","24.4031045741442"
"SK","1991","N14 G_Shipping","NMVOC","Gg","0.0486164599443495"
"SK","1991","N14 H_Aviation","NMVOC","Gg","0.00170931252440279"
"SK","1991","N14 I_Offroad","NMVOC","Gg","1.27393645986819"
"SK","1991","N14 J_Waste","NMVOC","Gg","1.14457933166118"
"SK","1991","N14 K_AgriLivestock","NMVOC","Gg","10.8074527869537"
"SK","1991","N14 L_AgriOther","NMVOC","Gg","4.60866320685973"
"SK","1991","N14 M_Other","NMVOC","Gg","0"
"SK","1991","N14 O_AviCruise","NMVOC","Gg","0.00286104949060316"
"SK","1991","N14 P_IntShipping","NMVOC","Gg","0"
"SK","1991","N14 N_Natural","NMVOC","Gg","0.104"
"SK","1991","N14 z_Memo","NMVOC","Gg","0"
"KZ","2006","N14 C_OtherStatComb","NMVOC","Gg","0"
"KZ","2006","N14 D_Fugitive","NMVOC","Gg","0"
"KZ","2006","N14 E_Solvents","NMVOC","Gg","24.38952865116"
"KZ","2006","N14 F_RoadTransport","NMVOC","Gg","45.8964755860104"
"KZ","2006","N14 G_Shipping","NMVOC","Gg","0"
"KZ","2006","N14 H_Aviation","NMVOC","Gg","0.03451409267488"
"KZ","2006","N14 I_Offroad","NMVOC","Gg","1.40452131348837"
"KZ","2006","N14 J_Waste","NMVOC","Gg","5.0503132907"
"KZ","2006","N14 K_AgriLivestock","NMVOC","Gg","71.920094"
"KZ","2006","N14 L_AgriOther","NMVOC","Gg","15.797426"
"KZ","2006","N14 M_Other","NMVOC","Gg","0"
"KZ","2006","N14 N_Natural","NMVOC","Gg","66.557"
"IT","1992","N14 A_PublicPower","NMVOC","Gg","3.6753389387898"
"IT","1992","N14 B_Industry","NMVOC","Gg","78.0321644659835"
"IT","1992","N14 C_OtherStatComb","NMVOC","Gg","107.814491653031"
"IT","1992","N14 D_Fugitive","NMVOC","Gg","133.103448716737"
"IT","1992","N14 E_Solvents","NMVOC","Gg","639.183434717266"
"IT","1992","N14 F_RoadTransport","NMVOC","Gg","876.563869153448"
"IT","1992","N14 G_Shipping","NMVOC","Gg","46.4755666231175"
"IT","1992","N14 H_Aviation","NMVOC","Gg","0.334628518298071"
"IT","1992","N14 I_Offroad","NMVOC","Gg","77.9864430525806"
"IT","1992","N14 J_Waste","NMVOC","Gg","12.0883371735246"
"IT","1992","N14 K_AgriLivestock","NMVOC","Gg","119.7883739048"
"IT","1992","N14 L_AgriOther","NMVOC","Gg","30.3133185203971"
"IT","1992","N14 M_Other","NMVOC","Gg","0"
"IT","1992","N14 O_AviCruise","NMVOC","Gg","0.422277492989659"
"IT","1992","N14 P_IntShipping","NMVOC","Gg","2.62451539027138"
"IT","1992","N14 N_Natural","NMVOC","Gg","1149.46439702974"
"IT","1992","N14 z_Memo","NMVOC","Gg","0"
"AZ","1994","N14 A_PublicPower","NMVOC","Gg","0"
"AZ","1994","N14 B_Industry","NMVOC","Gg","0"
"AZ","1994","N14 C_OtherStatComb","NMVOC","Gg","0"
"AZ","1994","N14 D_Fugitive","NMVOC","Gg","0"
"AZ","1994","N14 E_Solvents","NMVOC","Gg","20.38392"
"AZ","1994","N14 F_RoadTransport","NMVOC","Gg","2.533325789"
"AZ","1994","N14 G_Shipping","NMVOC","Gg","0"
"AZ","1994","N14 H_Aviation","NMVOC","Gg","0"
"AZ","1994","N14 I_Offroad","NMVOC","Gg","0"
"AZ","1994","N14 J_Waste","NMVOC","Gg","0"
"AZ","1994","N14 K_AgriLivestock","NMVOC","Gg","15.46625255"
"AZ","1994","N14 L_AgriOther","NMVOC","Gg","0"
"AZ","1994","N14 M_Other","NMVOC","Gg","0"
"AZ","1994","N14 O_AviCruise","NMVOC","Gg","0"
"AZ","1994","N14 P_IntShipping","NMVOC","Gg","0"
"AZ","1994","N14 N_Natural","NMVOC","Gg","0"
"AZ","1994","N14 z_Memo","NMVOC","Gg","0"
"MD","2000","N14 A_PublicPower","NMVOC","Gg","0.1436818988"
"MD","2000","N14 B_Industry","NMVOC","Gg","2.944464616"
"MD","2000","N14 C_OtherStatComb","NMVOC","Gg","2.257940936375"
"MD","2000","N14 D_Fugitive","NMVOC","Gg","0"
"MD","2000","N14 E_Solvents","NMVOC","Gg","9.87604"
"MD","2000","N14 F_RoadTransport","NMVOC","Gg","0.83763568170848"
"MD","2000","N14 G_Shipping","NMVOC","Gg","8.68e-05"
"MD","2000","N14 H_Aviation","NMVOC","Gg","0"
"MD","2000","N14 K_AgriLivestock","NMVOC","Gg","11.7916676927"
"MD","2000","N14 L_AgriOther","NMVOC","Gg","1.463212971705"
"RU","2017","N14 A_PublicPower","NMVOC","Gg","7.186284"
"RU","2017","N14 B_Industry","NMVOC","Gg","501.435494537"
"RU","2017","N14 C_OtherStatComb","NMVOC","Gg","5.85609899565711"
"RU","2017","N14 D_Fugitive","NMVOC","Gg","244.959903"
"RU","2017","N14 E_Solvents","NMVOC","Gg","151.5124008"
"RU","2017","N14 F_RoadTransport","NMVOC","Gg","1196.89014154531"
"RU","2017","N14 G_Shipping","NMVOC","Gg","1.8676741"
"RU","2017","N14 H_Aviation","NMVOC","Gg","0.249193"
"RU","2017","N14 I_Offroad","NMVOC","Gg","154.538202800028"
"RU","2017","N14 J_Waste","NMVOC","Gg","27.69698091176"
"RU","2017","N14 K_AgriLivestock","NMVOC","Gg","270.84281769"
"RU","2017","N14 L_AgriOther","NMVOC","Gg","121.237898"
"RU","2017","N14 M_Other","NMVOC","Gg","19.8177760882397"
"RU","2017","N14 O_AviCruise","NMVOC","Gg","0"
"RU","2017","N14 P_IntShipping","NMVOC","Gg","0"
"RU","2017","N14 N_Natural","NMVOC","Gg","6.71181"
"RU","2017","N14 z_Memo","NMVOC","Gg","0"
"FR","2013","N14 A_PublicPower","NMVOC","Gg","0.67731781745482"
"FR","2013","N14 B_Industry","NMVOC","Gg","57.4421936184059"
"FR","2013","N14 C_OtherStatComb","NMVOC","Gg","167.066691821508"
"FR","2013","N14 D_Fugitive","NMVOC","Gg","25.5973800822924"
"FR","2013","N14 E_Solvents","NMVOC","Gg","308.577405915111"
"FR","2013","N14 F_RoadTransport","NMVOC","Gg","76.2231325168143"
"FR","2013","N14 G_Shipping","NMVOC","Gg","9.17874632931355"
"FR","2013","N14 H_Aviation","NMVOC","Gg","1.22732064158724"
"FR","2013","N14 I_Offroad","NMVOC","Gg","27.5999666224741"
"FR","2013","N14 J_Waste","NMVOC","Gg","10.1902038545651"
"FR","2013","N14 K_AgriLivestock","NMVOC","Gg","0"
"FR","2013","N14 L_AgriOther","NMVOC","Gg","1.62782387380957"
"FR","2013","N14 M_Other","NMVOC","Gg","0"
"FR","2013","N14 O_AviCruise","NMVOC","Gg","2.24992088637966"
"FR","2013","N14 P_IntShipping","NMVOC","Gg","6.25970308461456"
"FR","2013","N14 N_Natural","NMVOC","Gg","97.3495239824706"
"FR","2013","N14 z_Memo","NMVOC","Gg","1490.82977118721"
"LV","2010","N14 A_PublicPower","NMVOC","Gg","0.138247436945355"
"LV","2010","N14 B_Industry","NMVOC","Gg","4.6922683819906"
"LV","2010","N14 C_OtherStatComb","NMVOC","Gg","12.0186164992672"
"LV","2010","N14 D_Fugitive","NMVOC","Gg","2.34725156743234"
"LV","2010","N14 E_Solvents","NMVOC","Gg","7.80410848920433"
"LV","2010","N14 F_RoadTransport","NMVOC","Gg","3.91335263472415"
"LV","2010","N14 G_Shipping","NMVOC","Gg","0.0263566062003349"
"LV","2010","N14 H_Aviation","NMVOC","Gg","0.04302748"
"LV","2010","N14 I_Offroad","NMVOC","Gg","1.48182036119923"
"LV","2010","N14 J_Waste","NMVOC","Gg","0.94787244279"
"LV","2010","N14 K_AgriLivestock","NMVOC","Gg","5.85348977476809"
"LV","2010","N14 L_AgriOther","NMVOC","Gg","1.033154"
"LV","2010","N14 M_Other","NMVOC","Gg","0"
"LV","2010","N14 O_AviCruise","NMVOC","Gg","0.0466390480051492"
"LV","2010","N14 P_IntShipping","NMVOC","Gg","0.69809922010047"
"LV","2010","N14 N_Natural","NMVOC","Gg","0.1585"
"LV","2010","N14 z_Memo","NMVOC","Gg","0"
"MC","2011","N14 A_PublicPower","NMVOC","Gg","0.00019095776364763"
"MC","2011","N14 B_Industry","NMVOC","Gg","1.84786e-05"
"MC","2011","N14 C_OtherStatComb","NMVOC","Gg","0.000496773680286846"
"MC","2011","N14 D_Fugitive","NMVOC","Gg","8.57142857142857e-05"
"MC","2011","N14 E_Solvents","NMVOC","Gg","0.111438927508043"
"MC","2011","N14 F_RoadTransport","NMVOC","Gg","0.108235009051201"
"MC","2011","N14 G_Shipping","NMVOC","Gg","0.0158351827194628"
"MC","2011","N14 H_Aviation","NMVOC","Gg","0.0183582009"
"MC","2011","N14 I_Offroad","NMVOC","Gg","0.0125964802838625"
"MC","2011","N14 J_Waste","NMVOC","Gg","6.743379e-05"
"MC","2011","N14 K_AgriLivestock","NMVOC","Gg","0"
"MC","2011","N14 L_AgriOther","NMVOC","Gg","0"
"MC","2011","N14 M_Other","NMVOC","Gg","0"
"MC","2011","N14 O_AviCruise","NMVOC","Gg","0"
"MC","2011","N14 P_IntShipping","NMVOC","Gg","0.061973913025424"
"MC","2011","N14 N_Natural","NMVOC","Gg","0"
"MC","2011","N14 z_Memo","NMVOC","Gg","0"
"FI","2013","N14 A_PublicPower","NMVOC","Gg","1.16312482461019"
"FI","2013","N14 B_Industry","NMVOC","Gg","8.62464860252041"
"FI","2013","N14 C_OtherStatComb","NMVOC","Gg","21.4411980409074"
"FI","2013","N14 D_Fugitive","NMVOC","Gg","7.283567922025"
"FI","2013","N14 E_Solvents","NMVOC","Gg","18.39627891"
"FI","2013","N14 F_RoadTransport","NMVOC","Gg","8.93963070952325"
"FI","2013","N14 G_Shipping","NMVOC","Gg","3.42176547304273"
"FI","2013","N14 H_Aviation","NMVOC","Gg","0.128397083469211"
"FI","2013","N14 I_Offroad","NMVOC","Gg","10.5311563056793"
"FI","2013","N14 J_Waste","NMVOC","Gg","0.126814735"
"FI","2013","N14 K_AgriLivestock","NMVOC","Gg","12.6428234919192"
"FI","2013","N14 L_AgriOther","NMVOC","Gg","4.04909531692174"
"FI","2013","N14 M_Other","NMVOC","Gg","0"
"FI","2013","N14 O_AviCruise","NMVOC","Gg","0.189798869312264"
"FI","2013","N14 P_IntShipping","NMVOC","Gg","0.2599"
"FI","2013","N14 N_Natural","NMVOC","Gg","0"
"FI","2013","N14 z_Memo","NMVOC","Gg","0"
"PL","1999","N14 A_PublicPower","NMVOC","Gg","2.02700611"
"PL","1999","N14 B_Industry","NMVOC","Gg","97.232490343783"
"PL","1999","N14 C_OtherStatComb","NMVOC","Gg","148.1668062932"
"PL","1999","N14 D_Fugitive","NMVOC","Gg","54.5459779525305"
"PL","1999","N14 E_Solvents","NMVOC","Gg","138.717120047622"
"PL","1999","N14 F_RoadTransport","NMVOC","Gg","179.441013188829"
"PL","1999","N14 G_Shipping","NMVOC","Gg","0.0306440358853368"
"PL","1999","N14 H_Aviation","NMVOC","Gg","0.0214948031891211"
"PL","1999","N14 I_Offroad","NMVOC","Gg","10.6320676231156"
"PL","1999","N14 J_Waste","NMVOC","Gg","20.8054151462724"
"PL","1999","N14 K_AgriLivestock","NMVOC","Gg","112.017109234348"
"PL","1999","N14 L_AgriOther","NMVOC","Gg","8.22523549965521"
"PL","1999","N14 M_Other","NMVOC","Gg","0"
"PL","1999","N14 O_AviCruise","NMVOC","Gg","0.155060090400835"
"PL","1999","N14 P_IntShipping","NMVOC","Gg","1.0071"
"PL","1999","N14 N_Natural","NMVOC","Gg","229.264530185618"
"PL","1999","N14 z_Memo","NMVOC","Gg","0"
"HR","1994","N14 A_PublicPower","NMVOC","Gg","0.58084047749"
"HR","1994","N14 B_Industry","NMVOC","Gg","10.6337598882645"
"HR","1994","N14 C_OtherStatComb","NMVOC","Gg","21.99791013189"
"HR","1994","N14 D_Fugitive","NMVOC","Gg","4.6421284454402"
"HR","1994","N14 E_Solvents","NMVOC","Gg","25.0287402124181"
"HR","1994","N14 F_RoadTransport","NMVOC","Gg","24.72894191189"
"HR","1994","N14 G_Shipping","NMVOC","Gg","0.159353137058"
"HR","1994","N14 H_Aviation","NMVOC","Gg","0.016324339"
"HR","1994","N14 I_Offroad","NMVOC","Gg","2.33434729057751"
"HR","1994","N14 J_Waste","NMVOC","Gg","1.79534524604"
"HR","1994","N14 K_AgriLivestock","NMVOC","Gg","9.6362597478"
"HR","1994","N14 L_AgriOther","NMVOC","Gg","1.87417306"
"HR","1994","N14 M_Other","NMVOC","Gg","0"
"HR","1994","N14 O_AviCruise","NMVOC","Gg","0.03475720995"
"HR","1994","N14 P_IntShipping","NMVOC","Gg","0.12204980598"
"HR","1994","N14 N_Natural","NMVOC","Gg","1.1169"
"HR","1994","N14 z_Memo","NMVOC","Gg","0"
"BG","2014","N14 A_PublicPower","NMVOC","Gg","0.053654746"
"BG","2014","N14 B_Industry","NMVOC","Gg","2.974937434004"
"BG","2014","N14 C_OtherStatComb","NMVOC","Gg","21.09420769419"
"BG","2014","N14 D_Fugitive","NMVOC","Gg","10.497170719"
"BG","2014","N14 E_Solvents","NMVOC","Gg","15.085762790004"
"BG","2014","N14 F_RoadTransport","NMVOC","Gg","11.9704242302659"
"BG","2014","N14 G_Shipping","NMVOC","Gg","0.23471288966"
"BG","2014","N14 H_Aviation","NMVOC","Gg","0.0186557"
"BG","2014","N14 I_Offroad","NMVOC","Gg","0.54697"
"BG","2014","N14 J_Waste","NMVOC","Gg","2.071189584544"
"BG","2014","N14 K_AgriLivestock","NMVOC","Gg","9.2448133865"
"BG","2014","N14 L_AgriOther","NMVOC","Gg","3.06804133946093"
"BG","2014","N14 M_Other","NMVOC","Gg","0"
"BG","2014","N14 O_AviCruise","NMVOC","Gg","0.0834"
"BG","2014","N14 P_IntShipping","NMVOC","Gg","0"
"MK","2017","N14 A_PublicPower","NMVOC","Gg","0.0615059569932232"
"MK","2017","N14 B_Industry","NMVOC","Gg","1.32451257480969"
"MK","2017","N14 C_OtherStatComb","NMVOC","Gg","4.6501115638352"
"MK","2017","N14 D_Fugitive","NMVOC","Gg","2.72756929039741"
"MK","2017","N14 E_Solvents","NMVOC","Gg","8.41050381657209"
"MK","2017","N14 F_RoadTransport","NMVOC","Gg","2.5597144613"
"MK","2017","N14 G_Shipping","NMVOC","Gg","0.000191884408859499"
"MK","2017","N14 H_Aviation","NMVOC","Gg","0.00339734580375295"
"MK","2017","N14 I_Offroad","NMVOC","Gg","0.759503115750484"
"MK","2017","N14 J_Waste","NMVOC","Gg","3.79266203906"
"MK","2017","N14 K_AgriLivestock","NMVOC","Gg","3.201667064"
"MK","2017","N14 L_AgriOther","NMVOC","Gg","1.08876688"
"MK","2017","N14 M_Other","NMVOC","Gg","0"
"MK","2017","N14 O_AviCruise","NMVOC","Gg","0.382525116492"
"MK","2017","N14 P_IntShipping","NMVOC","Gg","0"
"MK","2017","N14 N_Natural","NMVOC","Gg","4.0215"
"MK","2017","N14 z_Memo","NMVOC","Gg","0"
"LV","2015","N14 A_PublicPower","NMVOC","Gg","0.175527152554428"
"LV","2015","N14 B_Industry","NMVOC","Gg","6.20739439571571"
"LV","2015","N14 C_OtherStatComb","NMVOC","Gg","8.72134599360227"
"LV","2015","N14 D_Fugitive","NMVOC","Gg","2.40176315146691"
"LV","2015","N14 E_Solvents","NMVOC","Gg","9.9182925910436"
"LV","2015","N14 F_RoadTransport","NMVOC","Gg","2.89678526622906"
"LV","2015","N14 G_Shipping","NMVOC","Gg","0.02088708395981"
"LV","2015","N14 H_Aviation","NMVOC","Gg","0.04295868"
"LV","2015","N14 I_Offroad","NMVOC","Gg","1.52744894113759"
"LV","2015","N14 J_Waste","NMVOC","Gg","0.7879659290365"
"LV","2015","N14 K_AgriLivestock","NMVOC","Gg","6.36986689108559"
"LV","2015","N14 L_AgriOther","NMVOC","Gg","1.1159"
"LV","2015","N14 M_Other","NMVOC","Gg","0"
"LV","2015","N14 O_AviCruise","NMVOC","Gg","0.0457671012471187"
"LV","2015","N14 P_IntShipping","NMVOC","Gg","0.706155606593032"
"LV","2015","N14 N_Natural","NMVOC","Gg","0.218491"
"LV","2015","N14 z_Memo","NMVOC","Gg","0"
"MC","2001","N14 A_PublicPower","NMVOC","Gg","0.000196159223957488"
"MC","2001","N14 B_Industry","NMVOC","Gg","5.4064e-06"
"MC","2001","N14 C_OtherStatComb","NMVOC","Gg","0.000568074595679751"
"MC","2001","N14 D_Fugitive","NMVOC","Gg","8.21428571428572e-05"
"MC","2001","N14 E_Solvents","NMVOC","Gg","0.0912669490711822"
"MC","2001","N14 F_RoadTransport","NMVOC","Gg","0.245508474063262"
"MC","2001","N14 G_Shipping","NMVOC","Gg","0.0214686699511619"
"MC","2001","N14 H_Aviation","NMVOC","Gg","0.0233250004"
"MC","2001","N14 I_Offroad","NMVOC","Gg","0.0125964802838625"
"MC","2001","N14 J_Waste","NMVOC","Gg","0.000102721935"
"MC","2001","N14 K_AgriLivestock","NMVOC","Gg","0"
"MC","2001","N14 L_AgriOther","NMVOC","Gg","0"
"MC","2001","N14 M_Other","NMVOC","Gg","0"
"MC","2001","N14 O_AviCruise","NMVOC","Gg","0"
"MC","2001","N14 P_IntShipping","NMVOC","Gg","0.0664478188709533"
"MC","2001","N14 N_Natural","NMVOC","Gg","0"
"MC","2001","N14 z_Memo","NMVOC","Gg","0"
"GE","2009","N14 A_PublicPower","NMVOC","Gg","0.82629416"
"GE","2009","N14 B_Industry","NMVOC","Gg","6.2827628508"
"GE","2009","N14 C_OtherStatComb","NMVOC","Gg","0"
"GE","2009","N14 D_Fugitive","NMVOC","Gg","0.3397878"
"GE","2009","N14 E_Solvents","NMVOC","Gg","4.5948072"
"GE","2009","N14 F_RoadTransport","NMVOC","Gg","16.4217026145516"
"GE","2009","N14 G_Shipping","NMVOC","Gg","0"
"GE","2009","N14 H_Aviation","NMVOC","Gg","0"
"GE","2009","N14 I_Offroad","NMVOC","Gg","0"
"GE","2009","N14 J_Waste","NMVOC","Gg","0.653221252439025"
"GE","2009","N14 K_AgriLivestock","NMVOC","Gg","7.2121212"
"GE","2009","N14 L_AgriOther","NMVOC","Gg","0.249142"
"GE","2009","N14 M_Other","NMVOC","Gg","0"
"GE","2011","N14 A_PublicPower","NMVOC","Gg","1.50149256"
"GE","2011","N14 B_Industry","NMVOC","Gg","8.26699656308"
"GE","2011","N14 C_OtherStatComb","NMVOC","Gg","0"
"GE","2011","N14 D_Fugitive","NMVOC","Gg","0.3230172"
"GE","2011","N14 E_Solvents","NMVOC","Gg","4.5282696"
"GE","2011","N14 F_RoadTransport","NMVOC","Gg","14.7936151335363"
"GE","2011","N14 G_Shipping","NMVOC","Gg","0"
"GE","2011","N14 H_Aviation","NMVOC","Gg","0"
"GE","2011","N14 I_Offroad","NMVOC","Gg","0"
"GE","2011","N14 J_Waste","NMVOC","Gg","0.669163466202091"
"GE","2011","N14 K_AgriLivestock","NMVOC","Gg","7.6134852"
"GE","2011","N14 L_AgriOther","NMVOC","Gg","0.225664"
"GE","2011","N14 M_Other","NMVOC","Gg","0"
"PL","2003","N14 A_PublicPower","NMVOC","Gg","2.13723086"
"PL","2003","N14 B_Industry","NMVOC","Gg","84.49168590602"
"PL","2003","N14 C_OtherStatComb","NMVOC","Gg","137.2418796996"
"PL","2003","N14 D_Fugitive","NMVOC","Gg","50.5656381038976"
"PL","2003","N14 E_Solvents","NMVOC","Gg","181.516069035588"
"PL","2003","N14 F_RoadTransport","NMVOC","Gg","118.924892218505"
"PL","2003","N14 G_Shipping","NMVOC","Gg","0.0336298585133969"
"PL","2003","N14 H_Aviation","NMVOC","Gg","0.0251567732659952"
"PL","2003","N14 I_Offroad","NMVOC","Gg","10.593035321608"
"PL","2003","N14 J_Waste","NMVOC","Gg","18.6710730181808"
"PL","2003","N14 K_AgriLivestock","NMVOC","Gg","91.477473023625"
"PL","2003","N14 L_AgriOther","NMVOC","Gg","6.79406584190985"
"PL","2003","N14 M_Other","NMVOC","Gg","0"
"PL","2003","N14 O_AviCruise","NMVOC","Gg","0.183734921202522"
"PL","2003","N14 P_IntShipping","NMVOC","Gg","0.7857"
"PL","2003","N14 N_Natural","NMVOC","Gg","236.615670853909"
"PL","2003","N14 z_Memo","NMVOC","Gg","0"
"GR","1999","N14 A_PublicPower","NMVOC","Gg","1.62921952059484"
"GR","1999","N14 B_Industry","NMVOC","Gg","17.5192921007845"
"GR","1999","N14 C_OtherStatComb","NMVOC","Gg","8.78267845"
"GR","1999","N14 D_Fugitive","NMVOC","Gg","19.2747825"
"GR","1999","N14 E_Solvents","NMVOC","Gg","107.995765660239"
"GR","1999","N14 F_RoadTransport","NMVOC","Gg","141.24031795794"
"GR","1999","N14 G_Shipping","NMVOC","Gg","2.4049"
"GR","1999","N14 H_Aviation","NMVOC","Gg","0.011907002945177"
"GR","1999","N14 I_Offroad","NMVOC","Gg","9.7531774"
"GR","1999","N14 J_Waste","NMVOC","Gg","3.57163756382961"
"GR","1999","N14 K_AgriLivestock","NMVOC","Gg","14.689063400714"
"GR","1999","N14 L_AgriOther","NMVOC","Gg","3.54285534457"
"GR","1999","N14 M_Other","NMVOC","Gg","0"
"GR","1999","N14 O_AviCruise","NMVOC","Gg","0.0192016876949782"
"GR","1999","N14 P_IntShipping","NMVOC","Gg","8.5972"
"LT","2015","N14 A_PublicPower","NMVOC","Gg","0.353145112188399"
"LT","2015","N14 B_Industry","NMVOC","Gg","5.79852916425501"
"LT","2015","N14 C_OtherStatComb","NMVOC","Gg","10.9692943205"
"LT","2015","N14 D_Fugitive","NMVOC","Gg","2.72112204793885"
"LT","2015","N14 E_Solvents","NMVOC","Gg","7.697099422792"
"LT","2015","N14 F_RoadTransport","NMVOC","Gg","3.65550779347442"
"LT","2015","N14 G_Shipping","NMVOC","Gg","0.0122165188987401"
"LT","2015","N14 H_Aviation","NMVOC","Gg","0.0104555"
"LT","2015","N14 I_Offroad","NMVOC","Gg","0.621185917999697"
"LT","2015","N14 J_Waste","NMVOC","Gg","1.1631844233"
"LT","2015","N14 K_AgriLivestock","NMVOC","Gg","11.9320103346979"
"LT","2015","N14 L_AgriOther","NMVOC","Gg","1.85917718"
"LT","2015","N14 M_Other","NMVOC","Gg","0"
"LT","2015","N14 P_IntShipping","NMVOC","Gg","0.214"
"LT","2015","N14 N_Natural","NMVOC","Gg","0.11904"
"DK","2009","N14 A_PublicPower","NMVOC","Gg","1.90360417003175"
"DK","2009","N14 B_Industry","NMVOC","Gg","4.29320887995233"
"DK","2009","N14 C_OtherStatComb","NMVOC","Gg","17.3084305290975"
"DK","2009","N14 D_Fugitive","NMVOC","Gg","12.6788176770534"
"DK","2009","N14 E_Solvents","NMVOC","Gg","27.6095658798184"
"DK","2009","N14 F_RoadTransport","NMVOC","Gg","15.6231393353955"
"DK","2009","N14 G_Shipping","NMVOC","Gg","0.532768542554956"
"DK","2009","N14 H_Aviation","NMVOC","Gg","0.184482127183056"
"DK","2009","N14 I_Offroad","NMVOC","Gg","6.54376459085874"
"DK","2009","N14 J_Waste","NMVOC","Gg","0.360292566694138"
"DK","2009","N14 K_AgriLivestock","NMVOC","Gg","35.0061287610951"
"DK","2009","N14 L_AgriOther","NMVOC","Gg","1.72368529875"
"DK","2009","N14 M_Other","NMVOC","Gg","0"
"DK","2009","N14 O_AviCruise","NMVOC","Gg","0.160357361028257"
"DK","2009","N14 P_IntShipping","NMVOC","Gg","1.15947010475902"
"DK","2009","N14 N_Natural","NMVOC","Gg","0"
"DK","2009","N14 z_Memo","NMVOC","Gg","0"
"MK","2005","N14 A_PublicPower","NMVOC","Gg","0.0753016466594003"
"MK","2005","N14 B_Industry","NMVOC","Gg","1.91125476007713"
"MK","2005","N14 C_OtherStatComb","NMVOC","Gg","9.0268924608634"
"MK","2005","N14 D_Fugitive","NMVOC","Gg","2.3716305298475"
"MK","2005","N14 E_Solvents","NMVOC","Gg","6.284354509375"
"MK","2005","N14 F_RoadTransport","NMVOC","Gg","9.99312793034516"
"MK","2005","N14 G_Shipping","NMVOC","Gg","5.33541553929093e-05"
"MK","2005","N14 H_Aviation","NMVOC","Gg","0.002665475434"
"MK","2005","N14 I_Offroad","NMVOC","Gg","0.694837410818212"
"MK","2005","N14 J_Waste","NMVOC","Gg","2.47584808678635"
"MK","2005","N14 K_AgriLivestock","NMVOC","Gg","3.49084281437654"
"MK","2005","N14 L_AgriOther","NMVOC","Gg","1.05694"
"MK","2005","N14 M_Other","NMVOC","Gg","0"
"MK","2005","N14 O_AviCruise","NMVOC","Gg","0.122220333508"
"MK","2005","N14 P_IntShipping","NMVOC","Gg","0"
"MK","2005","N14 N_Natural","NMVOC","Gg","0.9279"
"MK","2005","N14 z_Memo","NMVOC","Gg","0"
"NO","1998","N14 A_PublicPower","NMVOC","Gg","0.4625491615"
"NO","1998","N14 B_Industry","NMVOC","Gg","8.7052192943"
"NO","1998","N14 C_OtherStatComb","NMVOC","Gg","8.0189620877"
"NO","1998","N14 D_Fugitive","NMVOC","Gg","234.2495609738"
"NO","1998","N14 E_Solvents","NMVOC","Gg","50.3398879806"
"NO","1998","N14 F_RoadTransport","NMVOC","Gg","39.4533938853"
"NO","1998","N14 G_Shipping","NMVOC","Gg","3.6431101125"
"NO","1998","N14 H_Aviation","NMVOC","Gg","0.3296768347"
"NO","1998","N14 I_Offroad","NMVOC","Gg","30.146442063"
"NO","1998","N14 J_Waste","NMVOC","Gg","1.2416607755"
"NO","1998","N14 K_AgriLivestock","NMVOC","Gg","10.3714381867"
"NO","1998","N14 L_AgriOther","NMVOC","Gg","0.8496431273"
"NO","1998","N14 M_Other","NMVOC","Gg","0"
"NO","1998","N14 O_AviCruise","NMVOC","Gg","0.8321545582"
"NO","1998","N14 P_IntShipping","NMVOC","Gg","0.6499264026"
"NO","1998","N14 N_Natural","NMVOC","Gg","0"
"NO","1998","N14 z_Memo","NMVOC","Gg","44.200521655"
"ES","2005","N14 A_PublicPower","NMVOC","Gg","1.95853488675239"
"ES","2005","N14 B_Industry","NMVOC","Gg","83.4510821300702"
"ES","2005","N14 C_OtherStatComb","NMVOC","Gg","35.2063037"
"ES","2005","N14 D_Fugitive","NMVOC","Gg","28.214665711549"
"ES","2005","N14 E_Solvents","NMVOC","Gg","376.594183693"
"ES","2005","N14 F_RoadTransport","NMVOC","Gg","107.138948402"
"ES","2005","N14 G_Shipping","NMVOC","Gg","2.802620035"
"ES","2005","N14 H_Aviation","NMVOC","Gg","0.603727125257207"
"ES","2005","N14 I_Offroad","NMVOC","Gg","16.702862613"
"ES","2005","N14 J_Waste","NMVOC","Gg","6.073343206505"
"ES","2005","N14 K_AgriLivestock","NMVOC","Gg","56.126134412"
"ES","2005","N14 L_AgriOther","NMVOC","Gg","87.144698014"
"ES","2005","N14 M_Other","NMVOC","Gg","0"
"ES","2005","N14 O_AviCruise","NMVOC","Gg","1.07054404435662"
"ES","2005","N14 P_IntShipping","NMVOC","Gg","18.91661132"
"ES","2005","N14 N_Natural","NMVOC","Gg","0"
"ES","2005","N14 z_Memo","NMVOC","Gg","0"
"LU","2013","N14 A_PublicPower","NMVOC","Gg","0.160302275602939"
"LU","2013","N14 B_Industry","NMVOC","Gg","0.449025849696046"
"LU","2013","N14 C_OtherStatComb","NMVOC","Gg","0.52623036199804"
"LU","2013","N14 D_Fugitive","NMVOC","Gg","0.781965406353421"
"LU","2013","N14 E_Solvents","NMVOC","Gg","5.41291220541142"
"LU","2013","N14 F_RoadTransport","NMVOC","Gg","1.23281071017371"
"LU","2013","N14 G_Shipping","NMVOC","Gg","0.00762586569547602"
"LU","2013","N14 H_Aviation","NMVOC","Gg","0.0453059869787247"
"LU","2013","N14 I_Offroad","NMVOC","Gg","0.171299864968826"
"LU","2013","N14 J_Waste","NMVOC","Gg","0.0203521238557907"
"LU","2013","N14 K_AgriLivestock","NMVOC","Gg","2.97711190808064"
"LU","2013","N14 L_AgriOther","NMVOC","Gg","0.1126968682"
"LU","2013","N14 M_Other","NMVOC","Gg","0"
"LU","2013","N14 O_AviCruise","NMVOC","Gg","0.0670414945654431"
"LU","2013","N14 P_IntShipping","NMVOC","Gg","0"
"LU","2013","N14 N_Natural","NMVOC","Gg","0"
"LU","2013","N14 z_Memo","NMVOC","Gg","0.537922832217229"
"RS","2001","N14 A_PublicPower","NMVOC","Gg","0.4919020778"
"RS","2001","N14 B_Industry","NMVOC","Gg","9.47767981370193"
"RS","2001","N14 C_OtherStatComb","NMVOC","Gg","28.347959480482"
"RS","2001","N14 D_Fugitive","NMVOC","Gg","28.4575743181"
"RS","2001","N14 E_Solvents","NMVOC","Gg","17.9435940818235"
"RS","2001","N14 F_RoadTransport","NMVOC","Gg","34.6654769785"
"RS","2001","N14 G_Shipping","NMVOC","Gg","0.0513"
"RS","2001","N14 H_Aviation","NMVOC","Gg","0.012171"
"RS","2001","N14 I_Offroad","NMVOC","Gg","0.34476"
"RS","2001","N14 J_Waste","NMVOC","Gg","0.00024856332037037"
"RS","2001","N14 K_AgriLivestock","NMVOC","Gg","21.0727207875"
"RS","2001","N14 L_AgriOther","NMVOC","Gg","3.10006694"
"RS","2001","N14 M_Other","NMVOC","Gg","0"
"RS","2001","N14 O_AviCruise","NMVOC","Gg","0.004091785"
"RS","2001","N14 P_IntShipping","NMVOC","Gg","0"
"RS","2001","N14 N_Natural","NMVOC","Gg","0.16065"
"RS","2001","N14 z_Memo","NMVOC","Gg","0"
"EU09","2010","N14 A_PublicPower","NMVOC","Gg","22.6443263700101"
"EU09","2010","N14 B_Industry","NMVOC","Gg","351.431770136437"
"EU09","2010","N14 C_OtherStatComb","NMVOC","Gg","570.165419881408"
"EU09","2010","N14 D_Fugitive","NMVOC","Gg","401.558104602142"
"EU09","2010","N14 E_Solvents","NMVOC","Gg","1971.85505869707"
"EU09","2010","N14 F_RoadTransport","NMVOC","Gg","551.566426337407"
"EU09","2010","N14 G_Shipping","NMVOC","Gg","52.4653396490576"
"EU09","2010","N14 H_Aviation","NMVOC","Gg","5.56858357862436"
"EU09","2010","N14 I_Offroad","NMVOC","Gg","141.685236678091"
"EU09","2010","N14 J_Waste","NMVOC","Gg","35.6316871169711"
"EU09","2010","N14 K_AgriLivestock","NMVOC","Gg","545.777002002494"
"EU09","2010","N14 L_AgriOther","NMVOC","Gg","74.7963232133763"
"EU09","2010","N14 M_Other","NMVOC","Gg","1.984284664451"
"EU09","2010","N14 O_AviCruise","NMVOC","Gg","8.23544006617551"
"EU09","2010","N14 P_IntShipping","NMVOC","Gg","31.0123099694874"
"EU09","2010","N14 N_Natural","NMVOC","Gg","1569.73975626562"
"EU09","2010","N14 z_Memo","NMVOC","Gg","1432.44842798169"
"EU28","2006","N14 A_PublicPower","NMVOC","Gg","45.5648798119319"
"EU28","2006","N14 B_Industry","NMVOC","Gg","708.944966650677"
"EU28","2006","N14 C_OtherStatComb","NMVOC","Gg","1082.33070508889"
"EU28","2006","N14 D_Fugitive","NMVOC","Gg","709.420333627527"
"EU28","2006","N14 E_Solvents","NMVOC","Gg","3513.94971937243"
"EU28","2006","N14 F_RoadTransport","NMVOC","Gg","1466.10708584156"
"EU28","2006","N14 G_Shipping","NMVOC","Gg","90.4881559440992"
"EU28","2006","N14 H_Aviation","NMVOC","Gg","8.99912013182919"
"EU28","2006","N14 I_Offroad","NMVOC","Gg","302.663794384333"
"EU28","2006","N14 J_Waste","NMVOC","Gg","99.2222284146734"
"EU28","2006","N14 K_AgriLivestock","NMVOC","Gg","864.333819581178"
"EU28","2006","N14 L_AgriOther","NMVOC","Gg","220.463950852311"
"EU28","2006","N14 M_Other","NMVOC","Gg","1.858604366416"
"EU28","2006","N14 O_AviCruise","NMVOC","Gg","12.007295108502"
"EU28","2006","N14 P_IntShipping","NMVOC","Gg","59.4097629362595"
"EU28","2006","N14 N_Natural","NMVOC","Gg","2374.65517512227"
"EU28","2006","N14 z_Memo","NMVOC","Gg","1680.79845288878"
"ES","2003","N14 A_PublicPower","NMVOC","Gg","1.43711164555055"
"ES","2003","N14 B_Industry","NMVOC","Gg","80.0058854419634"
"ES","2003","N14 C_OtherStatComb","NMVOC","Gg","34.232755158"
"ES","2003","N14 D_Fugitive","NMVOC","Gg","32.175728864971"
"ES","2003","N14 E_Solvents","NMVOC","Gg","383.654102801"
"ES","2003","N14 F_RoadTransport","NMVOC","Gg","142.47546156"
"ES","2003","N14 G_Shipping","NMVOC","Gg","2.825204121"
"ES","2003","N14 H_Aviation","NMVOC","Gg","0.523892327662279"
"ES","2003","N14 I_Offroad","NMVOC","Gg","17.841300767"
"ES","2003","N14 J_Waste","NMVOC","Gg","6.443359676345"
"ES","2003","N14 K_AgriLivestock","NMVOC","Gg","56.383222197"
"ES","2003","N14 L_AgriOther","NMVOC","Gg","88.366847178"
"ES","2003","N14 M_Other","NMVOC","Gg","0"
"ES","2003","N14 O_AviCruise","NMVOC","Gg","0.962241278115553"
"ES","2003","N14 P_IntShipping","NMVOC","Gg","16.613807679"
"ES","2003","N14 N_Natural","NMVOC","Gg","0"
"ES","2003","N14 z_Memo","NMVOC","Gg","0"
"DK","2014","N14 A_PublicPower","NMVOC","Gg","0.923312712852443"
"DK","2014","N14 B_Industry","NMVOC","Gg","3.40245828368392"
"DK","2014","N14 C_OtherStatComb","NMVOC","Gg","12.7911389846987"
"DK","2014","N14 D_Fugitive","NMVOC","Gg","9.40750917970544"
"DK","2014","N14 E_Solvents","NMVOC","Gg","25.3001368834663"
"DK","2014","N14 F_RoadTransport","NMVOC","Gg","8.4841992015371"
"DK","2014","N14 G_Shipping","NMVOC","Gg","0.345498566043842"
"DK","2014","N14 H_Aviation","NMVOC","Gg","0.147783198966235"
"DK","2014","N14 I_Offroad","NMVOC","Gg","4.81115400892282"
"DK","2014","N14 J_Waste","NMVOC","Gg","0.524164718039426"
"DK","2014","N14 K_AgriLivestock","NMVOC","Gg","35.7139744983911"
"DK","2014","N14 L_AgriOther","NMVOC","Gg","1.9671661425"
"DK","2014","N14 M_Other","NMVOC","Gg","0"
"DK","2014","N14 O_AviCruise","NMVOC","Gg","0.181421955986311"
"DK","2014","N14 P_IntShipping","NMVOC","Gg","1.81456884135337"
"DK","2014","N14 N_Natural","NMVOC","Gg","0"
"DK","2014","N14 z_Memo","NMVOC","Gg","0"
"MC","2006","N14 A_PublicPower","NMVOC","Gg","0.000157699663187848"
"MC","2006","N14 B_Industry","NMVOC","Gg","2.2328e-05"
"MC","2006","N14 C_OtherStatComb","NMVOC","Gg","0.000573157708709151"
"MC","2006","N14 D_Fugitive","NMVOC","Gg","9.44914285714286e-05"
"MC","2006","N14 E_Solvents","NMVOC","Gg","0.0863505691983266"
"MC","2006","N14 F_RoadTransport","NMVOC","Gg","0.159390198015151"
"MC","2006","N14 G_Shipping","NMVOC","Gg","0.0164371156107214"
"MC","2006","N14 H_Aviation","NMVOC","Gg","0.0220658446892"
"MC","2006","N14 I_Offroad","NMVOC","Gg","0.0125964802838625"
"MC","2006","N14 J_Waste","NMVOC","Gg","9.120135e-05"
"MC","2006","N14 K_AgriLivestock","NMVOC","Gg","0"
"MC","2006","N14 L_AgriOther","NMVOC","Gg","0"
"MC","2006","N14 M_Other","NMVOC","Gg","0"
"MC","2006","N14 O_AviCruise","NMVOC","Gg","0"
"MC","2006","N14 P_IntShipping","NMVOC","Gg","0.0548477970246178"
"MC","2006","N14 N_Natural","NMVOC","Gg","0"
"MC","2006","N14 z_Memo","NMVOC","Gg","0"
"LU","2008","N14 A_PublicPower","NMVOC","Gg","0.142385552101693"
"LU","2008","N14 B_Industry","NMVOC","Gg","0.678981035244842"
"LU","2008","N14 C_OtherStatComb","NMVOC","Gg","0.423410677430297"
"LU","2008","N14 D_Fugitive","NMVOC","Gg","0.975366284320105"
"LU","2008","N14 E_Solvents","NMVOC","Gg","5.69350773439158"
"LU","2008","N14 F_RoadTransport","NMVOC","Gg","2.1804625271439"
"LU","2008","N14 G_Shipping","NMVOC","Gg","0.0141056161742799"
"LU","2008","N14 H_Aviation","NMVOC","Gg","0.048385441101"
"LU","2008","N14 I_Offroad","NMVOC","Gg","0.26228130477861"
"LU","2008","N14 J_Waste","NMVOC","Gg","0.0251187005273352"
"LU","2008","N14 K_AgriLivestock","NMVOC","Gg","3.01370708298439"
"LU","2008","N14 L_AgriOther","NMVOC","Gg","0.11216206"
"LU","2008","N14 M_Other","NMVOC","Gg","0"
"LU","2008","N14 O_AviCruise","NMVOC","Gg","0.0795089862858523"
"LU","2008","N14 P_IntShipping","NMVOC","Gg","0"
"LU","2008","N14 N_Natural","NMVOC","Gg","0"
"LU","2008","N14 z_Memo","NMVOC","Gg","0.782091041479168"
"AZ","1997","N14 A_PublicPower","NMVOC","Gg","0.135272592"
"AZ","1997","N14 B_Industry","NMVOC","Gg","0.00015"
"AZ","1997","N14 C_OtherStatComb","NMVOC","Gg","0"
"AZ","1997","N14 D_Fugitive","NMVOC","Gg","4.7744"
"AZ","1997","N14 E_Solvents","NMVOC","Gg","21.05946"
"AZ","1997","N14 F_RoadTransport","NMVOC","Gg","8.5177592525"
"AZ","1997","N14 G_Shipping","NMVOC","Gg","0"
"AZ","1997","N14 H_Aviation","NMVOC","Gg","0"
"AZ","1997","N14 I_Offroad","NMVOC","Gg","0"
"AZ","1997","N14 J_Waste","NMVOC","Gg","0"
"AZ","1997","N14 K_AgriLivestock","NMVOC","Gg","15.4166542"
"AZ","1997","N14 L_AgriOther","NMVOC","Gg","0"
"AZ","1997","N14 M_Other","NMVOC","Gg","0"
"AZ","1997","N14 O_AviCruise","NMVOC","Gg","0"
"AZ","1997","N14 P_IntShipping","NMVOC","Gg","0"
"AZ","1997","N14 N_Natural","NMVOC","Gg","0"
"AZ","1997","N14 z_Memo","NMVOC","Gg","6.04652"
"MC","2007","N14 A_PublicPower","NMVOC","Gg","0.00017627707086174"
"MC","2007","N14 B_Industry","NMVOC","Gg","9.68e-06"
"MC","2007","N14 C_OtherStatComb","NMVOC","Gg","0.000520261094221851"
"MC","2007","N14 D_Fugitive","NMVOC","Gg","8.98514285714286e-05"
"MC","2007","N14 E_Solvents","NMVOC","Gg","0.0975784006906027"
"MC","2007","N14 F_RoadTransport","NMVOC","Gg","0.153130797381298"
"MC","2007","N14 G_Shipping","NMVOC","Gg","0.0163107719220838"
"MC","2007","N14 H_Aviation","NMVOC","Gg","0.0242199039264"
"MC","2007","N14 I_Offroad","NMVOC","Gg","0.0125964802838625"
"MC","2007","N14 J_Waste","NMVOC","Gg","8.656395e-05"
"MC","2007","N14 K_AgriLivestock","NMVOC","Gg","0"
"MC","2007","N14 L_AgriOther","NMVOC","Gg","0"
"MC","2007","N14 M_Other","NMVOC","Gg","0"
"MC","2007","N14 O_AviCruise","NMVOC","Gg","0"
"MC","2007","N14 P_IntShipping","NMVOC","Gg","0.0571389270101694"
"MC","2007","N14 N_Natural","NMVOC","Gg","0"
"MC","2007","N14 z_Memo","NMVOC","Gg","0"
"EU12","2016","N14 A_PublicPower","NMVOC","Gg","23.3008801402936"
"EU12","2016","N14 B_Industry","NMVOC","Gg","447.18700752727"
"EU12","2016","N14 C_OtherStatComb","NMVOC","Gg","525.070908510807"
"EU12","2016","N14 D_Fugitive","NMVOC","Gg","343.125017877889"
"EU12","2016","N14 E_Solvents","NMVOC","Gg","1982.60119743369"
"EU12","2016","N14 F_RoadTransport","NMVOC","Gg","398.944216363053"
"EU12","2016","N14 G_Shipping","NMVOC","Gg","38.9598471715936"
"EU12","2016","N14 H_Aviation","NMVOC","Gg","6.5253680660062"
"EU12","2016","N14 I_Offroad","NMVOC","Gg","105.565600155052"
"EU12","2016","N14 J_Waste","NMVOC","Gg","38.7865366375929"
"EU12","2016","N14 K_AgriLivestock","NMVOC","Gg","633.767891845641"
"EU12","2016","N14 L_AgriOther","NMVOC","Gg","171.691078832898"
"EU12","2016","N14 M_Other","NMVOC","Gg","1.981632653406"
"EU12","2016","N14 O_AviCruise","NMVOC","Gg","10.2537779963957"
"EU12","2016","N14 P_IntShipping","NMVOC","Gg","47.3045011261875"
"EU12","2016","N14 N_Natural","NMVOC","Gg","2197.33319891938"
"EU12","2016","N14 z_Memo","NMVOC","Gg","1549.78972021578"
"IT","2006","N14 A_PublicPower","NMVOC","Gg","4.15752985287311"
"IT","2006","N14 B_Industry","NMVOC","Gg","61.2191754256327"
"IT","2006","N14 C_OtherStatComb","NMVOC","Gg","144.473254384756"
"IT","2006","N14 D_Fugitive","NMVOC","Gg","77.9019903923301"
"IT","2006","N14 E_Solvents","NMVOC","Gg","497.404258431718"
"IT","2006","N14 F_RoadTransport","NMVOC","Gg","310.8806674639"
"IT","2006","N14 G_Shipping","NMVOC","Gg","41.7615802540745"
"IT","2006","N14 H_Aviation","NMVOC","Gg","0.704729604506069"
"IT","2006","N14 I_Offroad","NMVOC","Gg","25.5890074201792"
"IT","2006","N14 J_Waste","NMVOC","Gg","12.8901859258162"
"IT","2006","N14 K_AgriLivestock","NMVOC","Gg","107.484994554213"
"IT","2006","N14 L_AgriOther","NMVOC","Gg","25.9370524853491"
"IT","2006","N14 M_Other","NMVOC","Gg","0"
"IT","2006","N14 O_AviCruise","NMVOC","Gg","0.999774201344881"
"IT","2006","N14 P_IntShipping","NMVOC","Gg","5.506102255544"
"IT","2006","N14 N_Natural","NMVOC","Gg","1287.79644783286"
"IT","2006","N14 z_Memo","NMVOC","Gg","0"
"TR","1991","N14 A_PublicPower","NMVOC","Gg","0.704305868808"
"TR","1991","N14 B_Industry","NMVOC","Gg","96.7572499880652"
"TR","1991","N14 C_OtherStatComb","NMVOC","Gg","261.280366398"
"TR","1991","N14 D_Fugitive","NMVOC","Gg","0"
"TR","1991","N14 E_Solvents","NMVOC","Gg","184.363259782396"
"TR","1991","N14 F_RoadTransport","NMVOC","Gg","0"
"TR","1991","N14 G_Shipping","NMVOC","Gg","0.459"
"TR","1991","N14 H_Aviation","NMVOC","Gg","0.616306976523645"
"TR","1991","N14 I_Offroad","NMVOC","Gg","1.1185968"
"TR","1991","N14 J_Waste","NMVOC","Gg","10.2911388841155"
"TR","1991","N14 K_AgriLivestock","NMVOC","Gg","174.05978357505"
"TR","1991","N14 L_AgriOther","NMVOC","Gg","191.259954082"
"TR","1991","N14 M_Other","NMVOC","Gg","0"
"TR","1991","N14 O_AviCruise","NMVOC","Gg","0.169255283272491"
"TR","1991","N14 P_IntShipping","NMVOC","Gg","0"
"TR","1991","N14 N_Natural","NMVOC","Gg","0"
"NO","2009","N14 A_PublicPower","NMVOC","Gg","0.8811749566"
"NO","2009","N14 B_Industry","NMVOC","Gg","7.4039659878"
"NO","2009","N14 C_OtherStatComb","NMVOC","Gg","9.316474953"
"NO","2009","N14 D_Fugitive","NMVOC","Gg","56.8067967011"
"NO","2009","N14 E_Solvents","NMVOC","Gg","34.4562627432"
"NO","2009","N14 F_RoadTransport","NMVOC","Gg","12.6986406618"
"NO","2009","N14 G_Shipping","NMVOC","Gg","3.3160118207"
"NO","2009","N14 H_Aviation","NMVOC","Gg","0.3766620017"
"NO","2009","N14 I_Offroad","NMVOC","Gg","23.0577955216"
"NO","2009","N14 J_Waste","NMVOC","Gg","1.0588734123"
"NO","2009","N14 K_AgriLivestock","NMVOC","Gg","10.1280271093"
"NO","2009","N14 L_AgriOther","NMVOC","Gg","0.744489285"
"NO","2009","N14 M_Other","NMVOC","Gg","0"
"NO","2009","N14 O_AviCruise","NMVOC","Gg","1.1837409506"
"NO","2009","N14 P_IntShipping","NMVOC","Gg","0.7216069106"
"NO","2009","N14 N_Natural","NMVOC","Gg","0"
"NO","2009","N14 z_Memo","NMVOC","Gg","17.474078916"
"CY","1995","N14 A_PublicPower","NMVOC","Gg","0.063675376812"
"CY","1995","N14 B_Industry","NMVOC","Gg","1.00689591458333"
"CY","1995","N14 C_OtherStatComb","NMVOC","Gg","0.0577438735617231"
"CY","1995","N14 D_Fugitive","NMVOC","Gg","0.973309889829512"
"CY","1995","N14 E_Solvents","NMVOC","Gg","7.3008299248246"
"CY","1995","N14 F_RoadTransport","NMVOC","Gg","6.38707122341376"
"CY","1995","N14 G_Shipping","NMVOC","Gg","0.00274033725625204"
"CY","1995","N14 H_Aviation","NMVOC","Gg","0.015209917608188"
"CY","1995","N14 I_Offroad","NMVOC","Gg","0.0738773575786143"
"CY","1995","N14 J_Waste","NMVOC","Gg","0.604985996732481"
"CY","1995","N14 K_AgriLivestock","NMVOC","Gg","1.11488555540008"
"CY","1995","N14 L_AgriOther","NMVOC","Gg","0.06604395"
"CY","1995","N14 M_Other","NMVOC","Gg","0"
"CY","1995","N14 O_AviCruise","NMVOC","Gg","0"
"CY","1995","N14 P_IntShipping","NMVOC","Gg","0.118"
"CY","1995","N14 N_Natural","NMVOC","Gg","0"
"CY","1995","N14 z_Memo","NMVOC","Gg","6.40502147827821"
"EU15","2003","N14 A_PublicPower","NMVOC","Gg","29.9360410703336"
"EU15","2003","N14 B_Industry","NMVOC","Gg","542.573221938561"
"EU15","2003","N14 C_OtherStatComb","NMVOC","Gg","681.257649422925"
"EU15","2003","N14 D_Fugitive","NMVOC","Gg","697.970301557525"
"EU15","2003","N14 E_Solvents","NMVOC","Gg","2952.80459706223"
"EU15","2003","N14 F_RoadTransport","NMVOC","Gg","1671.00457938898"
"EU15","2003","N14 G_Shipping","NMVOC","Gg","96.9885919495365"
"EU15","2003","N14 H_Aviation","NMVOC","Gg","8.96392893844784"
"EU15","2003","N14 I_Offroad","NMVOC","Gg","275.568825774452"
"EU15","2003","N14 J_Waste","NMVOC","Gg","55.7774745215273"
"EU15","2003","N14 K_AgriLivestock","NMVOC","Gg","686.312323060722"
"EU15","2003","N14 L_AgriOther","NMVOC","Gg","199.766865334996"
"EU15","2003","N14 M_Other","NMVOC","Gg","1.993840129065"
"EU15","2003","N14 O_AviCruise","NMVOC","Gg","9.20645582520909"
"EU15","2003","N14 P_IntShipping","NMVOC","Gg","49.352907183777"
"EU15","2003","N14 N_Natural","NMVOC","Gg","2125.1860087765"
"EU15","2003","N14 z_Memo","NMVOC","Gg","1785.9190171613"
"GB","1997","N14 A_PublicPower","NMVOC","Gg","5.954655751833"
"GB","1997","N14 B_Industry","NMVOC","Gg","234.254777851489"
"GB","1997","N14 C_OtherStatComb","NMVOC","Gg","40.109614460943"
"GB","1997","N14 D_Fugitive","NMVOC","Gg","550.645509461716"
"GB","1997","N14 E_Solvents","NMVOC","Gg","476.612931639725"
"GB","1997","N14 F_RoadTransport","NMVOC","Gg","645.865726909185"
"GB","1997","N14 G_Shipping","NMVOC","Gg","7.860506680092"
"GB","1997","N14 H_Aviation","NMVOC","Gg","4.123937958202"
"GB","1997","N14 I_Offroad","NMVOC","Gg","56.573690566691"
"GB","1997","N14 J_Waste","NMVOC","Gg","15.540445263014"
"GB","1997","N14 K_AgriLivestock","NMVOC","Gg","98.966601771095"
"GB","1997","N14 L_AgriOther","NMVOC","Gg","8.224329168365"
"GB","1997","N14 M_Other","NMVOC","Gg","1.316822069352"
"GB","1997","N14 O_AviCruise","NMVOC","Gg","1.81628122113"
"GB","1997","N14 P_IntShipping","NMVOC","Gg","8.136717821419"
"GB","1997","N14 N_Natural","NMVOC","Gg","92.159856862745"
"GB","1997","N14 z_Memo","NMVOC","Gg","569.112974138768"
"BG","2002","N14 A_PublicPower","NMVOC","Gg","0.059224326"
"BG","2002","N14 B_Industry","NMVOC","Gg","4.714871487"
"BG","2002","N14 C_OtherStatComb","NMVOC","Gg","20.080820136"
"BG","2002","N14 D_Fugitive","NMVOC","Gg","14.022587071"
"BG","2002","N14 E_Solvents","NMVOC","Gg","14.3934125475"
"BG","2002","N14 F_RoadTransport","NMVOC","Gg","27.000669511168"
"BG","2002","N14 G_Shipping","NMVOC","Gg","0.30155658372"
"BG","2002","N14 H_Aviation","NMVOC","Gg","0.0095787"
"BG","2002","N14 I_Offroad","NMVOC","Gg","0.949985105452644"
"BG","2002","N14 J_Waste","NMVOC","Gg","5.5114330468695"
"BG","2002","N14 K_AgriLivestock","NMVOC","Gg","11.7378501235"
"BG","2002","N14 L_AgriOther","NMVOC","Gg","3.20672963627905"
"BG","2002","N14 M_Other","NMVOC","Gg","0"
"BG","2002","N14 O_AviCruise","NMVOC","Gg","0.0631"
"BG","2002","N14 P_IntShipping","NMVOC","Gg","0"
"BE","1999","N14 A_PublicPower","NMVOC","Gg","0.5206346322154"
"BE","1999","N14 B_Industry","NMVOC","Gg","28.5484712968506"
"BE","1999","N14 C_OtherStatComb","NMVOC","Gg","11.8154808527018"
"BE","1999","N14 D_Fugitive","NMVOC","Gg","28.4901714728671"
"BE","1999","N14 E_Solvents","NMVOC","Gg","79.9386161952293"
"BE","1999","N14 F_RoadTransport","NMVOC","Gg","41.6194581387757"
"BE","1999","N14 G_Shipping","NMVOC","Gg","0.351337008372101"
"BE","1999","N14 H_Aviation","NMVOC","Gg","0.171911108187585"
"BE","1999","N14 I_Offroad","NMVOC","Gg","6.00972408348566"
"BE","1999","N14 J_Waste","NMVOC","Gg","2.68195753127253"
"BE","1999","N14 K_AgriLivestock","NMVOC","Gg","29.218251752"
"BE","1999","N14 L_AgriOther","NMVOC","Gg","1.1894632218"
"BE","1999","N14 M_Other","NMVOC","Gg","0"
"BE","1999","N14 O_AviCruise","NMVOC","Gg","0.367709903437076"
"BE","1999","N14 P_IntShipping","NMVOC","Gg","1.14236587804909"
"BE","1999","N14 N_Natural","NMVOC","Gg","51.5640314546"
"BE","1999","N14 z_Memo","NMVOC","Gg","35.4327159237318"
"RO","1998","N14 A_PublicPower","NMVOC","Gg","1.25470783"
"RO","1998","N14 B_Industry","NMVOC","Gg","34.51210353884"
"RO","1998","N14 C_OtherStatComb","NMVOC","Gg","67.62387192"
"RO","1998","N14 D_Fugitive","NMVOC","Gg","27.673085794"
"RO","1998","N14 E_Solvents","NMVOC","Gg","42.46706928"
"RO","1998","N14 F_RoadTransport","NMVOC","Gg","22.2748964200906"
"RO","1998","N14 G_Shipping","NMVOC","Gg","0.1652"
"RO","1998","N14 H_Aviation","NMVOC","Gg","0"
"RO","1998","N14 I_Offroad","NMVOC","Gg","35.0969238006596"
"RO","1998","N14 J_Waste","NMVOC","Gg","1.04282567738932"
"RO","1998","N14 K_AgriLivestock","NMVOC","Gg","39.8440640608922"
"RO","1998","N14 L_AgriOther","NMVOC","Gg","5.6358448199526"
"RO","1998","N14 M_Other","NMVOC","Gg","0"
"RO","1998","N14 O_AviCruise","NMVOC","Gg","0"
"RO","1998","N14 P_IntShipping","NMVOC","Gg","0"
"HU","1999","N14 A_PublicPower","NMVOC","Gg","0.586108839471117"
"HU","1999","N14 B_Industry","NMVOC","Gg","13.8423447055163"
"HU","1999","N14 C_OtherStatComb","NMVOC","Gg","18.1966803505179"
"HU","1999","N14 D_Fugitive","NMVOC","Gg","4.8012023833554"
"HU","1999","N14 E_Solvents","NMVOC","Gg","50.3571590179182"
"HU","1999","N14 F_RoadTransport","NMVOC","Gg","67.7475646981797"
"HU","1999","N14 G_Shipping","NMVOC","Gg","0.0252"
"HU","1999","N14 H_Aviation","NMVOC","Gg","0.00347620284521308"
"HU","1999","N14 I_Offroad","NMVOC","Gg","3.40034227100378"
"HU","1999","N14 J_Waste","NMVOC","Gg","2.13579641159927"
"HU","1999","N14 K_AgriLivestock","NMVOC","Gg","24.6590887886496"
"HU","1999","N14 L_AgriOther","NMVOC","Gg","3.23133482992183"
"HU","1999","N14 M_Other","NMVOC","Gg","0"
"HU","1999","N14 O_AviCruise","NMVOC","Gg","0"
"HU","1999","N14 P_IntShipping","NMVOC","Gg","0"
"HU","1999","N14 N_Natural","NMVOC","Gg","0"
"HU","1999","N14 z_Memo","NMVOC","Gg","0"
"HR","2010","N14 A_PublicPower","NMVOC","Gg","0.2645891498158"
"HR","2010","N14 B_Industry","NMVOC","Gg","7.26687972944788"
"HR","2010","N14 C_OtherStatComb","NMVOC","Gg","22.56145598702"
"HR","2010","N14 D_Fugitive","NMVOC","Gg","4.79583507150746"
"HR","2010","N14 E_Solvents","NMVOC","Gg","29.606786891609"
"HR","2010","N14 F_RoadTransport","NMVOC","Gg","10.8928470109461"
"HR","2010","N14 G_Shipping","NMVOC","Gg","0.26465663284"
"HR","2010","N14 H_Aviation","NMVOC","Gg","0.02160241239"
"HR","2010","N14 I_Offroad","NMVOC","Gg","1.56889081308673"
"HR","2010","N14 J_Waste","NMVOC","Gg","3.12201634564"
"HR","2010","N14 K_AgriLivestock","NMVOC","Gg","8.0187516555"
"HR","2010","N14 L_AgriOther","NMVOC","Gg","1.1470981"
"HR","2010","N14 M_Other","NMVOC","Gg","0"
"HR","2010","N14 O_AviCruise","NMVOC","Gg","0.04028421926"
"HR","2010","N14 P_IntShipping","NMVOC","Gg","0.01707984684"
"HR","2010","N14 N_Natural","NMVOC","Gg","0.5832"
"HR","2010","N14 z_Memo","NMVOC","Gg","0"
"BE","2006","N14 A_PublicPower","NMVOC","Gg","0.565100106211946"
"BE","2006","N14 B_Industry","NMVOC","Gg","26.2430612218172"
"BE","2006","N14 C_OtherStatComb","NMVOC","Gg","12.4791619645433"
"BE","2006","N14 D_Fugitive","NMVOC","Gg","12.333512392746"
"BE","2006","N14 E_Solvents","NMVOC","Gg","63.3782442471876"
"BE","2006","N14 F_RoadTransport","NMVOC","Gg","18.7944542277419"
"BE","2006","N14 G_Shipping","NMVOC","Gg","0.306231851993775"
"BE","2006","N14 H_Aviation","NMVOC","Gg","0.166536880155711"
"BE","2006","N14 I_Offroad","NMVOC","Gg","5.40804233357232"
"BE","2006","N14 J_Waste","NMVOC","Gg","1.68458227160273"
"BE","2006","N14 K_AgriLivestock","NMVOC","Gg","24.1403613463394"
"BE","2006","N14 L_AgriOther","NMVOC","Gg","1.2206266754"
"BE","2006","N14 M_Other","NMVOC","Gg","0"
"BE","2006","N14 O_AviCruise","NMVOC","Gg","0.511833411178939"
"BE","2006","N14 P_IntShipping","NMVOC","Gg","0.818712055951251"
"BE","2006","N14 N_Natural","NMVOC","Gg","56.318684785"
"BE","2006","N14 z_Memo","NMVOC","Gg","17.290660556395"
"FR","1980","N14 A_PublicPower","NMVOC","Gg","0"
"FR","1980","N14 B_Industry","NMVOC","Gg","0"
"FR","1980","N14 C_OtherStatComb","NMVOC","Gg","0"
"FR","1980","N14 D_Fugitive","NMVOC","Gg","0"
"FR","1980","N14 E_Solvents","NMVOC","Gg","0"
"FR","1980","N14 F_RoadTransport","NMVOC","Gg","0"
"FR","1980","N14 G_Shipping","NMVOC","Gg","0"
"FR","1980","N14 H_Aviation","NMVOC","Gg","0"
"FR","1980","N14 I_Offroad","NMVOC","Gg","0"
"FR","1980","N14 J_Waste","NMVOC","Gg","0"
"FR","1980","N14 K_AgriLivestock","NMVOC","Gg","0"
"FR","1980","N14 L_AgriOther","NMVOC","Gg","0"
"FR","1980","N14 M_Other","NMVOC","Gg","0"
"FR","1980","N14 O_AviCruise","NMVOC","Gg","0"
"FR","1980","N14 P_IntShipping","NMVOC","Gg","0"
"FR","1980","N14 N_Natural","NMVOC","Gg","0"
"FR","1980","N14 z_Memo","NMVOC","Gg","0"
"CZ","2006","N14 A_PublicPower","NMVOC","Gg","5.953455095448"
"CZ","2006","N14 B_Industry","NMVOC","Gg","6.12803323584028"
"CZ","2006","N14 C_OtherStatComb","NMVOC","Gg","87.656571393489"
"CZ","2006","N14 D_Fugitive","NMVOC","Gg","12.413568564"
"CZ","2006","N14 E_Solvents","NMVOC","Gg","94.4033851015489"
"CZ","2006","N14 F_RoadTransport","NMVOC","Gg","34.7398490685959"
"CZ","2006","N14 G_Shipping","NMVOC","Gg","0.028109268"
"CZ","2006","N14 H_Aviation","NMVOC","Gg","0.0829535"
"CZ","2006","N14 I_Offroad","NMVOC","Gg","4.42363079928"
"CZ","2006","N14 J_Waste","NMVOC","Gg","7.88408186004"
"CZ","2006","N14 K_AgriLivestock","NMVOC","Gg","0"
"CZ","2006","N14 L_AgriOther","NMVOC","Gg","0"
"CZ","2006","N14 M_Other","NMVOC","Gg","0"
"CZ","2006","N14 O_AviCruise","NMVOC","Gg","0.4874115"
"CZ","2006","N14 P_IntShipping","NMVOC","Gg","0"
"CZ","2006","N14 N_Natural","NMVOC","Gg","0.2025"
"CZ","2006","N14 z_Memo","NMVOC","Gg","35.3037597245959"
"IE","2007","N14 A_PublicPower","NMVOC","Gg","0.376776663274322"
"IE","2007","N14 B_Industry","NMVOC","Gg","17.2771792436356"
"IE","2007","N14 C_OtherStatComb","NMVOC","Gg","10.8416559646751"
"IE","2007","N14 D_Fugitive","NMVOC","Gg","6.82738937905184"
"IE","2007","N14 E_Solvents","NMVOC","Gg","26.9066732670974"
"IE","2007","N14 F_RoadTransport","NMVOC","Gg","12.9223576663645"
"IE","2007","N14 G_Shipping","NMVOC","Gg","0.172412628761376"
"IE","2007","N14 H_Aviation","NMVOC","Gg","0.162806740019486"
"IE","2007","N14 I_Offroad","NMVOC","Gg","1.05898832941531"
"IE","2007","N14 J_Waste","NMVOC","Gg","0.596827643673095"
"IE","2007","N14 K_AgriLivestock","NMVOC","Gg","39.0954990682094"
"IE","2007","N14 L_AgriOther","NMVOC","Gg","3.677274"
"IE","2007","N14 M_Other","NMVOC","Gg","0"
"IE","2007","N14 O_AviCruise","NMVOC","Gg","0.396599198488066"
"IE","2007","N14 P_IntShipping","NMVOC","Gg","0.310542060530303"
"IE","2007","N14 N_Natural","NMVOC","Gg","0"
"IE","2007","N14 z_Memo","NMVOC","Gg","12.5986490905339"
"AT","2014","N14 A_PublicPower","NMVOC","Gg","0.376410794586598"
"AT","2014","N14 B_Industry","NMVOC","Gg","4.23184388185636"
"AT","2014","N14 C_OtherStatComb","NMVOC","Gg","24.9535582866159"
"AT","2014","N14 D_Fugitive","NMVOC","Gg","2.4157529326"
"AT","2014","N14 E_Solvents","NMVOC","Gg","37.0015436054277"
"AT","2014","N14 F_RoadTransport","NMVOC","Gg","9.31937110752168"
"AT","2014","N14 G_Shipping","NMVOC","Gg","0.317579483659092"
"AT","2014","N14 H_Aviation","NMVOC","Gg","0.494628992375199"
"AT","2014","N14 I_Offroad","NMVOC","Gg","3.25680034690157"
"AT","2014","N14 J_Waste","NMVOC","Gg","0.0688626247432509"
"AT","2014","N14 K_AgriLivestock","NMVOC","Gg","27.3229066637161"
"AT","2014","N14 L_AgriOther","NMVOC","Gg","10.6374409630879"
"AT","2014","N14 M_Other","NMVOC","Gg","0"
"AT","2014","N14 O_AviCruise","NMVOC","Gg","0.462655042070717"
"AT","2014","N14 P_IntShipping","NMVOC","Gg","0"
"AT","2014","N14 N_Natural","NMVOC","Gg","0"
"AT","2014","N14 z_Memo","NMVOC","Gg","9.27744386440732"
"HU","2004","N14 A_PublicPower","NMVOC","Gg","1.73366152838886"
"HU","2004","N14 B_Industry","NMVOC","Gg","15.1395055527277"
"HU","2004","N14 C_OtherStatComb","NMVOC","Gg","26.7197471929907"
"HU","2004","N14 D_Fugitive","NMVOC","Gg","3.50372421802087"
"HU","2004","N14 E_Solvents","NMVOC","Gg","52.2074928522463"
"HU","2004","N14 F_RoadTransport","NMVOC","Gg","49.6492246700737"
"HU","2004","N14 G_Shipping","NMVOC","Gg","0.0242666666666667"
"HU","2004","N14 H_Aviation","NMVOC","Gg","0.00389127184165643"
"HU","2004","N14 I_Offroad","NMVOC","Gg","2.55686868993859"
"HU","2004","N14 J_Waste","NMVOC","Gg","2.2343441454695"
"HU","2004","N14 K_AgriLivestock","NMVOC","Gg","24.2413347884335"
"HU","2004","N14 L_AgriOther","NMVOC","Gg","3.69048532"
"HU","2004","N14 M_Other","NMVOC","Gg","0"
"HU","2004","N14 O_AviCruise","NMVOC","Gg","0"
"HU","2004","N14 P_IntShipping","NMVOC","Gg","0"
"HU","2004","N14 N_Natural","NMVOC","Gg","0"
"HU","2004","N14 z_Memo","NMVOC","Gg","0"
"IS","2005","N14 A_PublicPower","NMVOC","Gg","0.0002048186"
"IS","2005","N14 B_Industry","NMVOC","Gg","0.47886005490275"
"IS","2005","N14 C_OtherStatComb","NMVOC","Gg","0.001596172517"
"IS","2005","N14 D_Fugitive","NMVOC","Gg","0.237671944286661"
"IS","2005","N14 E_Solvents","NMVOC","Gg","1.379146356251"
"IS","2005","N14 F_RoadTransport","NMVOC","Gg","1.98467355090941"
"IS","2005","N14 G_Shipping","NMVOC","Gg","0.0197359"
"IS","2005","N14 H_Aviation","NMVOC","Gg","0.00219721410472294"
"IS","2005","N14 I_Offroad","NMVOC","Gg","0.876792037"
"IS","2005","N14 J_Waste","NMVOC","Gg","0.547928490300578"
"IS","2005","N14 K_AgriLivestock","NMVOC","Gg","1.79807768724356"
"IS","2005","N14 L_AgriOther","NMVOC","Gg","5.81507725984e-08"
"IS","2005","N14 M_Other","NMVOC","Gg","0"
"IS","2005","N14 O_AviCruise","NMVOC","Gg","0.0012874008077206"
"IS","2005","N14 P_IntShipping","NMVOC","Gg","0.0015074"
"IS","2005","N14 N_Natural","NMVOC","Gg","0"
"IS","2005","N14 z_Memo","NMVOC","Gg","0"
"CY","1993","N14 A_PublicPower","NMVOC","Gg","0.06690511975"
"CY","1993","N14 B_Industry","NMVOC","Gg","0.955888433356896"
"CY","1993","N14 C_OtherStatComb","NMVOC","Gg","0.0686831607351942"
"CY","1993","N14 D_Fugitive","NMVOC","Gg","0.921185623045268"
"CY","1993","N14 E_Solvents","NMVOC","Gg","7.3659243965046"
"CY","1993","N14 F_RoadTransport","NMVOC","Gg","6.42017557839608"
"CY","1993","N14 G_Shipping","NMVOC","Gg","0.00274033725625204"
"CY","1993","N14 H_Aviation","NMVOC","Gg","0.0136358445771046"
"CY","1993","N14 I_Offroad","NMVOC","Gg","0.0713549400986143"
"CY","1993","N14 J_Waste","NMVOC","Gg","0.576558792471006"
"CY","1993","N14 K_AgriLivestock","NMVOC","Gg","1.06111953701232"
"CY","1993","N14 L_AgriOther","NMVOC","Gg","0.0770465"
"CY","1993","N14 M_Other","NMVOC","Gg","0"
"CY","1993","N14 O_AviCruise","NMVOC","Gg","0"
"CY","1993","N14 P_IntShipping","NMVOC","Gg","0.118"
"CY","1993","N14 N_Natural","NMVOC","Gg","0"
"CY","1993","N14 z_Memo","NMVOC","Gg","6.43655176022944"
"AZ","2009","N14 A_PublicPower","NMVOC","Gg","0.47870082"
"AZ","2009","N14 B_Industry","NMVOC","Gg","9.99038392"
"AZ","2009","N14 C_OtherStatComb","NMVOC","Gg","1.917102704"
"AZ","2009","N14 D_Fugitive","NMVOC","Gg","13.25377"
"AZ","2009","N14 E_Solvents","NMVOC","Gg","12.032966"
"AZ","2009","N14 F_RoadTransport","NMVOC","Gg","17.9013858905"
"AZ","2009","N14 G_Shipping","NMVOC","Gg","0.25508"
"AZ","2009","N14 H_Aviation","NMVOC","Gg","0"
"AZ","2009","N14 I_Offroad","NMVOC","Gg","4.2656073"
"AZ","2009","N14 J_Waste","NMVOC","Gg","0.003402"
"AZ","2009","N14 K_AgriLivestock","NMVOC","Gg","23.154447003"
"AZ","2009","N14 L_AgriOther","NMVOC","Gg","1.46668614"
"AZ","2009","N14 M_Other","NMVOC","Gg","0"
"AZ","2009","N14 O_AviCruise","NMVOC","Gg","0"
"AZ","2009","N14 P_IntShipping","NMVOC","Gg","0"
"AZ","2009","N14 N_Natural","NMVOC","Gg","0"
"AZ","2009","N14 z_Memo","NMVOC","Gg","18.2006408905"
"MT","2000","N14 A_PublicPower","NMVOC","Gg","0.11"
"MT","2000","N14 B_Industry","NMVOC","Gg","0.224100420465116"
"MT","2000","N14 C_OtherStatComb","NMVOC","Gg","0.032601137448"
"MT","2000","N14 D_Fugitive","NMVOC","Gg","0"
"MT","2000","N14 E_Solvents","NMVOC","Gg","1.75934064684076"
"MT","2000","N14 F_RoadTransport","NMVOC","Gg","1.40935516975865"
"MT","2000","N14 G_Shipping","NMVOC","Gg","0.045175858"
"MT","2000","N14 H_Aviation","NMVOC","Gg","0"
"MT","2000","N14 I_Offroad","NMVOC","Gg","0.0064388700642"
"MT","2000","N14 J_Waste","NMVOC","Gg","0.00075072"
"MT","2000","N14 K_AgriLivestock","NMVOC","Gg","0"
"MT","2000","N14 L_AgriOther","NMVOC","Gg","0"
"MT","2000","N14 M_Other","NMVOC","Gg","0.003237"
"MT","2000","N14 O_AviCruise","NMVOC","Gg","0"
"MT","2000","N14 P_IntShipping","NMVOC","Gg","0"
"BG","2006","N14 A_PublicPower","NMVOC","Gg","0.061313111"
"BG","2006","N14 B_Industry","NMVOC","Gg","5.763536029"
"BG","2006","N14 C_OtherStatComb","NMVOC","Gg","21.0404640675"
"BG","2006","N14 D_Fugitive","NMVOC","Gg","10.165827968"
"BG","2006","N14 E_Solvents","NMVOC","Gg","18.53666130478"
"BG","2006","N14 F_RoadTransport","NMVOC","Gg","19.5426242124339"
"BG","2006","N14 G_Shipping","NMVOC","Gg","0.30757972"
"BG","2006","N14 H_Aviation","NMVOC","Gg","0.0156252"
"BG","2006","N14 I_Offroad","NMVOC","Gg","1.03895852411379"
"BG","2006","N14 J_Waste","NMVOC","Gg","5.78116200076606"
"BG","2006","N14 K_AgriLivestock","NMVOC","Gg","11.845327283"
"BG","2006","N14 L_AgriOther","NMVOC","Gg","3.15065551721458"
"BG","2006","N14 M_Other","NMVOC","Gg","0"
"BG","2006","N14 O_AviCruise","NMVOC","Gg","0.0899"
"BG","2006","N14 P_IntShipping","NMVOC","Gg","0"
"FI","2005","N14 A_PublicPower","NMVOC","Gg","0.863908608238001"
"FI","2005","N14 B_Industry","NMVOC","Gg","11.8433576633718"
"FI","2005","N14 C_OtherStatComb","NMVOC","Gg","18.8331406162036"
"FI","2005","N14 D_Fugitive","NMVOC","Gg","7.70677537"
"FI","2005","N14 E_Solvents","NMVOC","Gg","28.612761858"
"FI","2005","N14 F_RoadTransport","NMVOC","Gg","29.3670568057411"
"FI","2005","N14 G_Shipping","NMVOC","Gg","7.97505478079736"
"FI","2005","N14 H_Aviation","NMVOC","Gg","0.153450302795185"
"FI","2005","N14 I_Offroad","NMVOC","Gg","22.3779368380019"
"FI","2005","N14 J_Waste","NMVOC","Gg","0.155835713"
"FI","2005","N14 K_AgriLivestock","NMVOC","Gg","12.5049715854587"
"FI","2005","N14 L_AgriOther","NMVOC","Gg","4.31797767604345"
"FI","2005","N14 M_Other","NMVOC","Gg","0"
"FI","2005","N14 O_AviCruise","NMVOC","Gg","0.19451698141236"
"FI","2005","N14 P_IntShipping","NMVOC","Gg","0.86"
"FI","2005","N14 N_Natural","NMVOC","Gg","0"
"FI","2005","N14 z_Memo","NMVOC","Gg","0"
"SE","1997","N14 A_PublicPower","NMVOC","Gg","1.97140409867775"
"SE","1997","N14 B_Industry","NMVOC","Gg","16.3004689841555"
"SE","1997","N14 C_OtherStatComb","NMVOC","Gg","18.3047745703245"
"SE","1997","N14 D_Fugitive","NMVOC","Gg","15.4876876493091"
"SE","1997","N14 E_Solvents","NMVOC","Gg","51.8740805466389"
"SE","1997","N14 F_RoadTransport","NMVOC","Gg","84.3998724780858"
"SE","1997","N14 G_Shipping","NMVOC","Gg","4.91488652963679"
"SE","1997","N14 H_Aviation","NMVOC","Gg","0.192125147329577"
"SE","1997","N14 I_Offroad","NMVOC","Gg","15.5735526010029"
"SE","1997","N14 J_Waste","NMVOC","Gg","2.031780325841"
"SE","1997","N14 K_AgriLivestock","NMVOC","Gg","26.885769530677"
"SE","1997","N14 L_AgriOther","NMVOC","Gg","12.1984114925481"
"SE","1997","N14 M_Other","NMVOC","Gg","0"
"SE","1997","N14 O_AviCruise","NMVOC","Gg","0.986905688679043"
"SE","1997","N14 P_IntShipping","NMVOC","Gg","1.47065581151284"
"SE","1997","N14 N_Natural","NMVOC","Gg","0"
"SE","1997","N14 z_Memo","NMVOC","Gg","0"
"LV","2012","N14 A_PublicPower","NMVOC","Gg","0.127465766132412"
"LV","2012","N14 B_Industry","NMVOC","Gg","5.54301669582472"
"LV","2012","N14 C_OtherStatComb","NMVOC","Gg","12.6750910551972"
"LV","2012","N14 D_Fugitive","NMVOC","Gg","1.44136347486923"
"LV","2012","N14 E_Solvents","NMVOC","Gg","8.83115071108268"
"LV","2012","N14 F_RoadTransport","NMVOC","Gg","3.53069838417098"
"LV","2012","N14 G_Shipping","NMVOC","Gg","0.0297820262692008"
"LV","2012","N14 H_Aviation","NMVOC","Gg","0.04340266"
"LV","2012","N14 I_Offroad","NMVOC","Gg","1.73402879436614"
"LV","2012","N14 J_Waste","NMVOC","Gg","0.828351883893"
"LV","2012","N14 K_AgriLivestock","NMVOC","Gg","6.0955982908876"
"LV","2012","N14 L_AgriOther","NMVOC","Gg","1.02862"
"LV","2012","N14 M_Other","NMVOC","Gg","0"
"LV","2012","N14 O_AviCruise","NMVOC","Gg","0.0489097390717773"
"LV","2012","N14 P_IntShipping","NMVOC","Gg","0.668"
"LV","2012","N14 N_Natural","NMVOC","Gg","0.045135"
"LV","2012","N14 z_Memo","NMVOC","Gg","0"
"EU15","2004","N14 A_PublicPower","NMVOC","Gg","30.1505545334179"
"EU15","2004","N14 B_Industry","NMVOC","Gg","542.010863237849"
"EU15","2004","N14 C_OtherStatComb","NMVOC","Gg","624.242829760826"
"EU15","2004","N14 D_Fugitive","NMVOC","Gg","645.292854753241"
"EU15","2004","N14 E_Solvents","NMVOC","Gg","2942.51476363191"
"EU15","2004","N14 F_RoadTransport","NMVOC","Gg","1466.42555859753"
"EU15","2004","N14 G_Shipping","NMVOC","Gg","94.739974098492"
"EU15","2004","N14 H_Aviation","NMVOC","Gg","8.72727455318645"
"EU15","2004","N14 I_Offroad","NMVOC","Gg","272.608908297603"
"EU15","2004","N14 J_Waste","NMVOC","Gg","54.1498833751942"
"EU15","2004","N14 K_AgriLivestock","NMVOC","Gg","674.054560427931"
"EU15","2004","N14 L_AgriOther","NMVOC","Gg","201.206313921661"
"EU15","2004","N14 M_Other","NMVOC","Gg","1.955415123584"
"EU15","2004","N14 O_AviCruise","NMVOC","Gg","9.56013503800285"
"EU15","2004","N14 P_IntShipping","NMVOC","Gg","52.2625075084801"
"EU15","2004","N14 N_Natural","NMVOC","Gg","2050.08531725717"
"EU15","2004","N14 z_Memo","NMVOC","Gg","1458.18484462706"
"LI","2017","N14 A_PublicPower","NMVOC","Gg","6.74567509536e-05"
"LI","2017","N14 B_Industry","NMVOC","Gg","0.0167271749306613"
"LI","2017","N14 C_OtherStatComb","NMVOC","Gg","0.0115826148480894"
"LI","2017","N14 D_Fugitive","NMVOC","Gg","0.0030369356745"
"LI","2017","N14 E_Solvents","NMVOC","Gg","0.166044254427792"
"LI","2017","N14 F_RoadTransport","NMVOC","Gg","0.00755748409674398"
"LI","2017","N14 G_Shipping","NMVOC","Gg","0"
"LI","2017","N14 H_Aviation","NMVOC","Gg","2.40984e-06"
"LI","2017","N14 I_Offroad","NMVOC","Gg","0.0374157959213317"
"LI","2017","N14 J_Waste","NMVOC","Gg","0.00430648665814402"
"LI","2017","N14 K_AgriLivestock","NMVOC","Gg","0.052659057"
"LI","2017","N14 L_AgriOther","NMVOC","Gg","3.7094866e-14"
"LI","2017","N14 M_Other","NMVOC","Gg","0"
"AT","2016","N14 A_PublicPower","NMVOC","Gg","0.388648684579365"
"AT","2016","N14 B_Industry","NMVOC","Gg","4.18428961078195"
"AT","2016","N14 C_OtherStatComb","NMVOC","Gg","26.8712579038964"
"AT","2016","N14 D_Fugitive","NMVOC","Gg","2.27271717929542"
"AT","2016","N14 E_Solvents","NMVOC","Gg","38.6518538633744"
"AT","2016","N14 F_RoadTransport","NMVOC","Gg","8.73597055229415"
"AT","2016","N14 G_Shipping","NMVOC","Gg","0.279458564139244"
"AT","2016","N14 H_Aviation","NMVOC","Gg","0.215597933367967"
"AT","2016","N14 I_Offroad","NMVOC","Gg","3.00114884102063"
"AT","2016","N14 J_Waste","NMVOC","Gg","0.0624176319193398"
"AT","2016","N14 K_AgriLivestock","NMVOC","Gg","27.1995577254864"
"AT","2016","N14 L_AgriOther","NMVOC","Gg","10.4446584968066"
"AT","2016","N14 M_Other","NMVOC","Gg","0"
"AT","2016","N14 O_AviCruise","NMVOC","Gg","0.228987725233687"
"AT","2016","N14 P_IntShipping","NMVOC","Gg","0"
"AT","2016","N14 N_Natural","NMVOC","Gg","0"
"AT","2016","N14 z_Memo","NMVOC","Gg","8.32441730439838"
"BE","2012","N14 A_PublicPower","NMVOC","Gg","0.426843157993155"
"BE","2012","N14 B_Industry","NMVOC","Gg","18.5167768075112"
"BE","2012","N14 C_OtherStatComb","NMVOC","Gg","14.5534867965139"
"BE","2012","N14 D_Fugitive","NMVOC","Gg","6.96842071078685"
"BE","2012","N14 E_Solvents","NMVOC","Gg","41.7001412687957"
"BE","2012","N14 F_RoadTransport","NMVOC","Gg","9.61124471781508"
"BE","2012","N14 G_Shipping","NMVOC","Gg","0.262016943473574"
"BE","2012","N14 H_Aviation","NMVOC","Gg","0.147113968229937"
"BE","2012","N14 I_Offroad","NMVOC","Gg","4.8969448497044"
"BE","2012","N14 J_Waste","NMVOC","Gg","1.01914737812175"
"BE","2012","N14 K_AgriLivestock","NMVOC","Gg","24.14219632"
"BE","2012","N14 L_AgriOther","NMVOC","Gg","1.1910506734"
"BE","2012","N14 M_Other","NMVOC","Gg","0"
"BE","2012","N14 O_AviCruise","NMVOC","Gg","0.847958357593361"
"BE","2012","N14 P_IntShipping","NMVOC","Gg","0.686610586369143"
"BE","2012","N14 N_Natural","NMVOC","Gg","47.2835230863"
"BE","2012","N14 z_Memo","NMVOC","Gg","9.25090057980323"
"GB","2017","N14 A_PublicPower","NMVOC","Gg","1.842531401219"
"GB","2017","N14 B_Industry","NMVOC","Gg","129.414993444295"
"GB","2017","N14 C_OtherStatComb","NMVOC","Gg","45.547301572695"
"GB","2017","N14 D_Fugitive","NMVOC","Gg","137.767923023494"
"GB","2017","N14 E_Solvents","NMVOC","Gg","318.133792390433"
"GB","2017","N14 F_RoadTransport","NMVOC","Gg","32.4627174148354"
"GB","2017","N14 G_Shipping","NMVOC","Gg","8.902870030016"
"GB","2017","N14 H_Aviation","NMVOC","Gg","1.632890500252"
"GB","2017","N14 I_Offroad","NMVOC","Gg","24.720141197659"
"GB","2017","N14 J_Waste","NMVOC","Gg","6.547165598146"
"GB","2017","N14 K_AgriLivestock","NMVOC","Gg","92.745383041995"
"GB","2017","N14 L_AgriOther","NMVOC","Gg","8.168352204477"
"GB","2017","N14 M_Other","NMVOC","Gg","1.533934099406"
"GB","2017","N14 O_AviCruise","NMVOC","Gg","1.556492180179"
"GB","2017","N14 P_IntShipping","NMVOC","Gg","7.511331507526"
"GB","2017","N14 N_Natural","NMVOC","Gg","91.69298372549"
"GB","2017","N14 z_Memo","NMVOC","Gg","29.901575195666"
"MC","2004","N14 A_PublicPower","NMVOC","Gg","0.000139551845638576"
"MC","2004","N14 B_Industry","NMVOC","Gg","5.89792e-05"
"MC","2004","N14 C_OtherStatComb","NMVOC","Gg","0.000600566136695751"
"MC","2004","N14 D_Fugitive","NMVOC","Gg","8.64657142857143e-05"
"MC","2004","N14 E_Solvents","NMVOC","Gg","0.0979225580626732"
"MC","2004","N14 F_RoadTransport","NMVOC","Gg","0.183904145904475"
"MC","2004","N14 G_Shipping","NMVOC","Gg","0.017820785346536"
"MC","2004","N14 H_Aviation","NMVOC","Gg","0.0192691953402"
"MC","2004","N14 I_Offroad","NMVOC","Gg","0.0125964802838625"
"MC","2004","N14 J_Waste","NMVOC","Gg","9.512718e-05"
"MC","2004","N14 K_AgriLivestock","NMVOC","Gg","0"
"MC","2004","N14 L_AgriOther","NMVOC","Gg","0"
"MC","2004","N14 M_Other","NMVOC","Gg","0"
"MC","2004","N14 O_AviCruise","NMVOC","Gg","0"
"MC","2004","N14 P_IntShipping","NMVOC","Gg","0.0579515658634088"
"MC","2004","N14 N_Natural","NMVOC","Gg","0"
"MC","2004","N14 z_Memo","NMVOC","Gg","0"
"MC","1990","N14 A_PublicPower","NMVOC","Gg","0.000147196575635319"
"MC","1990","N14 B_Industry","NMVOC","Gg","4.4032e-06"
"MC","1990","N14 C_OtherStatComb","NMVOC","Gg","0.000636187596983751"
"MC","1990","N14 D_Fugitive","NMVOC","Gg","7.04285714285714e-05"
"MC","1990","N14 E_Solvents","NMVOC","Gg","0.059417505886037"
"MC","1990","N14 F_RoadTransport","NMVOC","Gg","0.470982997291181"
"MC","1990","N14 G_Shipping","NMVOC","Gg","0.0110908110335"
"MC","1990","N14 H_Aviation","NMVOC","Gg","0.0151658"
"MC","1990","N14 I_Offroad","NMVOC","Gg","0.0125964802838625"
"MC","1990","N14 J_Waste","NMVOC","Gg","9.84057242606955e-05"
"MC","1990","N14 K_AgriLivestock","NMVOC","Gg","0"
"MC","1990","N14 L_AgriOther","NMVOC","Gg","0"
"MC","1990","N14 M_Other","NMVOC","Gg","0"
"MC","1990","N14 O_AviCruise","NMVOC","Gg","0"
"MC","1990","N14 P_IntShipping","NMVOC","Gg","0.0322922539665"
"MC","1990","N14 N_Natural","NMVOC","Gg","0"
"MC","1990","N14 z_Memo","NMVOC","Gg","0"
"RO","2010","N14 A_PublicPower","NMVOC","Gg","0.73024432"
"RO","2010","N14 B_Industry","NMVOC","Gg","29.27908325069"
"RO","2010","N14 C_OtherStatComb","NMVOC","Gg","87.4233756"
"RO","2010","N14 D_Fugitive","NMVOC","Gg","15.05191834311"
"RO","2010","N14 E_Solvents","NMVOC","Gg","48.04407992164"
"RO","2010","N14 F_RoadTransport","NMVOC","Gg","28.4871534702588"
"RO","2010","N14 G_Shipping","NMVOC","Gg","0.1624"
"RO","2010","N14 H_Aviation","NMVOC","Gg","0.04769092"
"RO","2010","N14 I_Offroad","NMVOC","Gg","12.098270741714"
"RO","2010","N14 J_Waste","NMVOC","Gg","2.05540658"
"RO","2010","N14 K_AgriLivestock","NMVOC","Gg","31.0991080414309"
"RO","2010","N14 L_AgriOther","NMVOC","Gg","6.3453539838001"
"RO","2010","N14 M_Other","NMVOC","Gg","0"
"RO","2010","N14 O_AviCruise","NMVOC","Gg","0.08960417"
"RO","2010","N14 P_IntShipping","NMVOC","Gg","0.0297"
"KZ","2005","N14 A_PublicPower","NMVOC","Gg","3.893231392"
"KZ","2005","N14 B_Industry","NMVOC","Gg","11.7827769443754"
"KZ","2005","N14 C_OtherStatComb","NMVOC","Gg","35.492046691545"
"KZ","2005","N14 D_Fugitive","NMVOC","Gg","0"
"KZ","2005","N14 E_Solvents","NMVOC","Gg","23.05317721392"
"KZ","2005","N14 F_RoadTransport","NMVOC","Gg","39.6195985301507"
"KZ","2005","N14 G_Shipping","NMVOC","Gg","0"
"KZ","2005","N14 H_Aviation","NMVOC","Gg","0.01934"
"KZ","2005","N14 I_Offroad","NMVOC","Gg","0.897469825395349"
"KZ","2005","N14 J_Waste","NMVOC","Gg","4.99535845"
"KZ","2005","N14 K_AgriLivestock","NMVOC","Gg","68.745221"
"KZ","2005","N14 L_AgriOther","NMVOC","Gg","15.862872"
"KZ","2005","N14 M_Other","NMVOC","Gg","0"
"KZ","2005","N14 N_Natural","NMVOC","Gg","36.921"
"GR","2015","N14 A_PublicPower","NMVOC","Gg","1.43248898299901"
"GR","2015","N14 B_Industry","NMVOC","Gg","13.2784133178281"
"GR","2015","N14 C_OtherStatComb","NMVOC","Gg","9.09123180172"
"GR","2015","N14 D_Fugitive","NMVOC","Gg","14.530845"
"GR","2015","N14 E_Solvents","NMVOC","Gg","89.4659067157329"
"GR","2015","N14 F_RoadTransport","NMVOC","Gg","53.2045264746624"
"GR","2015","N14 G_Shipping","NMVOC","Gg","1.4934"
"GR","2015","N14 H_Aviation","NMVOC","Gg","0.12013051249957"
"GR","2015","N14 I_Offroad","NMVOC","Gg","2.30511926226844"
"GR","2015","N14 J_Waste","NMVOC","Gg","6.84020385326308"
"GR","2015","N14 K_AgriLivestock","NMVOC","Gg","13.2147550152806"
"GR","2015","N14 L_AgriOther","NMVOC","Gg","3.01318281643475"
"GR","2015","N14 M_Other","NMVOC","Gg","0"
"GR","2015","N14 O_AviCruise","NMVOC","Gg","0.0291720590041914"
"GR","2015","N14 P_IntShipping","NMVOC","Gg","4.9877"
"EU27","1996","N14 A_PublicPower","NMVOC","Gg","45.3177438984408"
"EU27","1996","N14 B_Industry","NMVOC","Gg","893.653047405977"
"EU27","1996","N14 C_OtherStatComb","NMVOC","Gg","1499.49406213811"
"EU27","1996","N14 D_Fugitive","NMVOC","Gg","1252.28519771822"
"EU27","1996","N14 E_Solvents","NMVOC","Gg","3979.22491766665"
"EU27","1996","N14 F_RoadTransport","NMVOC","Gg","4033.78472926497"
"EU27","1996","N14 G_Shipping","NMVOC","Gg","104.407973882475"
"EU27","1996","N14 H_Aviation","NMVOC","Gg","10.8025316237038"
"EU27","1996","N14 I_Offroad","NMVOC","Gg","394.238884096618"
"EU27","1996","N14 J_Waste","NMVOC","Gg","98.507490276885"
"EU27","1996","N14 K_AgriLivestock","NMVOC","Gg","958.052910832963"
"EU27","1996","N14 L_AgriOther","NMVOC","Gg","230.923751586115"
"EU27","1996","N14 M_Other","NMVOC","Gg","1.51991673812481"
"EU27","1996","N14 O_AviCruise","NMVOC","Gg","9.20763735628032"
"EU27","1996","N14 P_IntShipping","NMVOC","Gg","42.4876234867007"
"EU27","1996","N14 N_Natural","NMVOC","Gg","2157.09543249703"
"EU27","1996","N14 z_Memo","NMVOC","Gg","1368.30283284042"
"RO","2014","N14 A_PublicPower","NMVOC","Gg","0.64879071"
"RO","2014","N14 B_Industry","NMVOC","Gg","27.102141824196"
"RO","2014","N14 C_OtherStatComb","NMVOC","Gg","77.81580027"
"RO","2014","N14 D_Fugitive","NMVOC","Gg","11.48435675893"
"RO","2014","N14 E_Solvents","NMVOC","Gg","49.444410193779"
"RO","2014","N14 F_RoadTransport","NMVOC","Gg","23.67360233251"
"RO","2014","N14 G_Shipping","NMVOC","Gg","0.1036"
"RO","2014","N14 H_Aviation","NMVOC","Gg","0.03809032"
"RO","2014","N14 I_Offroad","NMVOC","Gg","11.666683410583"
"RO","2014","N14 J_Waste","NMVOC","Gg","2.1798603557"
"RO","2014","N14 K_AgriLivestock","NMVOC","Gg","30.4452289375363"
"RO","2014","N14 L_AgriOther","NMVOC","Gg","7.20726178661305"
"RO","2014","N14 M_Other","NMVOC","Gg","0"
"RO","2014","N14 O_AviCruise","NMVOC","Gg","0.07336437"
"RO","2014","N14 P_IntShipping","NMVOC","Gg","0.2133"
"CH","2001","N14 A_PublicPower","NMVOC","Gg","0.219053453895333"
"CH","2001","N14 B_Industry","NMVOC","Gg","8.35617640548734"
"CH","2001","N14 C_OtherStatComb","NMVOC","Gg","5.95609223238981"
"CH","2001","N14 D_Fugitive","NMVOC","Gg","7.67140294627859"
"CH","2001","N14 E_Solvents","NMVOC","Gg","61.4721426051648"
"CH","2001","N14 F_RoadTransport","NMVOC","Gg","28.7171179661583"
"CH","2001","N14 G_Shipping","NMVOC","Gg","0.906192905068943"
"CH","2001","N14 H_Aviation","NMVOC","Gg","0.267682305274404"
"CH","2001","N14 I_Offroad","NMVOC","Gg","7.23564831423434"
"CH","2001","N14 J_Waste","NMVOC","Gg","0.764705665420789"
"CH","2001","N14 K_AgriLivestock","NMVOC","Gg","17.4770733516703"
"CH","2001","N14 L_AgriOther","NMVOC","Gg","0.4735377051013"
"CH","2001","N14 M_Other","NMVOC","Gg","0.208064256689981"
"CH","2001","N14 O_AviCruise","NMVOC","Gg","0.499285342695886"
"CH","2001","N14 P_IntShipping","NMVOC","Gg","0.183531988615434"
"CH","2001","N14 N_Natural","NMVOC","Gg","61.887474703512"
"CH","2001","N14 z_Memo","NMVOC","Gg","27.9098196145224"
"LI","1997","N14 A_PublicPower","NMVOC","Gg","0.000142604333568"
"LI","1997","N14 B_Industry","NMVOC","Gg","0.0222978219755472"
"LI","1997","N14 C_OtherStatComb","NMVOC","Gg","0.0090728381751242"
"LI","1997","N14 D_Fugitive","NMVOC","Gg","0.0178809606666667"
"LI","1997","N14 E_Solvents","NMVOC","Gg","0.351750253705683"
"LI","1997","N14 F_RoadTransport","NMVOC","Gg","0.136899825014245"
"LI","1997","N14 G_Shipping","NMVOC","Gg","0"
"LI","1997","N14 H_Aviation","NMVOC","Gg","7.3256e-06"
"LI","1997","N14 I_Offroad","NMVOC","Gg","0.0277296778608301"
"LI","1997","N14 J_Waste","NMVOC","Gg","0.00502822248983887"
"LI","1997","N14 K_AgriLivestock","NMVOC","Gg","0.056952725"
"LI","1997","N14 L_AgriOther","NMVOC","Gg","3.6234152e-14"
"LI","1997","N14 M_Other","NMVOC","Gg","0"
"BG","2000","N14 A_PublicPower","NMVOC","Gg","0.043012809"
"BG","2000","N14 B_Industry","NMVOC","Gg","4.990208107"
"BG","2000","N14 C_OtherStatComb","NMVOC","Gg","17.12714268"
"BG","2000","N14 D_Fugitive","NMVOC","Gg","13.855149463"
"BG","2000","N14 E_Solvents","NMVOC","Gg","18.84138621"
"BG","2000","N14 F_RoadTransport","NMVOC","Gg","29.6555739003094"
"BG","2000","N14 G_Shipping","NMVOC","Gg","0.1848"
"BG","2000","N14 H_Aviation","NMVOC","Gg","0.0114097"
"BG","2000","N14 I_Offroad","NMVOC","Gg","1.02435412938643"
"BG","2000","N14 J_Waste","NMVOC","Gg","5.97478486120768"
"BG","2000","N14 K_AgriLivestock","NMVOC","Gg","12.2586015619742"
"BG","2000","N14 L_AgriOther","NMVOC","Gg","3.23467176097233"
"BG","2000","N14 M_Other","NMVOC","Gg","0"
"BG","2000","N14 O_AviCruise","NMVOC","Gg","0.041"
"BG","2000","N14 P_IntShipping","NMVOC","Gg","0"
"CY","1990","N14 A_PublicPower","NMVOC","Gg","0.052039326982"
"CY","1990","N14 B_Industry","NMVOC","Gg","0.791478853688419"
"CY","1990","N14 C_OtherStatComb","NMVOC","Gg","0.067917919872024"
"CY","1990","N14 D_Fugitive","NMVOC","Gg","0.84448073968254"
"CY","1990","N14 E_Solvents","NMVOC","Gg","7.5397726051046"
"CY","1990","N14 F_RoadTransport","NMVOC","Gg","6.95281657061583"
"CY","1990","N14 G_Shipping","NMVOC","Gg","0.00274033725625204"
"CY","1990","N14 H_Aviation","NMVOC","Gg","0.0128592093796484"
"CY","1990","N14 I_Offroad","NMVOC","Gg","0.0642817904986143"
"CY","1990","N14 J_Waste","NMVOC","Gg","0.528441888403674"
"CY","1990","N14 K_AgriLivestock","NMVOC","Gg","0.890667999486615"
"CY","1990","N14 L_AgriOther","NMVOC","Gg","0.0667"
"CY","1990","N14 M_Other","NMVOC","Gg","0"
"CY","1990","N14 O_AviCruise","NMVOC","Gg","0"
"CY","1990","N14 P_IntShipping","NMVOC","Gg","0.118"
"CY","1990","N14 N_Natural","NMVOC","Gg","0"
"CY","1990","N14 z_Memo","NMVOC","Gg","6.96841611725174"
"MK","2016","N14 A_PublicPower","NMVOC","Gg","0.0633789874472206"
"MK","2016","N14 B_Industry","NMVOC","Gg","1.54544085257808"
"MK","2016","N14 C_OtherStatComb","NMVOC","Gg","5.58758009595717"
"MK","2016","N14 D_Fugitive","NMVOC","Gg","2.51179457964942"
"MK","2016","N14 E_Solvents","NMVOC","Gg","8.30719815552732"
"MK","2016","N14 F_RoadTransport","NMVOC","Gg","2.68657850011667"
"MK","2016","N14 G_Shipping","NMVOC","Gg","0.000171114398367259"
"MK","2016","N14 H_Aviation","NMVOC","Gg","0.0031759051695"
"MK","2016","N14 I_Offroad","NMVOC","Gg","0.768786074671793"
"MK","2016","N14 J_Waste","NMVOC","Gg","3.807854223105"
"MK","2016","N14 K_AgriLivestock","NMVOC","Gg","3.23150574"
"MK","2016","N14 L_AgriOther","NMVOC","Gg","1.08973524"
"MK","2016","N14 M_Other","NMVOC","Gg","0"
"MK","2016","N14 O_AviCruise","NMVOC","Gg","0.290103065163"
"MK","2016","N14 P_IntShipping","NMVOC","Gg","0"
"MK","2016","N14 N_Natural","NMVOC","Gg","0.6498"
"MK","2016","N14 z_Memo","NMVOC","Gg","0"
"GR","2003","N14 A_PublicPower","NMVOC","Gg","1.79885349391438"
"GR","2003","N14 B_Industry","NMVOC","Gg","18.0714869228643"
"GR","2003","N14 C_OtherStatComb","NMVOC","Gg","6.90651120859"
"GR","2003","N14 D_Fugitive","NMVOC","Gg","21.2247425"
"GR","2003","N14 E_Solvents","NMVOC","Gg","125.348247802717"
"GR","2003","N14 F_RoadTransport","NMVOC","Gg","109.269115281031"
"GR","2003","N14 G_Shipping","NMVOC","Gg","1.669"
"GR","2003","N14 H_Aviation","NMVOC","Gg","0.010974311133819"
"GR","2003","N14 I_Offroad","NMVOC","Gg","8.56313486"
"GR","2003","N14 J_Waste","NMVOC","Gg","4.41427222367095"
"GR","2003","N14 K_AgriLivestock","NMVOC","Gg","14.641558281984"
"GR","2003","N14 L_AgriOther","NMVOC","Gg","3.50678746979"
"GR","2003","N14 M_Other","NMVOC","Gg","0"
"GR","2003","N14 O_AviCruise","NMVOC","Gg","0.0175031278846608"
"GR","2003","N14 P_IntShipping","NMVOC","Gg","8.8355"
"UA","2015","N14 A_PublicPower","NMVOC","Gg","1.50003293101112"
"UA","2015","N14 B_Industry","NMVOC","Gg","71.1674650681905"
"UA","2015","N14 C_OtherStatComb","NMVOC","Gg","16.5892015160059"
"UA","2015","N14 D_Fugitive","NMVOC","Gg","19.4887871810899"
"UA","2015","N14 E_Solvents","NMVOC","Gg","42.9340135273313"
"UA","2015","N14 F_RoadTransport","NMVOC","Gg","67.3029798039717"
"UA","2015","N14 G_Shipping","NMVOC","Gg","0.130060232368434"
"UA","2015","N14 H_Aviation","NMVOC","Gg","0.12255904267"
"UA","2015","N14 I_Offroad","NMVOC","Gg","0.901463490913668"
"UA","2015","N14 J_Waste","NMVOC","Gg","3.01366984581639"
"UA","2015","N14 K_AgriLivestock","NMVOC","Gg","0.161478329659839"
"UA","2015","N14 L_AgriOther","NMVOC","Gg","0.00542312358227044"
"UA","2015","N14 M_Other","NMVOC","Gg","0"
"UA","2015","N14 O_AviCruise","NMVOC","Gg","1.2403350532554"
"UA","2015","N14 P_IntShipping","NMVOC","Gg","0"
"UA","2015","N14 N_Natural","NMVOC","Gg","4.1331"
"UA","2015","N14 z_Memo","NMVOC","Gg","0"
"AT","2001","N14 A_PublicPower","NMVOC","Gg","0.295373636458926"
"AT","2001","N14 B_Industry","NMVOC","Gg","3.73583147270221"
"AT","2001","N14 C_OtherStatComb","NMVOC","Gg","33.1381725336539"
"AT","2001","N14 D_Fugitive","NMVOC","Gg","3.83504364494162"
"AT","2001","N14 E_Solvents","NMVOC","Gg","56.9851985254808"
"AT","2001","N14 F_RoadTransport","NMVOC","Gg","25.0252236800383"
"AT","2001","N14 G_Shipping","NMVOC","Gg","0.585277090496221"
"AT","2001","N14 H_Aviation","NMVOC","Gg","0.350704791392695"
"AT","2001","N14 I_Offroad","NMVOC","Gg","8.24852954554825"
"AT","2001","N14 J_Waste","NMVOC","Gg","0.113099289998744"
"AT","2001","N14 K_AgriLivestock","NMVOC","Gg","29.5014417586164"
"AT","2001","N14 L_AgriOther","NMVOC","Gg","12.8566078999004"
"AT","2001","N14 M_Other","NMVOC","Gg","0"
"AT","2001","N14 O_AviCruise","NMVOC","Gg","0.405683652683469"
"AT","2001","N14 P_IntShipping","NMVOC","Gg","0"
"AT","2001","N14 N_Natural","NMVOC","Gg","0"
"AT","2001","N14 z_Memo","NMVOC","Gg","24.9842298903091"
"GR","2013","N14 A_PublicPower","NMVOC","Gg","1.49001779032275"
"GR","2013","N14 B_Industry","NMVOC","Gg","11.8725822856804"
"GR","2013","N14 C_OtherStatComb","NMVOC","Gg","9.11119120995"
"GR","2013","N14 D_Fugitive","NMVOC","Gg","16.54383"
"GR","2013","N14 E_Solvents","NMVOC","Gg","80.5764720994106"
"GR","2013","N14 F_RoadTransport","NMVOC","Gg","56.8521686391525"
"GR","2013","N14 G_Shipping","NMVOC","Gg","1.2032"
"GR","2013","N14 H_Aviation","NMVOC","Gg","0.009235465341"
"GR","2013","N14 I_Offroad","NMVOC","Gg","4.12367343202493"
"GR","2013","N14 J_Waste","NMVOC","Gg","6.8209195104092"
"GR","2013","N14 K_AgriLivestock","NMVOC","Gg","14.162414292784"
"GR","2013","N14 L_AgriOther","NMVOC","Gg","3.25272113435657"
"GR","2013","N14 M_Other","NMVOC","Gg","0"
"GR","2013","N14 O_AviCruise","NMVOC","Gg","0.017298792443"
"GR","2013","N14 P_IntShipping","NMVOC","Gg","5.9492"
"ES","2008","N14 A_PublicPower","NMVOC","Gg","1.9234506568943"
"ES","2008","N14 B_Industry","NMVOC","Gg","80.2478953519005"
"ES","2008","N14 C_OtherStatComb","NMVOC","Gg","36.260264181"
"ES","2008","N14 D_Fugitive","NMVOC","Gg","27.3755919882505"
"ES","2008","N14 E_Solvents","NMVOC","Gg","330.054339186"
"ES","2008","N14 F_RoadTransport","NMVOC","Gg","63.301867976"
"ES","2008","N14 G_Shipping","NMVOC","Gg","2.257969538"
"ES","2008","N14 H_Aviation","NMVOC","Gg","0.754299164022833"
"ES","2008","N14 I_Offroad","NMVOC","Gg","12.637975393"
"ES","2008","N14 J_Waste","NMVOC","Gg","6.68901162237"
"ES","2008","N14 K_AgriLivestock","NMVOC","Gg","52.297547881"
"ES","2008","N14 L_AgriOther","NMVOC","Gg","84.089479169"
"ES","2008","N14 M_Other","NMVOC","Gg","0"
"ES","2008","N14 O_AviCruise","NMVOC","Gg","1.33444034211117"
"ES","2008","N14 P_IntShipping","NMVOC","Gg","21.045356838"
"ES","2008","N14 N_Natural","NMVOC","Gg","0"
"ES","2008","N14 z_Memo","NMVOC","Gg","0"
"HU","2010","N14 A_PublicPower","NMVOC","Gg","2.87582234542537"
"HU","2010","N14 B_Industry","NMVOC","Gg","12.4639238396061"
"HU","2010","N14 C_OtherStatComb","NMVOC","Gg","35.0309363225"
"HU","2010","N14 D_Fugitive","NMVOC","Gg","3.12064649674823"
"HU","2010","N14 E_Solvents","NMVOC","Gg","37.9298181877886"
"HU","2010","N14 F_RoadTransport","NMVOC","Gg","24.8726333806211"
"HU","2010","N14 G_Shipping","NMVOC","Gg","0.0186666666666667"
"HU","2010","N14 H_Aviation","NMVOC","Gg","0.00393412707984359"
"HU","2010","N14 I_Offroad","NMVOC","Gg","2.08436438170032"
"HU","2010","N14 J_Waste","NMVOC","Gg","2.43112776105813"
"HU","2010","N14 K_AgriLivestock","NMVOC","Gg","21.5729190127548"
"HU","2010","N14 L_AgriOther","NMVOC","Gg","3.63336584"
"HU","2010","N14 M_Other","NMVOC","Gg","0"
"HU","2010","N14 O_AviCruise","NMVOC","Gg","0.00812504969226723"
"HU","2010","N14 P_IntShipping","NMVOC","Gg","0"
"HU","2010","N14 N_Natural","NMVOC","Gg","0"
"HU","2010","N14 z_Memo","NMVOC","Gg","0"
"ES","2017","N14 A_PublicPower","NMVOC","Gg","5.09493330375267"
"ES","2017","N14 B_Industry","NMVOC","Gg","84.6773437096737"
"ES","2017","N14 C_OtherStatComb","NMVOC","Gg","42.976145965"
"ES","2017","N14 D_Fugitive","NMVOC","Gg","28.0811443197693"
"ES","2017","N14 E_Solvents","NMVOC","Gg","276.75151824232"
"ES","2017","N14 F_RoadTransport","NMVOC","Gg","22.354485577"
"ES","2017","N14 G_Shipping","NMVOC","Gg","1.639217533"
"ES","2017","N14 H_Aviation","NMVOC","Gg","0.727340743928107"
"ES","2017","N14 I_Offroad","NMVOC","Gg","7.30078257128789"
"ES","2017","N14 J_Waste","NMVOC","Gg","6.08525280266291"
"ES","2017","N14 K_AgriLivestock","NMVOC","Gg","55.868079191"
"ES","2017","N14 L_AgriOther","NMVOC","Gg","86.211904684"
"ES","2017","N14 M_Other","NMVOC","Gg","0"
"ES","2017","N14 O_AviCruise","NMVOC","Gg","1.37980099021301"
"ES","2017","N14 P_IntShipping","NMVOC","Gg","15.990635434"
"ES","2017","N14 N_Natural","NMVOC","Gg","0"
"ES","2017","N14 z_Memo","NMVOC","Gg","0"
"IS","2012","N14 A_PublicPower","NMVOC","Gg","0.0001497858"
"IS","2012","N14 B_Industry","NMVOC","Gg","0.411651912978"
"IS","2012","N14 C_OtherStatComb","NMVOC","Gg","0.000874972166"
"IS","2012","N14 D_Fugitive","NMVOC","Gg","0.202435642403536"
"IS","2012","N14 E_Solvents","NMVOC","Gg","1.167345259497"
"IS","2012","N14 F_RoadTransport","NMVOC","Gg","0.851550944015962"
"IS","2012","N14 G_Shipping","NMVOC","Gg","0.0120863"
"IS","2012","N14 H_Aviation","NMVOC","Gg","0.000600181462769449"
"IS","2012","N14 I_Offroad","NMVOC","Gg","0.664921798"
"IS","2012","N14 J_Waste","NMVOC","Gg","0.264596644402308"
"IS","2012","N14 K_AgriLivestock","NMVOC","Gg","1.85461594283384"
"IS","2012","N14 L_AgriOther","NMVOC","Gg","7.031011404e-08"
"IS","2012","N14 M_Other","NMVOC","Gg","0"
"IS","2012","N14 O_AviCruise","NMVOC","Gg","0.00149856497160204"
"IS","2012","N14 P_IntShipping","NMVOC","Gg","0.0205524"
"IS","2012","N14 N_Natural","NMVOC","Gg","0"
"IS","2012","N14 z_Memo","NMVOC","Gg","0"
"BY","2017","N14 A_PublicPower","NMVOC","Gg","1.045"
"BY","2017","N14 B_Industry","NMVOC","Gg","5.1098"
"BY","2017","N14 C_OtherStatComb","NMVOC","Gg","11.322"
"BY","2017","N14 D_Fugitive","NMVOC","Gg","44.28"
"BY","2017","N14 E_Solvents","NMVOC","Gg","55.625"
"BY","2017","N14 F_RoadTransport","NMVOC","Gg","16.042"
"BY","2017","N14 G_Shipping","NMVOC","Gg","0.005"
"BY","2017","N14 H_Aviation","NMVOC","Gg","0"
"BY","2017","N14 I_Offroad","NMVOC","Gg","3.284"
"BY","2017","N14 J_Waste","NMVOC","Gg","6.535"
"BY","2017","N14 K_AgriLivestock","NMVOC","Gg","0.048"
"BY","2017","N14 L_AgriOther","NMVOC","Gg","0"
"BY","2017","N14 M_Other","NMVOC","Gg","0"
"BY","2017","N14 O_AviCruise","NMVOC","Gg","0.638"
"BY","2017","N14 P_IntShipping","NMVOC","Gg","0"
"BY","2017","N14 N_Natural","NMVOC","Gg","0"
"BY","2017","N14 z_Memo","NMVOC","Gg","0"
"RS","2002","N14 A_PublicPower","NMVOC","Gg","0.5192384346"
"RS","2002","N14 B_Industry","NMVOC","Gg","10.1265319354254"
"RS","2002","N14 C_OtherStatComb","NMVOC","Gg","29.3714910786433"
"RS","2002","N14 D_Fugitive","NMVOC","Gg","29.79847602962"
"RS","2002","N14 E_Solvents","NMVOC","Gg","17.683968118849"
"RS","2002","N14 F_RoadTransport","NMVOC","Gg","33.258853528"
"RS","2002","N14 G_Shipping","NMVOC","Gg","0.0513"
"RS","2002","N14 H_Aviation","NMVOC","Gg","0.014436"
"RS","2002","N14 I_Offroad","NMVOC","Gg","0.52413"
"RS","2002","N14 J_Waste","NMVOC","Gg","0.00025855953"
"RS","2002","N14 K_AgriLivestock","NMVOC","Gg","20.664800825"
"RS","2002","N14 L_AgriOther","NMVOC","Gg","3.1003"
"RS","2002","N14 M_Other","NMVOC","Gg","0"
"RS","2002","N14 O_AviCruise","NMVOC","Gg","0.00391806"
"RS","2002","N14 P_IntShipping","NMVOC","Gg","0"
"RS","2002","N14 N_Natural","NMVOC","Gg","0.33915"
"RS","2002","N14 z_Memo","NMVOC","Gg","0"
"FR","1986","N14 A_PublicPower","NMVOC","Gg","0"
"FR","1986","N14 B_Industry","NMVOC","Gg","0"
"FR","1986","N14 C_OtherStatComb","NMVOC","Gg","0"
"FR","1986","N14 D_Fugitive","NMVOC","Gg","0"
"FR","1986","N14 E_Solvents","NMVOC","Gg","0"
"FR","1986","N14 F_RoadTransport","NMVOC","Gg","0"
"FR","1986","N14 G_Shipping","NMVOC","Gg","0"
"FR","1986","N14 H_Aviation","NMVOC","Gg","0"
"FR","1986","N14 I_Offroad","NMVOC","Gg","0"
"FR","1986","N14 J_Waste","NMVOC","Gg","0"
"FR","1986","N14 K_AgriLivestock","NMVOC","Gg","0"
"FR","1986","N14 L_AgriOther","NMVOC","Gg","0"
"FR","1986","N14 M_Other","NMVOC","Gg","0"
"FR","1986","N14 O_AviCruise","NMVOC","Gg","0"
"FR","1986","N14 P_IntShipping","NMVOC","Gg","0"
"FR","1986","N14 N_Natural","NMVOC","Gg","0"
"FR","1986","N14 z_Memo","NMVOC","Gg","0"
"GB","2004","N14 A_PublicPower","NMVOC","Gg","4.319044724928"
"GB","2004","N14 B_Industry","NMVOC","Gg","145.254827335133"
"GB","2004","N14 C_OtherStatComb","NMVOC","Gg","29.999308820847"
"GB","2004","N14 D_Fugitive","NMVOC","Gg","297.407989706232"
"GB","2004","N14 E_Solvents","NMVOC","Gg","371.464162092967"
"GB","2004","N14 F_RoadTransport","NMVOC","Gg","235.523800418932"
"GB","2004","N14 G_Shipping","NMVOC","Gg","8.25134437213"
"GB","2004","N14 H_Aviation","NMVOC","Gg","2.960912998751"
"GB","2004","N14 I_Offroad","NMVOC","Gg","53.173659972832"
"GB","2004","N14 J_Waste","NMVOC","Gg","12.331544919937"
"GB","2004","N14 K_AgriLivestock","NMVOC","Gg","92.1282927819"
"GB","2004","N14 L_AgriOther","NMVOC","Gg","7.868554915378"
"GB","2004","N14 M_Other","NMVOC","Gg","1.542935915584"
"GB","2004","N14 O_AviCruise","NMVOC","Gg","1.574034289755"
"GB","2004","N14 P_IntShipping","NMVOC","Gg","6.594522387683"
"GB","2004","N14 N_Natural","NMVOC","Gg","91.889930392157"
"GB","2004","N14 z_Memo","NMVOC","Gg","216.872326544447"
"DK","1989","N14 A_PublicPower","NMVOC","Gg","0.39834664"
"DK","1989","N14 B_Industry","NMVOC","Gg","5.85834667429167"
"DK","1989","N14 C_OtherStatComb","NMVOC","Gg","14.8296819927949"
"DK","1989","N14 D_Fugitive","NMVOC","Gg","11.99210058932"
"DK","1989","N14 E_Solvents","NMVOC","Gg","39.9131990633842"
"DK","1989","N14 F_RoadTransport","NMVOC","Gg","61.6290053456819"
"DK","1989","N14 G_Shipping","NMVOC","Gg","0.501135719650694"
"DK","1989","N14 H_Aviation","NMVOC","Gg","0.263847666847597"
"DK","1989","N14 I_Offroad","NMVOC","Gg","11.7972525350775"
"DK","1989","N14 J_Waste","NMVOC","Gg","0.235877362291067"
"DK","1989","N14 K_AgriLivestock","NMVOC","Gg","39.3965365872414"
"DK","1989","N14 L_AgriOther","NMVOC","Gg","2.101734630475"
"DK","1989","N14 M_Other","NMVOC","Gg","0"
"DK","1989","N14 O_AviCruise","NMVOC","Gg","0.124911472742564"
"DK","1989","N14 P_IntShipping","NMVOC","Gg","1.94710569862219"
"DK","1989","N14 N_Natural","NMVOC","Gg","0"
"DK","1989","N14 z_Memo","NMVOC","Gg","0"
"CH","1980","N14 A_PublicPower","NMVOC","Gg","0.554043418158546"
"CH","1980","N14 B_Industry","NMVOC","Gg","10.4649803492243"
"CH","1980","N14 C_OtherStatComb","NMVOC","Gg","8.45285462271952"
"CH","1980","N14 D_Fugitive","NMVOC","Gg","13.6681307756161"
"CH","1980","N14 E_Solvents","NMVOC","Gg","131.1022914"
"CH","1980","N14 F_RoadTransport","NMVOC","Gg","121.466740910828"
"CH","1980","N14 G_Shipping","NMVOC","Gg","1.53860974866125"
"CH","1980","N14 H_Aviation","NMVOC","Gg","0.205639664992899"
"CH","1980","N14 I_Offroad","NMVOC","Gg","6.31426882935342"
"CH","1980","N14 J_Waste","NMVOC","Gg","2.6045728603274"
"CH","1980","N14 K_AgriLivestock","NMVOC","Gg","21.2882658025115"
"CH","1980","N14 L_AgriOther","NMVOC","Gg","2.04564662147626"
"CH","1980","N14 M_Other","NMVOC","Gg","0.12868"
"CH","1980","N14 O_AviCruise","NMVOC","Gg","0.422544330225145"
"CH","1980","N14 P_IntShipping","NMVOC","Gg","0.3569462611113"
"CH","1980","N14 N_Natural","NMVOC","Gg","0.75737275"
"CH","1980","N14 z_Memo","NMVOC","Gg","123.272425151256"
"EU15","2009","N14 A_PublicPower","NMVOC","Gg","29.5912151192598"
"EU15","2009","N14 B_Industry","NMVOC","Gg","466.235981987432"
"EU15","2009","N14 C_OtherStatComb","NMVOC","Gg","665.968498864829"
"EU15","2009","N14 D_Fugitive","NMVOC","Gg","481.491588574517"
"EU15","2009","N14 E_Solvents","NMVOC","Gg","2343.4263974987"
"EU15","2009","N14 F_RoadTransport","NMVOC","Gg","747.133685109488"
"EU15","2009","N14 G_Shipping","NMVOC","Gg","70.2037233961812"
"EU15","2009","N14 H_Aviation","NMVOC","Gg","7.61992928762656"
"EU15","2009","N14 I_Offroad","NMVOC","Gg","195.045181424854"
"EU15","2009","N14 J_Waste","NMVOC","Gg","48.3620398829847"
"EU15","2009","N14 K_AgriLivestock","NMVOC","Gg","670.289739725985"
"EU15","2009","N14 L_AgriOther","NMVOC","Gg","193.66830986961"
"EU15","2009","N14 M_Other","NMVOC","Gg","1.861773287252"
"EU15","2009","N14 O_AviCruise","NMVOC","Gg","10.8468479236525"
"EU15","2009","N14 P_IntShipping","NMVOC","Gg","57.5905757961092"
"EU15","2009","N14 N_Natural","NMVOC","Gg","2113.0549860896"
"EU15","2009","N14 z_Memo","NMVOC","Gg","1529.97663991499"
"RO","2008","N14 A_PublicPower","NMVOC","Gg","0.89485997"
"RO","2008","N14 B_Industry","NMVOC","Gg","39.112694213726"
"RO","2008","N14 C_OtherStatComb","NMVOC","Gg","85.93311513"
"RO","2008","N14 D_Fugitive","NMVOC","Gg","19.48573578018"
"RO","2008","N14 E_Solvents","NMVOC","Gg","60.96278186064"
"RO","2008","N14 F_RoadTransport","NMVOC","Gg","36.4809898135648"
"RO","2008","N14 G_Shipping","NMVOC","Gg","0.196"
"RO","2008","N14 H_Aviation","NMVOC","Gg","0.04795033"
"RO","2008","N14 I_Offroad","NMVOC","Gg","21.9419177855626"
"RO","2008","N14 J_Waste","NMVOC","Gg","1.7171306"
"RO","2008","N14 K_AgriLivestock","NMVOC","Gg","37.8642792848753"
"RO","2008","N14 L_AgriOther","NMVOC","Gg","5.83970217770607"
"RO","2008","N14 M_Other","NMVOC","Gg","0"
"RO","2008","N14 O_AviCruise","NMVOC","Gg","0.09237804"
"RO","2008","N14 P_IntShipping","NMVOC","Gg","0.0486"
"SI","1989","N14 A_PublicPower","NMVOC","Gg","0"
"SI","1989","N14 B_Industry","NMVOC","Gg","0"
"SI","1989","N14 C_OtherStatComb","NMVOC","Gg","0"
"SI","1989","N14 D_Fugitive","NMVOC","Gg","0"
"SI","1989","N14 E_Solvents","NMVOC","Gg","0"
"SI","1989","N14 F_RoadTransport","NMVOC","Gg","0"
"SI","1989","N14 G_Shipping","NMVOC","Gg","0"
"SI","1989","N14 H_Aviation","NMVOC","Gg","0"
"SI","1989","N14 I_Offroad","NMVOC","Gg","0"
"SI","1989","N14 J_Waste","NMVOC","Gg","0"
"SI","1989","N14 K_AgriLivestock","NMVOC","Gg","0"
"SI","1989","N14 L_AgriOther","NMVOC","Gg","0"
"SI","1989","N14 M_Other","NMVOC","Gg","0"
"SI","1989","N14 O_AviCruise","NMVOC","Gg","0"
"SI","1989","N14 P_IntShipping","NMVOC","Gg","0"
"SI","1989","N14 N_Natural","NMVOC","Gg","0"
"SI","1989","N14 z_Memo","NMVOC","Gg","0"
"EU12","2001","N14 A_PublicPower","NMVOC","Gg","23.7578576006748"
"EU12","2001","N14 B_Industry","NMVOC","Gg","523.039865724502"
"EU12","2001","N14 C_OtherStatComb","NMVOC","Gg","671.733502237576"
"EU12","2001","N14 D_Fugitive","NMVOC","Gg","762.98871819281"
"EU12","2001","N14 E_Solvents","NMVOC","Gg","2983.55086305751"
"EU12","2001","N14 F_RoadTransport","NMVOC","Gg","1978.38965980918"
"EU12","2001","N14 G_Shipping","NMVOC","Gg","83.6097995928252"
"EU12","2001","N14 H_Aviation","NMVOC","Gg","8.85045909857214"
"EU12","2001","N14 I_Offroad","NMVOC","Gg","244.448954743283"
"EU12","2001","N14 J_Waste","NMVOC","Gg","55.1960819409544"
"EU12","2001","N14 K_AgriLivestock","NMVOC","Gg","638.880495407963"
"EU12","2001","N14 L_AgriOther","NMVOC","Gg","176.520906620814"
"EU12","2001","N14 M_Other","NMVOC","Gg","1.97677786177"
"EU12","2001","N14 O_AviCruise","NMVOC","Gg","8.08857815241184"
"EU12","2001","N14 P_IntShipping","NMVOC","Gg","44.0937036785461"
"EU12","2001","N14 N_Natural","NMVOC","Gg","2015.23158089983"
"EU12","2001","N14 z_Memo","NMVOC","Gg","1443.48743961286"
"EU28","2013","N14 A_PublicPower","NMVOC","Gg","41.3451735893624"
"EU28","2013","N14 B_Industry","NMVOC","Gg","628.518279680162"
"EU28","2013","N14 C_OtherStatComb","NMVOC","Gg","1118.83507384412"
"EU28","2013","N14 D_Fugitive","NMVOC","Gg","508.329544574296"
"EU28","2013","N14 E_Solvents","NMVOC","Gg","2625.53288612785"
"EU28","2013","N14 F_RoadTransport","NMVOC","Gg","689.463478836556"
"EU28","2013","N14 G_Shipping","NMVOC","Gg","48.1422103634774"
"EU28","2013","N14 H_Aviation","NMVOC","Gg","7.49460841465796"
"EU28","2013","N14 I_Offroad","NMVOC","Gg","178.723393582853"
"EU28","2013","N14 J_Waste","NMVOC","Gg","74.5714451826003"
"EU28","2013","N14 K_AgriLivestock","NMVOC","Gg","863.906565432514"
"EU28","2013","N14 L_AgriOther","NMVOC","Gg","217.231530110214"
"EU28","2013","N14 M_Other","NMVOC","Gg","1.964726608888"
"EU28","2013","N14 O_AviCruise","NMVOC","Gg","11.7683938570937"
"EU28","2013","N14 P_IntShipping","NMVOC","Gg","50.6813104331634"
"EU28","2013","N14 N_Natural","NMVOC","Gg","2440.55529009381"
"EU28","2013","N14 z_Memo","NMVOC","Gg","1490.83009631742"
"PL","2017","N14 A_PublicPower","NMVOC","Gg","2.40460466693037"
"PL","2017","N14 B_Industry","NMVOC","Gg","102.491495944075"
"PL","2017","N14 C_OtherStatComb","NMVOC","Gg","116.151599473488"
"PL","2017","N14 D_Fugitive","NMVOC","Gg","55.623702561876"
"PL","2017","N14 E_Solvents","NMVOC","Gg","206.959832324275"
"PL","2017","N14 F_RoadTransport","NMVOC","Gg","85.4251068423847"
"PL","2017","N14 G_Shipping","NMVOC","Gg","0.0187252873883624"
"PL","2017","N14 H_Aviation","NMVOC","Gg","0.0603050958815788"
"PL","2017","N14 I_Offroad","NMVOC","Gg","9.48015099160352"
"PL","2017","N14 J_Waste","NMVOC","Gg","10.4768036168494"
"PL","2017","N14 K_AgriLivestock","NMVOC","Gg","94.66767189365"
"PL","2017","N14 L_AgriOther","NMVOC","Gg","6.97706048364561"
"PL","2017","N14 M_Other","NMVOC","Gg","0"
"PL","2017","N14 O_AviCruise","NMVOC","Gg","0.354069989247615"
"PL","2017","N14 P_IntShipping","NMVOC","Gg","0.4914"
"PL","2017","N14 N_Natural","NMVOC","Gg","256.284222905026"
"FR","2008","N14 A_PublicPower","NMVOC","Gg","0.695868535991404"
"FR","2008","N14 B_Industry","NMVOC","Gg","67.3648620038325"
"FR","2008","N14 C_OtherStatComb","NMVOC","Gg","195.531118710106"
"FR","2008","N14 D_Fugitive","NMVOC","Gg","36.946168096551"
"FR","2008","N14 E_Solvents","NMVOC","Gg","381.084731937497"
"FR","2008","N14 F_RoadTransport","NMVOC","Gg","139.867738379383"
"FR","2008","N14 G_Shipping","NMVOC","Gg","14.0072225971529"
"FR","2008","N14 H_Aviation","NMVOC","Gg","1.37793394635001"
"FR","2008","N14 I_Offroad","NMVOC","Gg","39.4104250058471"
"FR","2008","N14 J_Waste","NMVOC","Gg","12.9973646428284"
"FR","2008","N14 K_AgriLivestock","NMVOC","Gg","0"
"FR","2008","N14 L_AgriOther","NMVOC","Gg","2.05491639068315"
"FR","2008","N14 M_Other","NMVOC","Gg","0"
"FR","2008","N14 O_AviCruise","NMVOC","Gg","2.26288499323152"
"FR","2008","N14 P_IntShipping","NMVOC","Gg","6.98878163820404"
"FR","2008","N14 N_Natural","NMVOC","Gg","100.751151839283"
"FR","2008","N14 z_Memo","NMVOC","Gg","1386.19245796322"
"CA","1989","N14 A_PublicPower","NMVOC","Gg","2.47979492416167"
"CA","1989","N14 B_Industry","NMVOC","Gg","265.394715264163"
"CA","1989","N14 C_OtherStatComb","NMVOC","Gg","346.059693438545"
"CA","1989","N14 D_Fugitive","NMVOC","Gg","706.035052263427"
"CA","1989","N14 E_Solvents","NMVOC","Gg","346.520966294476"
"CA","1989","N14 F_RoadTransport","NMVOC","Gg","795.634303119694"
"CA","1989","N14 G_Shipping","NMVOC","Gg","11.9677415532036"
"CA","1989","N14 H_Aviation","NMVOC","Gg","2.74954445422442"
"CA","1989","N14 I_Offroad","NMVOC","Gg","1635.34258702295"
"CA","1989","N14 J_Waste","NMVOC","Gg","17.7720350965851"
"CA","1989","N14 K_AgriLivestock","NMVOC","Gg","219.6654661952"
"CA","1989","N14 L_AgriOther","NMVOC","Gg","2.42604320975421"
"CA","1989","N14 M_Other","NMVOC","Gg","19.7988187515972"
"CA","1989","N14 O_AviCruise","NMVOC","Gg","2.60760219573271"
"CA","1989","N14 P_IntShipping","NMVOC","Gg","0"
"CA","1989","N14 N_Natural","NMVOC","Gg","0"
"CA","1989","N14 z_Memo","NMVOC","Gg","0"
"AT","2012","N14 A_PublicPower","NMVOC","Gg","0.424713128272694"
"AT","2012","N14 B_Industry","NMVOC","Gg","4.55008615382542"
"AT","2012","N14 C_OtherStatComb","NMVOC","Gg","25.2113338934102"
"AT","2012","N14 D_Fugitive","NMVOC","Gg","2.40081034802714"
"AT","2012","N14 E_Solvents","NMVOC","Gg","42.9402170374542"
"AT","2012","N14 F_RoadTransport","NMVOC","Gg","10.4709699345702"
"AT","2012","N14 G_Shipping","NMVOC","Gg","0.352764498756346"
"AT","2012","N14 H_Aviation","NMVOC","Gg","0.508447914874537"
"AT","2012","N14 I_Offroad","NMVOC","Gg","3.67748191985337"
"AT","2012","N14 J_Waste","NMVOC","Gg","0.0761978241754128"
"AT","2012","N14 K_AgriLivestock","NMVOC","Gg","27.2403100633945"
"AT","2012","N14 L_AgriOther","NMVOC","Gg","10.7750722088844"
"AT","2012","N14 M_Other","NMVOC","Gg","0"
"AT","2012","N14 O_AviCruise","NMVOC","Gg","0.488185524539656"
"AT","2012","N14 P_IntShipping","NMVOC","Gg","0"
"AT","2012","N14 N_Natural","NMVOC","Gg","0"
"AT","2012","N14 z_Memo","NMVOC","Gg","10.2957028230379"
"PL","1992","N14 A_PublicPower","NMVOC","Gg","2.62912579"
"PL","1992","N14 B_Industry","NMVOC","Gg","72.121435146693"
"PL","1992","N14 C_OtherStatComb","NMVOC","Gg","178.9548278278"
"PL","1992","N14 D_Fugitive","NMVOC","Gg","53.8025506776033"
"PL","1992","N14 E_Solvents","NMVOC","Gg","119.096184805586"
"PL","1992","N14 F_RoadTransport","NMVOC","Gg","164.23713063741"
"PL","1992","N14 G_Shipping","NMVOC","Gg","0.0977515982130668"
"PL","1992","N14 H_Aviation","NMVOC","Gg","0.0186801156826182"
"PL","1992","N14 I_Offroad","NMVOC","Gg","8.68387403015075"
"PL","1992","N14 J_Waste","NMVOC","Gg","18.6014589030481"
"PL","1992","N14 K_AgriLivestock","NMVOC","Gg","135.928908680482"
"PL","1992","N14 L_AgriOther","NMVOC","Gg","8.02917753187483"
"PL","1992","N14 M_Other","NMVOC","Gg","0"
"PL","1992","N14 O_AviCruise","NMVOC","Gg","0.134111634736423"
"PL","1992","N14 P_IntShipping","NMVOC","Gg","0.6561"
"PL","1992","N14 N_Natural","NMVOC","Gg","227.036287839745"
"PL","1992","N14 z_Memo","NMVOC","Gg","0"
"AM","2016","N14 A_PublicPower","NMVOC","Gg","0.054"
"AM","2016","N14 B_Industry","NMVOC","Gg","1.161"
"AM","2016","N14 C_OtherStatComb","NMVOC","Gg","0.037"
"AM","2016","N14 D_Fugitive","NMVOC","Gg","0"
"AM","2016","N14 E_Solvents","NMVOC","Gg","0"
"AM","2016","N14 F_RoadTransport","NMVOC","Gg","24.03"
"AM","2016","N14 G_Shipping","NMVOC","Gg","0"
"AM","2016","N14 H_Aviation","NMVOC","Gg","0"
"AM","2016","N14 I_Offroad","NMVOC","Gg","0"
"AM","2016","N14 J_Waste","NMVOC","Gg","0"
"AM","2016","N14 K_AgriLivestock","NMVOC","Gg","11.009"
"AM","2016","N14 L_AgriOther","NMVOC","Gg","0"
"AM","2016","N14 M_Other","NMVOC","Gg","0"
"CH","1989","N14 A_PublicPower","NMVOC","Gg","0.361837292696566"
"CH","1989","N14 B_Industry","NMVOC","Gg","9.09364668123819"
"CH","1989","N14 C_OtherStatComb","NMVOC","Gg","10.3811917932799"
"CH","1989","N14 D_Fugitive","NMVOC","Gg","18.3380904653887"
"CH","1989","N14 E_Solvents","NMVOC","Gg","148.116793581"
"CH","1989","N14 F_RoadTransport","NMVOC","Gg","83.245435255814"
"CH","1989","N14 G_Shipping","NMVOC","Gg","1.6363950072123"
"CH","1989","N14 H_Aviation","NMVOC","Gg","0.282314894110705"
"CH","1989","N14 I_Offroad","NMVOC","Gg","7.32187285798118"
"CH","1989","N14 J_Waste","NMVOC","Gg","0.922138885280178"
"CH","1989","N14 K_AgriLivestock","NMVOC","Gg","18.59653129886"
"CH","1989","N14 L_AgriOther","NMVOC","Gg","2.16649811300435"
"CH","1989","N14 M_Other","NMVOC","Gg","0.12892"
"CH","1989","N14 O_AviCruise","NMVOC","Gg","0.585997690235608"
"CH","1989","N14 P_IntShipping","NMVOC","Gg","0.379922927332576"
"CH","1989","N14 N_Natural","NMVOC","Gg","0.75737275"
"CH","1989","N14 z_Memo","NMVOC","Gg","85.2456459421353"
"BG","1996","N14 A_PublicPower","NMVOC","Gg","0.053420213"
"BG","1996","N14 B_Industry","NMVOC","Gg","13.053226703"
"BG","1996","N14 C_OtherStatComb","NMVOC","Gg","16.906548204"
"BG","1996","N14 D_Fugitive","NMVOC","Gg","19.71278761"
"BG","1996","N14 E_Solvents","NMVOC","Gg","27.6546703425"
"BG","1996","N14 F_RoadTransport","NMVOC","Gg","37.6605518709571"
"BG","1996","N14 G_Shipping","NMVOC","Gg","0.6676"
"BG","1996","N14 H_Aviation","NMVOC","Gg","0.0151529"
"BG","1996","N14 I_Offroad","NMVOC","Gg","1.59701836407608"
"BG","1996","N14 J_Waste","NMVOC","Gg","8.80198663652732"
"BG","1996","N14 K_AgriLivestock","NMVOC","Gg","13.3722966822357"
"BG","1996","N14 L_AgriOther","NMVOC","Gg","3.21321803959658"
"BG","1996","N14 M_Other","NMVOC","Gg","0"
"BG","1996","N14 O_AviCruise","NMVOC","Gg","0.0992571428571429"
"BG","1996","N14 P_IntShipping","NMVOC","Gg","0"
"IE","2013","N14 A_PublicPower","NMVOC","Gg","0.268264860747884"
"IE","2013","N14 B_Industry","NMVOC","Gg","24.8151892796948"
"IE","2013","N14 C_OtherStatComb","NMVOC","Gg","11.0197277899519"
"IE","2013","N14 D_Fugitive","NMVOC","Gg","4.66689880870121"
"IE","2013","N14 E_Solvents","NMVOC","Gg","18.3114035969264"
"IE","2013","N14 F_RoadTransport","NMVOC","Gg","6.82937841111083"
"IE","2013","N14 G_Shipping","NMVOC","Gg","0.156750900301528"
"IE","2013","N14 H_Aviation","NMVOC","Gg","0.130648655510388"
"IE","2013","N14 I_Offroad","NMVOC","Gg","0.57142823254734"
"IE","2013","N14 J_Waste","NMVOC","Gg","0.398647833040306"
"IE","2013","N14 K_AgriLivestock","NMVOC","Gg","39.7475295203487"
"IE","2013","N14 L_AgriOther","NMVOC","Gg","3.850908"
"IE","2013","N14 M_Other","NMVOC","Gg","0"
"IE","2013","N14 O_AviCruise","NMVOC","Gg","0.28088680042998"
"IE","2013","N14 P_IntShipping","NMVOC","Gg","0.396668662145221"
"IE","2013","N14 N_Natural","NMVOC","Gg","0"
"IE","2013","N14 z_Memo","NMVOC","Gg","7.19897990041122"
"SK","1990","N14 A_PublicPower","NMVOC","Gg","0.25181409321385"
"SK","1990","N14 B_Industry","NMVOC","Gg","13.5770903872914"
"SK","1990","N14 C_OtherStatComb","NMVOC","Gg","166.507660376777"
"SK","1990","N14 D_Fugitive","NMVOC","Gg","10.7310950750425"
"SK","1990","N14 E_Solvents","NMVOC","Gg","67.7797713563079"
"SK","1990","N14 F_RoadTransport","NMVOC","Gg","26.0656628009191"
"SK","1990","N14 G_Shipping","NMVOC","Gg","0.0553692681413502"
"SK","1990","N14 H_Aviation","NMVOC","Gg","0.00184079766658772"
"SK","1990","N14 I_Offroad","NMVOC","Gg","1.4341087681998"
"SK","1990","N14 J_Waste","NMVOC","Gg","1.36641579678047"
"SK","1990","N14 K_AgriLivestock","NMVOC","Gg","12.1525340876013"
"SK","1990","N14 L_AgriOther","NMVOC","Gg","5.11131826556917"
"SK","1990","N14 M_Other","NMVOC","Gg","0"
"SK","1990","N14 O_AviCruise","NMVOC","Gg","0.00308112940615453"
"SK","1990","N14 P_IntShipping","NMVOC","Gg","0"
"SK","1990","N14 N_Natural","NMVOC","Gg","0.116"
"SK","1990","N14 z_Memo","NMVOC","Gg","0"
"GE","2014","N14 A_PublicPower","NMVOC","Gg","0.03217648"
"GE","2014","N14 B_Industry","NMVOC","Gg","3.50282044345"
"GE","2014","N14 C_OtherStatComb","NMVOC","Gg","11.815961577"
"GE","2014","N14 D_Fugitive","NMVOC","Gg","0.2823946"
"GE","2014","N14 E_Solvents","NMVOC","Gg","4.4602932"
"GE","2014","N14 F_RoadTransport","NMVOC","Gg","13.8331691899452"
"GE","2014","N14 G_Shipping","NMVOC","Gg","0.005215"
"GE","2014","N14 H_Aviation","NMVOC","Gg","0"
"GE","2014","N14 I_Offroad","NMVOC","Gg","0.2468386"
"GE","2014","N14 J_Waste","NMVOC","Gg","0.673469791986063"
"GE","2014","N14 K_AgriLivestock","NMVOC","Gg","7.2189483"
"GE","2014","N14 L_AgriOther","NMVOC","Gg","0.236414"
"GE","2014","N14 M_Other","NMVOC","Gg","0"
"LI","2016","N14 A_PublicPower","NMVOC","Gg","6.85309500288e-05"
"LI","2016","N14 B_Industry","NMVOC","Gg","0.0164548286992724"
"LI","2016","N14 C_OtherStatComb","NMVOC","Gg","0.0113937190637783"
"LI","2016","N14 D_Fugitive","NMVOC","Gg","0.0032464098611"
"LI","2016","N14 E_Solvents","NMVOC","Gg","0.166798601195563"
"LI","2016","N14 F_RoadTransport","NMVOC","Gg","0.0146309646208458"
"LI","2016","N14 G_Shipping","NMVOC","Gg","0"
"LI","2016","N14 H_Aviation","NMVOC","Gg","3.8976e-06"
"LI","2016","N14 I_Offroad","NMVOC","Gg","0.0356443328568917"
"LI","2016","N14 J_Waste","NMVOC","Gg","0.00435084224620762"
"LI","2016","N14 K_AgriLivestock","NMVOC","Gg","0.05419253"
"LI","2016","N14 L_AgriOther","NMVOC","Gg","3.7309918e-14"
"LI","2016","N14 M_Other","NMVOC","Gg","0"
"PL","1996","N14 A_PublicPower","NMVOC","Gg","2.17280249"
"PL","1996","N14 B_Industry","NMVOC","Gg","114.349064770139"
"PL","1996","N14 C_OtherStatComb","NMVOC","Gg","198.3038679824"
"PL","1996","N14 D_Fugitive","NMVOC","Gg","54.9101928410122"
"PL","1996","N14 E_Solvents","NMVOC","Gg","142.917884257081"
"PL","1996","N14 F_RoadTransport","NMVOC","Gg","180.2706794764"
"PL","1996","N14 G_Shipping","NMVOC","Gg","0.0761185778944833"
"PL","1996","N14 H_Aviation","NMVOC","Gg","0.0269816708456148"
"PL","1996","N14 I_Offroad","NMVOC","Gg","10.722182"
"PL","1996","N14 J_Waste","NMVOC","Gg","19.9881902687262"
"PL","1996","N14 K_AgriLivestock","NMVOC","Gg","113.567550823757"
"PL","1996","N14 L_AgriOther","NMVOC","Gg","7.74316481717365"
"PL","1996","N14 M_Other","NMVOC","Gg","0"
"PL","1996","N14 O_AviCruise","NMVOC","Gg","0.195723138818554"
"PL","1996","N14 P_IntShipping","NMVOC","Gg","0.4536"
"PL","1996","N14 N_Natural","NMVOC","Gg","226.926067529522"
"PL","1996","N14 z_Memo","NMVOC","Gg","0"
"SI","1987","N14 A_PublicPower","NMVOC","Gg","0"
"SI","1987","N14 B_Industry","NMVOC","Gg","0"
"SI","1987","N14 C_OtherStatComb","NMVOC","Gg","0"
"SI","1987","N14 D_Fugitive","NMVOC","Gg","0"
"SI","1987","N14 E_Solvents","NMVOC","Gg","0"
"SI","1987","N14 F_RoadTransport","NMVOC","Gg","0"
"SI","1987","N14 G_Shipping","NMVOC","Gg","0"
"SI","1987","N14 H_Aviation","NMVOC","Gg","0"
"SI","1987","N14 I_Offroad","NMVOC","Gg","0"
"SI","1987","N14 J_Waste","NMVOC","Gg","0"
"SI","1987","N14 K_AgriLivestock","NMVOC","Gg","0"
"SI","1987","N14 L_AgriOther","NMVOC","Gg","0"
"SI","1987","N14 M_Other","NMVOC","Gg","0"
"SI","1987","N14 O_AviCruise","NMVOC","Gg","0"
"SI","1987","N14 P_IntShipping","NMVOC","Gg","0"
"SI","1987","N14 N_Natural","NMVOC","Gg","0"
"SI","1987","N14 z_Memo","NMVOC","Gg","0"
"DE","2003","N14 A_PublicPower","NMVOC","Gg","8.92964479770154"
"DE","2003","N14 B_Industry","NMVOC","Gg","40.1840961526889"
"DE","2003","N14 C_OtherStatComb","NMVOC","Gg","49.5792864200113"
"DE","2003","N14 D_Fugitive","NMVOC","Gg","95.3694854392835"
"DE","2003","N14 E_Solvents","NMVOC","Gg","732.770287843693"
"DE","2003","N14 F_RoadTransport","NMVOC","Gg","211.835665555498"
"DE","2003","N14 G_Shipping","NMVOC","Gg","1.32732683780612"
"DE","2003","N14 H_Aviation","NMVOC","Gg","0.912020817660531"
"DE","2003","N14 I_Offroad","NMVOC","Gg","45.2985122512296"
"DE","2003","N14 J_Waste","NMVOC","Gg","0.151334200000005"
"DE","2003","N14 K_AgriLivestock","NMVOC","Gg","201.217866253136"
"DE","2003","N14 L_AgriOther","NMVOC","Gg","7.28449975552236"
"DE","2003","N14 M_Other","NMVOC","Gg","0"
"DE","2003","N14 O_AviCruise","NMVOC","Gg","1.51921437462152"
"DE","2003","N14 P_IntShipping","NMVOC","Gg","3.48641884493848"
"DE","2003","N14 N_Natural","NMVOC","Gg","0.5419653624"
"DE","2003","N14 z_Memo","NMVOC","Gg","0"
"EU12","2003","N14 A_PublicPower","NMVOC","Gg","25.9607448313619"
"EU12","2003","N14 B_Industry","NMVOC","Gg","512.28756381545"
"EU12","2003","N14 C_OtherStatComb","NMVOC","Gg","615.997036154369"
"EU12","2003","N14 D_Fugitive","NMVOC","Gg","667.542426376135"
"EU12","2003","N14 E_Solvents","NMVOC","Gg","2800.64542945421"
"EU12","2003","N14 F_RoadTransport","NMVOC","Gg","1563.7196393156"
"EU12","2003","N14 G_Shipping","NMVOC","Gg","83.3463169364771"
"EU12","2003","N14 H_Aviation","NMVOC","Gg","8.26010486169304"
"EU12","2003","N14 I_Offroad","NMVOC","Gg","225.98624814348"
"EU12","2003","N14 J_Waste","NMVOC","Gg","53.8732934886693"
"EU12","2003","N14 K_AgriLivestock","NMVOC","Gg","622.369525735979"
"EU12","2003","N14 L_AgriOther","NMVOC","Gg","172.850482950836"
"EU12","2003","N14 M_Other","NMVOC","Gg","1.993840129065"
"EU12","2003","N14 O_AviCruise","NMVOC","Gg","8.14734525958616"
"EU12","2003","N14 P_IntShipping","NMVOC","Gg","46.2131427933836"
"EU12","2003","N14 N_Natural","NMVOC","Gg","2125.1860087765"
"EU12","2003","N14 z_Memo","NMVOC","Gg","1785.9190171613"
"CY","2005","N14 A_PublicPower","NMVOC","Gg","0.106183504921"
"CY","2005","N14 B_Industry","NMVOC","Gg","0.40490898875"
"CY","2005","N14 C_OtherStatComb","NMVOC","Gg","0.0399336295212"
"CY","2005","N14 D_Fugitive","NMVOC","Gg","1.33111"
"CY","2005","N14 E_Solvents","NMVOC","Gg","13.7913351967252"
"CY","2005","N14 F_RoadTransport","NMVOC","Gg","4.44790137127356"
"CY","2005","N14 G_Shipping","NMVOC","Gg","0.0035267678969885"
"CY","2005","N14 H_Aviation","NMVOC","Gg","0.0307866022136973"
"CY","2005","N14 I_Offroad","NMVOC","Gg","0.077052792521879"
"CY","2005","N14 J_Waste","NMVOC","Gg","0.76433086704"
"CY","2005","N14 K_AgriLivestock","NMVOC","Gg","1.08558795923519"
"CY","2005","N14 L_AgriOther","NMVOC","Gg","0.0580635"
"CY","2005","N14 M_Other","NMVOC","Gg","0"
"CY","2005","N14 O_AviCruise","NMVOC","Gg","0.077082571364246"
"CY","2005","N14 P_IntShipping","NMVOC","Gg","0.110003481622647"
"CY","2005","N14 N_Natural","NMVOC","Gg","0"
"CY","2005","N14 z_Memo","NMVOC","Gg","4.48221474138425"
"DK","1981","N14 A_PublicPower","NMVOC","Gg","0"
"DK","1981","N14 B_Industry","NMVOC","Gg","0"
"DK","1981","N14 C_OtherStatComb","NMVOC","Gg","0"
"DK","1981","N14 D_Fugitive","NMVOC","Gg","0"
"DK","1981","N14 E_Solvents","NMVOC","Gg","0"
"DK","1981","N14 F_RoadTransport","NMVOC","Gg","0"
"DK","1981","N14 G_Shipping","NMVOC","Gg","0"
"DK","1981","N14 H_Aviation","NMVOC","Gg","0"
"DK","1981","N14 I_Offroad","NMVOC","Gg","0"
"DK","1981","N14 J_Waste","NMVOC","Gg","0"
"DK","1981","N14 K_AgriLivestock","NMVOC","Gg","0"
"DK","1981","N14 L_AgriOther","NMVOC","Gg","0"
"DK","1981","N14 M_Other","NMVOC","Gg","0"
"DK","1981","N14 O_AviCruise","NMVOC","Gg","0"
"DK","1981","N14 P_IntShipping","NMVOC","Gg","0"
"DK","1981","N14 N_Natural","NMVOC","Gg","0"
"DK","1981","N14 z_Memo","NMVOC","Gg","0"
"LU","2015","N14 A_PublicPower","NMVOC","Gg","0.167303486054609"
"LU","2015","N14 B_Industry","NMVOC","Gg","0.469499493443189"
"LU","2015","N14 C_OtherStatComb","NMVOC","Gg","0.465232144085553"
"LU","2015","N14 D_Fugitive","NMVOC","Gg","0.678476436959035"
"LU","2015","N14 E_Solvents","NMVOC","Gg","5.05507686504763"
"LU","2015","N14 F_RoadTransport","NMVOC","Gg","1.02548185038252"
"LU","2015","N14 G_Shipping","NMVOC","Gg","0.00688416898735455"
"LU","2015","N14 H_Aviation","NMVOC","Gg","0.0487587412025628"
"LU","2015","N14 I_Offroad","NMVOC","Gg","0.157651780528734"
"LU","2015","N14 J_Waste","NMVOC","Gg","0.0192122799440067"
"LU","2015","N14 K_AgriLivestock","NMVOC","Gg","3.15990338230179"
"LU","2015","N14 L_AgriOther","NMVOC","Gg","0.11299024"
"LU","2015","N14 M_Other","NMVOC","Gg","0"
"LU","2015","N14 O_AviCruise","NMVOC","Gg","0.083401670816013"
"LU","2015","N14 P_IntShipping","NMVOC","Gg","0"
"LU","2015","N14 N_Natural","NMVOC","Gg","0"
"LU","2015","N14 z_Memo","NMVOC","Gg","0.515039137672624"
"PL","1991","N14 A_PublicPower","NMVOC","Gg","2.72120284"
"PL","1991","N14 B_Industry","NMVOC","Gg","76.000068296565"
"PL","1991","N14 C_OtherStatComb","NMVOC","Gg","178.293078673"
"PL","1991","N14 D_Fugitive","NMVOC","Gg","52.7882433140198"
"PL","1991","N14 E_Solvents","NMVOC","Gg","107.120201409857"
"PL","1991","N14 F_RoadTransport","NMVOC","Gg","161.21311216409"
"PL","1991","N14 G_Shipping","NMVOC","Gg","0.112321309265751"
"PL","1991","N14 H_Aviation","NMVOC","Gg","0.0232069945292167"
"PL","1991","N14 I_Offroad","NMVOC","Gg","8.18568138693467"
"PL","1991","N14 J_Waste","NMVOC","Gg","18.7479022598905"
"PL","1991","N14 K_AgriLivestock","NMVOC","Gg","144.290794846196"
"PL","1991","N14 L_AgriOther","NMVOC","Gg","8.17107111756176"
"PL","1991","N14 M_Other","NMVOC","Gg","0"
"PL","1991","N14 O_AviCruise","NMVOC","Gg","0.177534783865087"
"PL","1991","N14 P_IntShipping","NMVOC","Gg","0.4239"
"PL","1991","N14 N_Natural","NMVOC","Gg","225.63654449839"
"PL","1991","N14 z_Memo","NMVOC","Gg","0"
"DK","1984","N14 A_PublicPower","NMVOC","Gg","0"
"DK","1984","N14 B_Industry","NMVOC","Gg","0"
"DK","1984","N14 C_OtherStatComb","NMVOC","Gg","0"
"DK","1984","N14 D_Fugitive","NMVOC","Gg","0"
"DK","1984","N14 E_Solvents","NMVOC","Gg","0"
"DK","1984","N14 F_RoadTransport","NMVOC","Gg","0"
"DK","1984","N14 G_Shipping","NMVOC","Gg","0"
"DK","1984","N14 H_Aviation","NMVOC","Gg","0"
"DK","1984","N14 I_Offroad","NMVOC","Gg","0"
"DK","1984","N14 J_Waste","NMVOC","Gg","0"
"DK","1984","N14 K_AgriLivestock","NMVOC","Gg","0"
"DK","1984","N14 L_AgriOther","NMVOC","Gg","0"
"DK","1984","N14 M_Other","NMVOC","Gg","0"
"DK","1984","N14 O_AviCruise","NMVOC","Gg","0"
"DK","1984","N14 P_IntShipping","NMVOC","Gg","0"
"DK","1984","N14 N_Natural","NMVOC","Gg","0"
"DK","1984","N14 z_Memo","NMVOC","Gg","0"
"EU27","2001","N14 A_PublicPower","NMVOC","Gg","39.4103048641426"
"EU27","2001","N14 B_Industry","NMVOC","Gg","716.665003474742"
"EU27","2001","N14 C_OtherStatComb","NMVOC","Gg","1147.20099790764"
"EU27","2001","N14 D_Fugitive","NMVOC","Gg","937.417115461389"
"EU27","2001","N14 E_Solvents","NMVOC","Gg","3618.53569739465"
"EU27","2001","N14 F_RoadTransport","NMVOC","Gg","2477.52501813265"
"EU27","2001","N14 G_Shipping","NMVOC","Gg","98.4505095197752"
"EU27","2001","N14 H_Aviation","NMVOC","Gg","9.75640104406292"
"EU27","2001","N14 I_Offroad","NMVOC","Gg","351.53274371342"
"EU27","2001","N14 J_Waste","NMVOC","Gg","97.067319332947"
"EU27","2001","N14 K_AgriLivestock","NMVOC","Gg","915.577534725305"
"EU27","2001","N14 L_AgriOther","NMVOC","Gg","228.53580444518"
"EU27","2001","N14 M_Other","NMVOC","Gg","1.98001486177"
"EU27","2001","N14 O_AviCruise","NMVOC","Gg","9.96230919828222"
"EU27","2001","N14 P_IntShipping","NMVOC","Gg","48.9663296112638"
"EU27","2001","N14 N_Natural","NMVOC","Gg","2247.91219596468"
"EU27","2001","N14 z_Memo","NMVOC","Gg","1443.48785919286"
"BE","2009","N14 A_PublicPower","NMVOC","Gg","0.536363292979192"
"BE","2009","N14 B_Industry","NMVOC","Gg","20.3717255466422"
"BE","2009","N14 C_OtherStatComb","NMVOC","Gg","15.0981465225239"
"BE","2009","N14 D_Fugitive","NMVOC","Gg","8.89442482512604"
"BE","2009","N14 E_Solvents","NMVOC","Gg","48.2310603205325"
"BE","2009","N14 F_RoadTransport","NMVOC","Gg","13.1838136164563"
"BE","2009","N14 G_Shipping","NMVOC","Gg","0.255009008808615"
"BE","2009","N14 H_Aviation","NMVOC","Gg","0.160320580855371"
"BE","2009","N14 I_Offroad","NMVOC","Gg","5.08847932975246"
"BE","2009","N14 J_Waste","NMVOC","Gg","1.16966422423398"
"BE","2009","N14 K_AgriLivestock","NMVOC","Gg","24.266581661"
"BE","2009","N14 L_AgriOther","NMVOC","Gg","1.2151318814"
"BE","2009","N14 M_Other","NMVOC","Gg","0"
"BE","2009","N14 O_AviCruise","NMVOC","Gg","0.803441827128039"
"BE","2009","N14 P_IntShipping","NMVOC","Gg","0.700500755435035"
"BE","2009","N14 N_Natural","NMVOC","Gg","49.4129595819"
"BE","2009","N14 z_Memo","NMVOC","Gg","11.877691152743"
"TR","2006","N14 A_PublicPower","NMVOC","Gg","1.86118193834228"
"TR","2006","N14 B_Industry","NMVOC","Gg","124.459475017353"
"TR","2006","N14 C_OtherStatComb","NMVOC","Gg","197.423455387542"
"TR","2006","N14 D_Fugitive","NMVOC","Gg","0"
"TR","2006","N14 E_Solvents","NMVOC","Gg","224.381846233256"
"TR","2006","N14 F_RoadTransport","NMVOC","Gg","58.6813601531649"
"TR","2006","N14 G_Shipping","NMVOC","Gg","1.23282"
"TR","2006","N14 H_Aviation","NMVOC","Gg","2.63963030158483"
"TR","2006","N14 I_Offroad","NMVOC","Gg","1.0069487743"
"TR","2006","N14 J_Waste","NMVOC","Gg","38.88492921"
"TR","2006","N14 K_AgriLivestock","NMVOC","Gg","164.7406561825"
"TR","2006","N14 L_AgriOther","NMVOC","Gg","179.73907869636"
"TR","2006","N14 M_Other","NMVOC","Gg","0"
"TR","2006","N14 O_AviCruise","NMVOC","Gg","0.724916951207427"
"TR","2006","N14 P_IntShipping","NMVOC","Gg","0"
"TR","2006","N14 N_Natural","NMVOC","Gg","0"
"CA","2014","N14 A_PublicPower","NMVOC","Gg","1.34094232191042"
"CA","2014","N14 B_Industry","NMVOC","Gg","139.002102341962"
"CA","2014","N14 C_OtherStatComb","NMVOC","Gg","234.780645297372"
"CA","2014","N14 D_Fugitive","NMVOC","Gg","782.837271079518"
"CA","2014","N14 E_Solvents","NMVOC","Gg","322.757136322989"
"CA","2014","N14 F_RoadTransport","NMVOC","Gg","151.980575878867"
"CA","2014","N14 G_Shipping","NMVOC","Gg","8.22239692726637"
"CA","2014","N14 H_Aviation","NMVOC","Gg","2.62090260909055"
"CA","2014","N14 I_Offroad","NMVOC","Gg","167.816352297004"
"CA","2014","N14 J_Waste","NMVOC","Gg","10.831267427253"
"CA","2014","N14 K_AgriLivestock","NMVOC","Gg","115.18469845194"
"CA","2014","N14 L_AgriOther","NMVOC","Gg","2.97876424951383"
"CA","2014","N14 M_Other","NMVOC","Gg","8.08915938889264"
"CA","2014","N14 O_AviCruise","NMVOC","Gg","3.48399253386278"
"CA","2014","N14 P_IntShipping","NMVOC","Gg","0"
"CA","2014","N14 N_Natural","NMVOC","Gg","0"
"CA","2014","N14 z_Memo","NMVOC","Gg","0"
"PL","1995","N14 A_PublicPower","NMVOC","Gg","2.09195035"
"PL","1995","N14 B_Industry","NMVOC","Gg","101.871382327637"
"PL","1995","N14 C_OtherStatComb","NMVOC","Gg","193.8618891986"
"PL","1995","N14 D_Fugitive","NMVOC","Gg","54.4950845621419"
"PL","1995","N14 E_Solvents","NMVOC","Gg","141.349137313383"
"PL","1995","N14 F_RoadTransport","NMVOC","Gg","171.957984320888"
"PL","1995","N14 G_Shipping","NMVOC","Gg","0.0798001632256168"
"PL","1995","N14 H_Aviation","NMVOC","Gg","0.0294767232732198"
"PL","1995","N14 I_Offroad","NMVOC","Gg","10.6265748492462"
"PL","1995","N14 J_Waste","NMVOC","Gg","18.9786959000828"
"PL","1995","N14 K_AgriLivestock","NMVOC","Gg","121.039065642892"
"PL","1995","N14 L_AgriOther","NMVOC","Gg","8.8188730129995"
"PL","1995","N14 M_Other","NMVOC","Gg","0"
"PL","1995","N14 O_AviCruise","NMVOC","Gg","0.228317627804743"
"PL","1995","N14 P_IntShipping","NMVOC","Gg","0.3861"
"PL","1995","N14 N_Natural","NMVOC","Gg","225.851245226598"
"PL","1995","N14 z_Memo","NMVOC","Gg","0"
"MT","2003","N14 A_PublicPower","NMVOC","Gg","0.13"
"MT","2003","N14 B_Industry","NMVOC","Gg","0.266924037395349"
"MT","2003","N14 C_OtherStatComb","NMVOC","Gg","0.031621137448"
"MT","2003","N14 D_Fugitive","NMVOC","Gg","0.14"
"MT","2003","N14 E_Solvents","NMVOC","Gg","1.8094744"
"MT","2003","N14 F_RoadTransport","NMVOC","Gg","1.07210744949491"
"MT","2003","N14 G_Shipping","NMVOC","Gg","0.053664438982"
"MT","2003","N14 H_Aviation","NMVOC","Gg","0.02128623"
"MT","2003","N14 I_Offroad","NMVOC","Gg","0.0064388700642"
"MT","2003","N14 J_Waste","NMVOC","Gg","0.00075072"
"MT","2003","N14 K_AgriLivestock","NMVOC","Gg","0"
"MT","2003","N14 L_AgriOther","NMVOC","Gg","0"
"MT","2003","N14 M_Other","NMVOC","Gg","0.002943"
"MT","2003","N14 O_AviCruise","NMVOC","Gg","0.0072962637"
"MT","2003","N14 P_IntShipping","NMVOC","Gg","0.1913207413495"
"BE","2005","N14 A_PublicPower","NMVOC","Gg","0.563866444561289"
"BE","2005","N14 B_Industry","NMVOC","Gg","26.0618131054072"
"BE","2005","N14 C_OtherStatComb","NMVOC","Gg","11.8726972376161"
"BE","2005","N14 D_Fugitive","NMVOC","Gg","14.5167830612777"
"BE","2005","N14 E_Solvents","NMVOC","Gg","64.6430098830764"
"BE","2005","N14 F_RoadTransport","NMVOC","Gg","20.6123900110072"
"BE","2005","N14 G_Shipping","NMVOC","Gg","0.380851543172115"
"BE","2005","N14 H_Aviation","NMVOC","Gg","0.152154492590686"
"BE","2005","N14 I_Offroad","NMVOC","Gg","5.40119234427215"
"BE","2005","N14 J_Waste","NMVOC","Gg","1.73269863080812"
"BE","2005","N14 K_AgriLivestock","NMVOC","Gg","24.6141881637983"
"BE","2005","N14 L_AgriOther","NMVOC","Gg","1.2202145876"
"BE","2005","N14 M_Other","NMVOC","Gg","0"
"BE","2005","N14 O_AviCruise","NMVOC","Gg","0.44190598499163"
"BE","2005","N14 P_IntShipping","NMVOC","Gg","0.880903556642302"
"BE","2005","N14 N_Natural","NMVOC","Gg","49.9489540409"
"BE","2005","N14 z_Memo","NMVOC","Gg","19.0377562924459"
"MT","2008","N14 A_PublicPower","NMVOC","Gg","0.052937516031213"
"MT","2008","N14 B_Industry","NMVOC","Gg","0.139931022319256"
"MT","2008","N14 C_OtherStatComb","NMVOC","Gg","0.0178724166876408"
"MT","2008","N14 D_Fugitive","NMVOC","Gg","0.14"
"MT","2008","N14 E_Solvents","NMVOC","Gg","0.49173076"
"MT","2008","N14 F_RoadTransport","NMVOC","Gg","1.99644614843014"
"MT","2008","N14 G_Shipping","NMVOC","Gg","0.000104493326720914"
"MT","2008","N14 H_Aviation","NMVOC","Gg","0.03167017"
"MT","2008","N14 I_Offroad","NMVOC","Gg","0.0201070516514"
"MT","2008","N14 J_Waste","NMVOC","Gg","0.44405685"
"MT","2008","N14 K_AgriLivestock","NMVOC","Gg","0.546193587784698"
"MT","2008","N14 L_AgriOther","NMVOC","Gg","0.000318386808510638"
"MT","2008","N14 M_Other","NMVOC","Gg","0.003288"
"MT","2008","N14 O_AviCruise","NMVOC","Gg","0.0080516875"
"MT","2008","N14 P_IntShipping","NMVOC","Gg","1.00197482517765e-11"
"FI","1980","N14 A_PublicPower","NMVOC","Gg","0"
"FI","1980","N14 B_Industry","NMVOC","Gg","0"
"FI","1980","N14 C_OtherStatComb","NMVOC","Gg","0"
"FI","1980","N14 D_Fugitive","NMVOC","Gg","0"
"FI","1980","N14 E_Solvents","NMVOC","Gg","0"
"FI","1980","N14 F_RoadTransport","NMVOC","Gg","59.9569518464398"
"FI","1980","N14 G_Shipping","NMVOC","Gg","9.639"
"FI","1980","N14 H_Aviation","NMVOC","Gg","0.0627264631075016"
"FI","1980","N14 I_Offroad","NMVOC","Gg","18.0063473570279"
"FI","1980","N14 J_Waste","NMVOC","Gg","0"
"FI","1980","N14 K_AgriLivestock","NMVOC","Gg","16.0404010850599"
"FI","1980","N14 L_AgriOther","NMVOC","Gg","4.90894900969827"
"FI","1980","N14 M_Other","NMVOC","Gg","0"
"FI","1980","N14 O_AviCruise","NMVOC","Gg","0.0997137603782477"
"FI","1980","N14 P_IntShipping","NMVOC","Gg","0"
"FI","1980","N14 N_Natural","NMVOC","Gg","0"
"FI","1980","N14 z_Memo","NMVOC","Gg","0"
"DK","2006","N14 A_PublicPower","NMVOC","Gg","2.47488514490759"
"DK","2006","N14 B_Industry","NMVOC","Gg","4.27743689986904"
"DK","2006","N14 C_OtherStatComb","NMVOC","Gg","17.2142503404719"
"DK","2006","N14 D_Fugitive","NMVOC","Gg","16.750879748003"
"DK","2006","N14 E_Solvents","NMVOC","Gg","30.7855778038383"
"DK","2006","N14 F_RoadTransport","NMVOC","Gg","22.5853701745116"
"DK","2006","N14 G_Shipping","NMVOC","Gg","0.496217616690723"
"DK","2006","N14 H_Aviation","NMVOC","Gg","0.19752079366091"
"DK","2006","N14 I_Offroad","NMVOC","Gg","8.10055430344401"
"DK","2006","N14 J_Waste","NMVOC","Gg","0.475172511087218"
"DK","2006","N14 K_AgriLivestock","NMVOC","Gg","34.8087834733609"
"DK","2006","N14 L_AgriOther","NMVOC","Gg","1.504382375"
"DK","2006","N14 M_Other","NMVOC","Gg","0"
"DK","2006","N14 O_AviCruise","NMVOC","Gg","0.155985032687756"
"DK","2006","N14 P_IntShipping","NMVOC","Gg","2.41770725773671"
"DK","2006","N14 N_Natural","NMVOC","Gg","0"
"DK","2006","N14 z_Memo","NMVOC","Gg","0"
"IE","2011","N14 A_PublicPower","NMVOC","Gg","0.310327850297891"
"IE","2011","N14 B_Industry","NMVOC","Gg","20.4789313200258"
"IE","2011","N14 C_OtherStatComb","NMVOC","Gg","10.5201130277003"
"IE","2011","N14 D_Fugitive","NMVOC","Gg","5.45638588519154"
"IE","2011","N14 E_Solvents","NMVOC","Gg","19.3031786637218"
"IE","2011","N14 F_RoadTransport","NMVOC","Gg","8.20772838166524"
"IE","2011","N14 G_Shipping","NMVOC","Gg","0.151639449819325"
"IE","2011","N14 H_Aviation","NMVOC","Gg","0.12109652208915"
"IE","2011","N14 I_Offroad","NMVOC","Gg","0.709435442367253"
"IE","2011","N14 J_Waste","NMVOC","Gg","0.334846227320627"
"IE","2011","N14 K_AgriLivestock","NMVOC","Gg","37.5167972019338"
"IE","2011","N14 L_AgriOther","NMVOC","Gg","3.91773"
"IE","2011","N14 M_Other","NMVOC","Gg","0"
"IE","2011","N14 O_AviCruise","NMVOC","Gg","0.300662091806884"
"IE","2011","N14 P_IntShipping","NMVOC","Gg","0.2930906582939"
"IE","2011","N14 N_Natural","NMVOC","Gg","0"
"IE","2011","N14 z_Memo","NMVOC","Gg","8.5122667190761"
"ES","2013","N14 A_PublicPower","NMVOC","Gg","4.03366201434094"
"ES","2013","N14 B_Industry","NMVOC","Gg","71.3035674477347"
"ES","2013","N14 C_OtherStatComb","NMVOC","Gg","42.734564275"
"ES","2013","N14 D_Fugitive","NMVOC","Gg","25.89867057449"
"ES","2013","N14 E_Solvents","NMVOC","Gg","244.375773129975"
"ES","2013","N14 F_RoadTransport","NMVOC","Gg","26.860872213"
"ES","2013","N14 G_Shipping","NMVOC","Gg","0.750012278"
"ES","2013","N14 H_Aviation","NMVOC","Gg","0.645859269387518"
"ES","2013","N14 I_Offroad","NMVOC","Gg","7.913013337"
"ES","2013","N14 J_Waste","NMVOC","Gg","6.268881690635"
"ES","2013","N14 K_AgriLivestock","NMVOC","Gg","51.242387305"
"ES","2013","N14 L_AgriOther","NMVOC","Gg","81.526817689"
"ES","2013","N14 M_Other","NMVOC","Gg","0"
"ES","2013","N14 O_AviCruise","NMVOC","Gg","1.24058860951988"
"ES","2013","N14 P_IntShipping","NMVOC","Gg","17.153571207"
"ES","2013","N14 N_Natural","NMVOC","Gg","0"
"ES","2013","N14 z_Memo","NMVOC","Gg","0"
"LI","2014","N14 A_PublicPower","NMVOC","Gg","7.97474540736e-05"
"LI","2014","N14 B_Industry","NMVOC","Gg","0.0166430566380336"
"LI","2014","N14 C_OtherStatComb","NMVOC","Gg","0.0109315615999119"
"LI","2014","N14 D_Fugitive","NMVOC","Gg","0.0046953615443"
"LI","2014","N14 E_Solvents","NMVOC","Gg","0.172566961924566"
"LI","2014","N14 F_RoadTransport","NMVOC","Gg","0.0163037031633727"
"LI","2014","N14 G_Shipping","NMVOC","Gg","0"
"LI","2014","N14 H_Aviation","NMVOC","Gg","5.94e-06"
"LI","2014","N14 I_Offroad","NMVOC","Gg","0.0374743990531111"
"LI","2014","N14 J_Waste","NMVOC","Gg","0.00444001757875207"
"LI","2014","N14 K_AgriLivestock","NMVOC","Gg","0.055690999"
"LI","2014","N14 L_AgriOther","NMVOC","Gg","3.7342142e-14"
"LI","2014","N14 M_Other","NMVOC","Gg","0"
"LV","1999","N14 A_PublicPower","NMVOC","Gg","0.125100907711116"
"LV","1999","N14 B_Industry","NMVOC","Gg","3.6029476765032"
"LV","1999","N14 C_OtherStatComb","NMVOC","Gg","14.5566943134478"
"LV","1999","N14 D_Fugitive","NMVOC","Gg","2.625794"
"LV","1999","N14 E_Solvents","NMVOC","Gg","8.57846018820337"
"LV","1999","N14 F_RoadTransport","NMVOC","Gg","12.7735876712729"
"LV","1999","N14 G_Shipping","NMVOC","Gg","0.0139170107801358"
"LV","1999","N14 H_Aviation","NMVOC","Gg","0.030838653935969"
"LV","1999","N14 I_Offroad","NMVOC","Gg","1.01334298584389"
"LV","1999","N14 J_Waste","NMVOC","Gg","0.918048123949998"
"LV","1999","N14 K_AgriLivestock","NMVOC","Gg","5.36930881583804"
"LV","1999","N14 L_AgriOther","NMVOC","Gg","0.87588"
"LV","1999","N14 M_Other","NMVOC","Gg","0"
"LV","1999","N14 O_AviCruise","NMVOC","Gg","0.032775905514031"
"LV","1999","N14 P_IntShipping","NMVOC","Gg","0.028"
"LV","1999","N14 N_Natural","NMVOC","Gg","0.772"
"LV","1999","N14 z_Memo","NMVOC","Gg","0"
"EU15","2008","N14 A_PublicPower","NMVOC","Gg","30.8127880792225"
"EU15","2008","N14 B_Industry","NMVOC","Gg","497.259057835053"
"EU15","2008","N14 C_OtherStatComb","NMVOC","Gg","673.121965662949"
"EU15","2008","N14 D_Fugitive","NMVOC","Gg","520.310942067791"
"EU15","2008","N14 E_Solvents","NMVOC","Gg","2621.36180420557"
"EU15","2008","N14 F_RoadTransport","NMVOC","Gg","871.409846446406"
"EU15","2008","N14 G_Shipping","NMVOC","Gg","75.8745101519268"
"EU15","2008","N14 H_Aviation","NMVOC","Gg","8.42354975701985"
"EU15","2008","N14 I_Offroad","NMVOC","Gg","217.940015142747"
"EU15","2008","N14 J_Waste","NMVOC","Gg","50.400428856785"
"EU15","2008","N14 K_AgriLivestock","NMVOC","Gg","663.632048811973"
"EU15","2008","N14 L_AgriOther","NMVOC","Gg","191.653666701396"
"EU15","2008","N14 M_Other","NMVOC","Gg","1.879454819098"
"EU15","2008","N14 O_AviCruise","NMVOC","Gg","11.3794449970095"
"EU15","2008","N14 P_IntShipping","NMVOC","Gg","61.0101459470976"
"EU15","2008","N14 N_Natural","NMVOC","Gg","2084.81331807322"
"EU15","2008","N14 z_Memo","NMVOC","Gg","1386.19245796322"
"LT","2006","N14 A_PublicPower","NMVOC","Gg","0.363090062033443"
"LT","2006","N14 B_Industry","NMVOC","Gg","6.52145970974158"
"LT","2006","N14 C_OtherStatComb","NMVOC","Gg","12.8840701948"
"LT","2006","N14 D_Fugitive","NMVOC","Gg","3.38296389389367"
"LT","2006","N14 E_Solvents","NMVOC","Gg","9.76625833511456"
"LT","2006","N14 F_RoadTransport","NMVOC","Gg","10.95965568"
"LT","2006","N14 G_Shipping","NMVOC","Gg","0.0170508632757816"
"LT","2006","N14 H_Aviation","NMVOC","Gg","0.0081242"
"LT","2006","N14 I_Offroad","NMVOC","Gg","1.39778357972194"
"LT","2006","N14 J_Waste","NMVOC","Gg","2.127404586"
"LT","2006","N14 K_AgriLivestock","NMVOC","Gg","12.1189536112805"
"LT","2006","N14 L_AgriOther","NMVOC","Gg","1.90105928"
"LT","2006","N14 M_Other","NMVOC","Gg","0"
"EU28","2002","N14 A_PublicPower","NMVOC","Gg","41.5027281287904"
"EU28","2002","N14 B_Industry","NMVOC","Gg","729.658169230616"
"EU28","2002","N14 C_OtherStatComb","NMVOC","Gg","1056.01623893004"
"EU28","2002","N14 D_Fugitive","NMVOC","Gg","916.228904491274"
"EU28","2002","N14 E_Solvents","NMVOC","Gg","3597.80244632616"
"EU28","2002","N14 F_RoadTransport","NMVOC","Gg","2243.99911660449"
"EU28","2002","N14 G_Shipping","NMVOC","Gg","98.524385822046"
"EU28","2002","N14 H_Aviation","NMVOC","Gg","9.17453754406263"
"EU28","2002","N14 I_Offroad","NMVOC","Gg","350.110995014285"
"EU28","2002","N14 J_Waste","NMVOC","Gg","105.936479076384"
"EU28","2002","N14 K_AgriLivestock","NMVOC","Gg","908.265502617509"
"EU28","2002","N14 L_AgriOther","NMVOC","Gg","224.702795070965"
"EU28","2002","N14 M_Other","NMVOC","Gg","1.962299572623"
"EU28","2002","N14 O_AviCruise","NMVOC","Gg","9.68871703266764"
"EU28","2002","N14 P_IntShipping","NMVOC","Gg","49.0448600781862"
"EU28","2002","N14 N_Natural","NMVOC","Gg","2260.48143533381"
"EU28","2002","N14 z_Memo","NMVOC","Gg","1406.18506538843"
"EU15","1994","N14 A_PublicPower","NMVOC","Gg","25.7460170696097"
"EU15","1994","N14 B_Industry","NMVOC","Gg","752.510966883235"
"EU15","1994","N14 C_OtherStatComb","NMVOC","Gg","945.093350710246"
"EU15","1994","N14 D_Fugitive","NMVOC","Gg","1254.75705756624"
"EU15","1994","N14 E_Solvents","NMVOC","Gg","3555.87541721334"
"EU15","1994","N14 F_RoadTransport","NMVOC","Gg","3984.6457431666"
"EU15","1994","N14 G_Shipping","NMVOC","Gg","96.3294572188735"
"EU15","1994","N14 H_Aviation","NMVOC","Gg","10.4908928304542"
"EU15","1994","N14 I_Offroad","NMVOC","Gg","335.846151401772"
"EU15","1994","N14 J_Waste","NMVOC","Gg","59.2605821100293"
"EU15","1994","N14 K_AgriLivestock","NMVOC","Gg","716.762549851958"
"EU15","1994","N14 L_AgriOther","NMVOC","Gg","207.84985119588"
"EU15","1994","N14 M_Other","NMVOC","Gg","1.320649103806"
"EU15","1994","N14 O_AviCruise","NMVOC","Gg","8.27987220768911"
"EU15","1994","N14 P_IntShipping","NMVOC","Gg","35.1425283824816"
"EU15","1994","N14 N_Natural","NMVOC","Gg","1987.00246057148"
"EU15","1994","N14 z_Memo","NMVOC","Gg","1486.81816051369"
"CY","2013","N14 A_PublicPower","NMVOC","Gg","0.06268576761526"
"CY","2013","N14 B_Industry","NMVOC","Gg","0.274630547430374"
"CY","2013","N14 C_OtherStatComb","NMVOC","Gg","0.0526915968328"
"CY","2013","N14 D_Fugitive","NMVOC","Gg","0.86612717195923"
"CY","2013","N14 E_Solvents","NMVOC","Gg","7.3236415038302"
"CY","2013","N14 F_RoadTransport","NMVOC","Gg","2.64211258808486"
"CY","2013","N14 G_Shipping","NMVOC","Gg","0.0132516921483206"
"CY","2013","N14 H_Aviation","NMVOC","Gg","0.0222832511666458"
"CY","2013","N14 I_Offroad","NMVOC","Gg","0.0431574690714727"
"CY","2013","N14 J_Waste","NMVOC","Gg","0.660876870325161"
"CY","2013","N14 K_AgriLivestock","NMVOC","Gg","0.889642564963124"
"CY","2013","N14 L_AgriOther","NMVOC","Gg","0.027412"
"CY","2013","N14 M_Other","NMVOC","Gg","0"
"CY","2013","N14 O_AviCruise","NMVOC","Gg","0.0835734902397286"
"CY","2013","N14 P_IntShipping","NMVOC","Gg","0.0481026610932157"
"CY","2013","N14 N_Natural","NMVOC","Gg","0"
"CY","2013","N14 z_Memo","NMVOC","Gg","2.67764753139983"
"IS","1992","N14 A_PublicPower","NMVOC","Gg","0.00033754652"
"IS","1992","N14 B_Industry","NMVOC","Gg","0.409500777532046"
"IS","1992","N14 C_OtherStatComb","NMVOC","Gg","0.00438178811240207"
"IS","1992","N14 D_Fugitive","NMVOC","Gg","0.196216807877046"
"IS","1992","N14 E_Solvents","NMVOC","Gg","1.239894762786"
"IS","1992","N14 F_RoadTransport","NMVOC","Gg","9.83948634379479"
"IS","1992","N14 G_Shipping","NMVOC","Gg","0.0490474"
"IS","1992","N14 H_Aviation","NMVOC","Gg","0.0722612191638054"
"IS","1992","N14 I_Offroad","NMVOC","Gg","0.807873116775991"
"IS","1992","N14 J_Waste","NMVOC","Gg","0.576662946922088"
"IS","1992","N14 K_AgriLivestock","NMVOC","Gg","1.90782720443133"
"IS","1992","N14 L_AgriOther","NMVOC","Gg","6.49685550511833e-08"
"IS","1992","N14 M_Other","NMVOC","Gg","0"
"IS","1992","N14 O_AviCruise","NMVOC","Gg","0.0879277108361946"
"IS","1992","N14 P_IntShipping","NMVOC","Gg","0.010251781224009"
"IS","1992","N14 N_Natural","NMVOC","Gg","0"
"IS","1992","N14 z_Memo","NMVOC","Gg","0"
"DK","2015","N14 A_PublicPower","NMVOC","Gg","0.776878489031197"
"DK","2015","N14 B_Industry","NMVOC","Gg","3.85922250708196"
"DK","2015","N14 C_OtherStatComb","NMVOC","Gg","14.0262044223001"
"DK","2015","N14 D_Fugitive","NMVOC","Gg","9.24331573974509"
"DK","2015","N14 E_Solvents","NMVOC","Gg","27.2480187616248"
"DK","2015","N14 F_RoadTransport","NMVOC","Gg","7.96228878282424"
"DK","2015","N14 G_Shipping","NMVOC","Gg","0.393047447386276"
"DK","2015","N14 H_Aviation","NMVOC","Gg","0.157076280325787"
"DK","2015","N14 I_Offroad","NMVOC","Gg","4.59992448210519"
"DK","2015","N14 J_Waste","NMVOC","Gg","0.518781813328281"
"DK","2015","N14 K_AgriLivestock","NMVOC","Gg","35.7903094766685"
"DK","2015","N14 L_AgriOther","NMVOC","Gg","2.12565144675"
"DK","2015","N14 M_Other","NMVOC","Gg","0"
"DK","2015","N14 O_AviCruise","NMVOC","Gg","0.177406682377563"
"DK","2015","N14 P_IntShipping","NMVOC","Gg","1.85283272711916"
"DK","2015","N14 N_Natural","NMVOC","Gg","0"
"DK","2015","N14 z_Memo","NMVOC","Gg","0"
"IE","1995","N14 A_PublicPower","NMVOC","Gg","0.25174610894696"
"IE","1995","N14 B_Industry","NMVOC","Gg","11.5221347564845"
"IE","1995","N14 C_OtherStatComb","NMVOC","Gg","18.4896555045268"
"IE","1995","N14 D_Fugitive","NMVOC","Gg","4.06529405484986"
"IE","1995","N14 E_Solvents","NMVOC","Gg","23.8269310785603"
"IE","1995","N14 F_RoadTransport","NMVOC","Gg","31.3354403022345"
"IE","1995","N14 G_Shipping","NMVOC","Gg","0.079"
"IE","1995","N14 H_Aviation","NMVOC","Gg","0.102371891548465"
"IE","1995","N14 I_Offroad","NMVOC","Gg","1.86345469134221"
"IE","1995","N14 J_Waste","NMVOC","Gg","1.21113905232328"
"IE","1995","N14 K_AgriLivestock","NMVOC","Gg","39.1554637289922"
"IE","1995","N14 L_AgriOther","NMVOC","Gg","3.77411"
"IE","1995","N14 M_Other","NMVOC","Gg","0"
"IE","1995","N14 O_AviCruise","NMVOC","Gg","0.141208377747849"
"IE","1995","N14 P_IntShipping","NMVOC","Gg","0.3226"
"IE","1995","N14 N_Natural","NMVOC","Gg","0"
"IE","1995","N14 z_Memo","NMVOC","Gg","32.0046004904585"
"EU09","2017","N14 A_PublicPower","NMVOC","Gg","16.4359901501864"
"EU09","2017","N14 B_Industry","NMVOC","Gg","353.109123228929"
"EU09","2017","N14 C_OtherStatComb","NMVOC","Gg","470.892016525657"
"EU09","2017","N14 D_Fugitive","NMVOC","Gg","310.539657084894"
"EU09","2017","N14 E_Solvents","NMVOC","Gg","1701.74582405342"
"EU09","2017","N14 F_RoadTransport","NMVOC","Gg","340.291312505854"
"EU09","2017","N14 G_Shipping","NMVOC","Gg","37.3722370294164"
"EU09","2017","N14 H_Aviation","NMVOC","Gg","5.313322439359"
"EU09","2017","N14 I_Offroad","NMVOC","Gg","94.597344668129"
"EU09","2017","N14 J_Waste","NMVOC","Gg","29.8807416181106"
"EU09","2017","N14 K_AgriLivestock","NMVOC","Gg","572.34549931587"
"EU09","2017","N14 L_AgriOther","NMVOC","Gg","79.5220179418348"
"EU09","2017","N14 M_Other","NMVOC","Gg","1.978691906406"
"EU09","2017","N14 O_AviCruise","NMVOC","Gg","8.6802962269466"
"EU09","2017","N14 P_IntShipping","NMVOC","Gg","25.5964930486785"
"EU09","2017","N14 N_Natural","NMVOC","Gg","1716.08741777438"
"EU09","2017","N14 z_Memo","NMVOC","Gg","1610.85734270279"
"EU28","2014","N14 A_PublicPower","NMVOC","Gg","39.3582837286208"
"EU28","2014","N14 B_Industry","NMVOC","Gg","636.078076978517"
"EU28","2014","N14 C_OtherStatComb","NMVOC","Gg","982.975846204467"
"EU28","2014","N14 D_Fugitive","NMVOC","Gg","492.179494181476"
"EU28","2014","N14 E_Solvents","NMVOC","Gg","2603.4330179005"
"EU28","2014","N14 F_RoadTransport","NMVOC","Gg","645.953193624385"
"EU28","2014","N14 G_Shipping","NMVOC","Gg","47.3759558198229"
"EU28","2014","N14 H_Aviation","NMVOC","Gg","7.6895272152585"
"EU28","2014","N14 I_Offroad","NMVOC","Gg","171.542068761357"
"EU28","2014","N14 J_Waste","NMVOC","Gg","69.3870092636899"
"EU28","2014","N14 K_AgriLivestock","NMVOC","Gg","865.281674131132"
"EU28","2014","N14 L_AgriOther","NMVOC","Gg","219.62484225642"
"EU28","2014","N14 M_Other","NMVOC","Gg","1.926175197885"
"EU28","2014","N14 O_AviCruise","NMVOC","Gg","11.9408365249624"
"EU28","2014","N14 P_IntShipping","NMVOC","Gg","50.9518335876574"
"EU28","2014","N14 N_Natural","NMVOC","Gg","2451.59237434987"
"EU28","2014","N14 z_Memo","NMVOC","Gg","1512.6323195615"
"AZ","2013","N14 A_PublicPower","NMVOC","Gg","0.55301137"
"AZ","2013","N14 B_Industry","NMVOC","Gg","13.6405563"
"AZ","2013","N14 C_OtherStatComb","NMVOC","Gg","2.40089938"
"AZ","2013","N14 D_Fugitive","NMVOC","Gg","14.38885"
"AZ","2013","N14 E_Solvents","NMVOC","Gg","13.971024"
"AZ","2013","N14 F_RoadTransport","NMVOC","Gg","14.4942202852437"
"AZ","2013","N14 G_Shipping","NMVOC","Gg","0.31276"
"AZ","2013","N14 H_Aviation","NMVOC","Gg","0"
"AZ","2013","N14 I_Offroad","NMVOC","Gg","2.48828230882353"
"AZ","2013","N14 J_Waste","NMVOC","Gg","0.00487336"
"AZ","2013","N14 K_AgriLivestock","NMVOC","Gg","25.244254803"
"AZ","2013","N14 M_Other","NMVOC","Gg","0"
"AZ","2013","N14 O_AviCruise","NMVOC","Gg","0"
"AZ","2013","N14 P_IntShipping","NMVOC","Gg","0"
"AZ","2013","N14 N_Natural","NMVOC","Gg","0"
"AZ","2013","N14 z_Memo","NMVOC","Gg","25.340700106"
"EU27","2002","N14 A_PublicPower","NMVOC","Gg","41.1892231280052"
"EU27","2002","N14 B_Industry","NMVOC","Gg","720.430507252441"
"EU27","2002","N14 C_OtherStatComb","NMVOC","Gg","1033.65774149285"
"EU27","2002","N14 D_Fugitive","NMVOC","Gg","910.729280354176"
"EU27","2002","N14 E_Solvents","NMVOC","Gg","3567.41127701467"
"EU27","2002","N14 F_RoadTransport","NMVOC","Gg","2220.70686270418"
"EU27","2002","N14 G_Shipping","NMVOC","Gg","98.242373717176"
"EU27","2002","N14 H_Aviation","NMVOC","Gg","9.16590806349763"
"EU27","2002","N14 I_Offroad","NMVOC","Gg","347.652723548184"
"EU27","2002","N14 J_Waste","NMVOC","Gg","103.468909103744"
"EU27","2002","N14 K_AgriLivestock","NMVOC","Gg","899.654500764569"
"EU27","2002","N14 L_AgriOther","NMVOC","Gg","223.687016390965"
"EU27","2002","N14 M_Other","NMVOC","Gg","1.962299572623"
"EU27","2002","N14 O_AviCruise","NMVOC","Gg","9.66226512036764"
"EU27","2002","N14 P_IntShipping","NMVOC","Gg","48.9797597789062"
"EU27","2002","N14 N_Natural","NMVOC","Gg","2259.94203533381"
"EU27","2002","N14 z_Memo","NMVOC","Gg","1406.18506538843"
"LI","1990","N14 A_PublicPower","NMVOC","Gg","5.320124928e-05"
"LI","1990","N14 B_Industry","NMVOC","Gg","0.0362027317463226"
"LI","1990","N14 C_OtherStatComb","NMVOC","Gg","0.0115699600695755"
"LI","1990","N14 D_Fugitive","NMVOC","Gg","0.04856796"
"LI","1990","N14 E_Solvents","NMVOC","Gg","0.629531661275927"
"LI","1990","N14 F_RoadTransport","NMVOC","Gg","0.436430100760143"
"LI","1990","N14 G_Shipping","NMVOC","Gg","0"
"LI","1990","N14 H_Aviation","NMVOC","Gg","7.1844e-06"
"LI","1990","N14 I_Offroad","NMVOC","Gg","0.0244784181054911"
"LI","1990","N14 J_Waste","NMVOC","Gg","0.00663576312933887"
"LI","1990","N14 K_AgriLivestock","NMVOC","Gg","0.061796021"
"LI","1990","N14 L_AgriOther","NMVOC","Gg","3.51678e-14"
"LI","1990","N14 M_Other","NMVOC","Gg","0"
"CH","2003","N14 A_PublicPower","NMVOC","Gg","0.203567630937967"
"CH","2003","N14 B_Industry","NMVOC","Gg","8.07988435712675"
"CH","2003","N14 C_OtherStatComb","NMVOC","Gg","5.47515293482577"
"CH","2003","N14 D_Fugitive","NMVOC","Gg","6.28031597524779"
"CH","2003","N14 E_Solvents","NMVOC","Gg","48.3182358652788"
"CH","2003","N14 F_RoadTransport","NMVOC","Gg","24.0724226736674"
"CH","2003","N14 G_Shipping","NMVOC","Gg","0.751154002607841"
"CH","2003","N14 H_Aviation","NMVOC","Gg","0.227817309032905"
"CH","2003","N14 I_Offroad","NMVOC","Gg","6.44725501553195"
"CH","2003","N14 J_Waste","NMVOC","Gg","0.75254377744846"
"CH","2003","N14 K_AgriLivestock","NMVOC","Gg","17.3325660635798"
"CH","2003","N14 L_AgriOther","NMVOC","Gg","0.4718160408414"
"CH","2003","N14 M_Other","NMVOC","Gg","0.199923304565013"
"CH","2003","N14 O_AviCruise","NMVOC","Gg","0.424095970840988"
"CH","2003","N14 P_IntShipping","NMVOC","Gg","0.168243163853441"
"CH","2003","N14 N_Natural","NMVOC","Gg","75.6134048111532"
"CH","2003","N14 z_Memo","NMVOC","Gg","23.2419693713699"
"NL","2009","N14 A_PublicPower","NMVOC","Gg","0.408826685"
"NL","2009","N14 B_Industry","NMVOC","Gg","25.68137691"
"NL","2009","N14 C_OtherStatComb","NMVOC","Gg","13.206949694"
"NL","2009","N14 D_Fugitive","NMVOC","Gg","13.833449682"
"NL","2009","N14 E_Solvents","NMVOC","Gg","74.547570685"
"NL","2009","N14 F_RoadTransport","NMVOC","Gg","36.584029241"
"NL","2009","N14 G_Shipping","NMVOC","Gg","1.356099126"
"NL","2009","N14 H_Aviation","NMVOC","Gg","0.267316582"
"NL","2009","N14 I_Offroad","NMVOC","Gg","8.179720845"
"NL","2009","N14 J_Waste","NMVOC","Gg","1.650745172"
"NL","2009","N14 K_AgriLivestock","NMVOC","Gg","58.302665832"
"NL","2009","N14 L_AgriOther","NMVOC","Gg","23.515645348"
"NL","2009","N14 M_Other","NMVOC","Gg","0.409715564"
"NL","2009","N14 O_AviCruise","NMVOC","Gg","0"
"NL","2009","N14 P_IntShipping","NMVOC","Gg","3.256224142"
"NL","2009","N14 N_Natural","NMVOC","Gg","0"
"NL","2009","N14 z_Memo","NMVOC","Gg","35.645607618"
"LI","1993","N14 A_PublicPower","NMVOC","Gg","0.000137044970496"
"LI","1993","N14 B_Industry","NMVOC","Gg","0.0233997939696876"
"LI","1993","N14 C_OtherStatComb","NMVOC","Gg","0.00992101480783434"
"LI","1993","N14 D_Fugitive","NMVOC","Gg","0.033729309"
"LI","1993","N14 E_Solvents","NMVOC","Gg","0.485988047848022"
"LI","1993","N14 F_RoadTransport","NMVOC","Gg","0.257579859100553"
"LI","1993","N14 G_Shipping","NMVOC","Gg","0"
"LI","1993","N14 H_Aviation","NMVOC","Gg","7.1844e-06"
"LI","1993","N14 I_Offroad","NMVOC","Gg","0.0257660758918822"
"LI","1993","N14 J_Waste","NMVOC","Gg","0.00670097637300564"
"LI","1993","N14 K_AgriLivestock","NMVOC","Gg","0.056254125"
"LI","1993","N14 L_AgriOther","NMVOC","Gg","3.502896e-14"
"LI","1993","N14 M_Other","NMVOC","Gg","0"
"CA","1985","N14 A_PublicPower","NMVOC","Gg","2.15613372022156"
"CA","1985","N14 B_Industry","NMVOC","Gg","228.896395939299"
"CA","1985","N14 C_OtherStatComb","NMVOC","Gg","358.37878918896"
"CA","1985","N14 D_Fugitive","NMVOC","Gg","721.638973768158"
"CA","1985","N14 E_Solvents","NMVOC","Gg","343.830575035448"
"CA","1985","N14 F_RoadTransport","NMVOC","Gg","865.661072026058"
"CA","1985","N14 G_Shipping","NMVOC","Gg","10.5351372275782"
"CA","1985","N14 H_Aviation","NMVOC","Gg","2.85940839378884"
"CA","1985","N14 I_Offroad","NMVOC","Gg","1571.82575027929"
"CA","1985","N14 J_Waste","NMVOC","Gg","18.656772347896"
"CA","1985","N14 K_AgriLivestock","NMVOC","Gg","219.8939361952"
"CA","1985","N14 L_AgriOther","NMVOC","Gg","2.22182042172043"
"CA","1985","N14 M_Other","NMVOC","Gg","92.3610544683515"
"CA","1985","N14 O_AviCruise","NMVOC","Gg","2.31699315196284"
"CA","1985","N14 P_IntShipping","NMVOC","Gg","0"
"CA","1985","N14 N_Natural","NMVOC","Gg","0"
"CA","1985","N14 z_Memo","NMVOC","Gg","0"
"KZ","1996","N14 C_OtherStatComb","NMVOC","Gg","0"
"KZ","1996","N14 D_Fugitive","NMVOC","Gg","0"
"KZ","1996","N14 E_Solvents","NMVOC","Gg","19.93443327054"
"KZ","1996","N14 F_RoadTransport","NMVOC","Gg","21.518345577399"
"KZ","1996","N14 G_Shipping","NMVOC","Gg","19.9464392383145"
"KZ","1996","N14 H_Aviation","NMVOC","Gg","0.373229132328"
"KZ","1996","N14 I_Offroad","NMVOC","Gg","0.934139467255814"
"KZ","1996","N14 J_Waste","NMVOC","Gg","5.20467"
"KZ","1996","N14 K_AgriLivestock","NMVOC","Gg","66.856844"
"KZ","1996","N14 L_AgriOther","NMVOC","Gg","22.053926"
"KZ","1996","N14 M_Other","NMVOC","Gg","0"
"KZ","1996","N14 N_Natural","NMVOC","Gg","24.815"
"EU27","1993","N14 A_PublicPower","NMVOC","Gg","37.3996963102539"
"EU27","1993","N14 B_Industry","NMVOC","Gg","945.740101870921"
"EU27","1993","N14 C_OtherStatComb","NMVOC","Gg","1679.50989113803"
"EU27","1993","N14 D_Fugitive","NMVOC","Gg","1517.33555804973"
"EU27","1993","N14 E_Solvents","NMVOC","Gg","4634.04463221392"
"EU27","1993","N14 F_RoadTransport","NMVOC","Gg","4840.4699644015"
"EU27","1993","N14 G_Shipping","NMVOC","Gg","96.3896928484626"
"EU27","1993","N14 H_Aviation","NMVOC","Gg","11.0031154966812"
"EU27","1993","N14 I_Offroad","NMVOC","Gg","384.606862241947"
"EU27","1993","N14 J_Waste","NMVOC","Gg","98.9544147850656"
"EU27","1993","N14 K_AgriLivestock","NMVOC","Gg","972.673778443759"
"EU27","1993","N14 L_AgriOther","NMVOC","Gg","240.550849092218"
"EU27","1993","N14 M_Other","NMVOC","Gg","1.29884517742117"
"EU27","1993","N14 O_AviCruise","NMVOC","Gg","9.03632583607663"
"EU27","1993","N14 P_IntShipping","NMVOC","Gg","39.2882205032802"
"EU27","1993","N14 N_Natural","NMVOC","Gg","2204.28587726225"
"EU27","1993","N14 z_Memo","NMVOC","Gg","1402.88197047926"
"KZ","1990","N14 A_PublicPower","NMVOC","Gg","6.50141183"
"KZ","1990","N14 B_Industry","NMVOC","Gg","11.443074405"
"KZ","1990","N14 C_OtherStatComb","NMVOC","Gg","113.780914807475"
"KZ","1990","N14 D_Fugitive","NMVOC","Gg","0"
"KZ","1990","N14 E_Solvents","NMVOC","Gg","29.5002967239"
"KZ","1990","N14 F_RoadTransport","NMVOC","Gg","56.7918703197867"
"KZ","1990","N14 G_Shipping","NMVOC","Gg","0.150994423644286"
"KZ","1990","N14 H_Aviation","NMVOC","Gg","0.13618"
"KZ","1990","N14 I_Offroad","NMVOC","Gg","7.06723857209302"
"KZ","1990","N14 J_Waste","NMVOC","Gg","5.427165"
"KZ","1990","N14 K_AgriLivestock","NMVOC","Gg","118.688144"
"KZ","1990","N14 L_AgriOther","NMVOC","Gg","30.256606"
"KZ","1990","N14 M_Other","NMVOC","Gg","0"
"KZ","1990","N14 N_Natural","NMVOC","Gg","3.9532"
"AZ","2005","N14 A_PublicPower","NMVOC","Gg","0.435370572"
"AZ","2005","N14 B_Industry","NMVOC","Gg","8.08833282"
"AZ","2005","N14 C_OtherStatComb","NMVOC","Gg","0"
"AZ","2005","N14 D_Fugitive","NMVOC","Gg","7.1414"
"AZ","2005","N14 E_Solvents","NMVOC","Gg","22.813148"
"AZ","2005","N14 F_RoadTransport","NMVOC","Gg","11.3834347095"
"AZ","2005","N14 G_Shipping","NMVOC","Gg","0"
"AZ","2005","N14 H_Aviation","NMVOC","Gg","0"
"AZ","2005","N14 I_Offroad","NMVOC","Gg","0"
"AZ","2005","N14 J_Waste","NMVOC","Gg","0.0035625"
"AZ","2005","N14 K_AgriLivestock","NMVOC","Gg","22.00503945"
"AZ","2005","N14 L_AgriOther","NMVOC","Gg","1.14201292"
"AZ","2005","N14 M_Other","NMVOC","Gg","0"
"AZ","2005","N14 O_AviCruise","NMVOC","Gg","0"
"AZ","2005","N14 P_IntShipping","NMVOC","Gg","0"
"AZ","2005","N14 N_Natural","NMVOC","Gg","0"
"AZ","2005","N14 z_Memo","NMVOC","Gg","7.01948"
"EU27","2003","N14 A_PublicPower","NMVOC","Gg","42.9519955319239"
"EU27","2003","N14 B_Industry","NMVOC","Gg","716.107270128261"
"EU27","2003","N14 C_OtherStatComb","NMVOC","Gg","1096.55049815578"
"EU27","2003","N14 D_Fugitive","NMVOC","Gg","837.491353404269"
"EU27","2003","N14 E_Solvents","NMVOC","Gg","3451.81242800291"
"EU27","2003","N14 F_RoadTransport","NMVOC","Gg","2008.42216998875"
"EU27","2003","N14 G_Shipping","NMVOC","Gg","97.6649184140897"
"EU27","2003","N14 H_Aviation","NMVOC","Gg","9.22188045794624"
"EU27","2003","N14 I_Offroad","NMVOC","Gg","328.067139718587"
"EU27","2003","N14 J_Waste","NMVOC","Gg","101.755235727333"
"EU27","2003","N14 K_AgriLivestock","NMVOC","Gg","887.899219734278"
"EU27","2003","N14 L_AgriOther","NMVOC","Gg","223.150961899094"
"EU27","2003","N14 M_Other","NMVOC","Gg","1.996783129065"
"EU27","2003","N14 O_AviCruise","NMVOC","Gg","9.92399498757478"
"EU27","2003","N14 P_IntShipping","NMVOC","Gg","51.5623716822742"
"EU27","2003","N14 N_Natural","NMVOC","Gg","2363.78067963042"
"EU27","2003","N14 z_Memo","NMVOC","Gg","1785.9194833613"
"RO","1995","N14 A_PublicPower","NMVOC","Gg","1.62821427"
"RO","1995","N14 B_Industry","NMVOC","Gg","48.128269615"
"RO","1995","N14 C_OtherStatComb","NMVOC","Gg","27.26341086"
"RO","1995","N14 D_Fugitive","NMVOC","Gg","38.43204391"
"RO","1995","N14 E_Solvents","NMVOC","Gg","43.24716928"
"RO","1995","N14 F_RoadTransport","NMVOC","Gg","19.4620319574664"
"RO","1995","N14 G_Shipping","NMVOC","Gg","0.14"
"RO","1995","N14 H_Aviation","NMVOC","Gg","0"
"RO","1995","N14 I_Offroad","NMVOC","Gg","7.9334153661978"
"RO","1995","N14 J_Waste","NMVOC","Gg","0.933090657172437"
"RO","1995","N14 K_AgriLivestock","NMVOC","Gg","44.0271921208028"
"RO","1995","N14 L_AgriOther","NMVOC","Gg","6.4336778431077"
"RO","1995","N14 M_Other","NMVOC","Gg","0"
"RO","1995","N14 O_AviCruise","NMVOC","Gg","0"
"RO","1995","N14 P_IntShipping","NMVOC","Gg","0"
"SI","2016","N14 A_PublicPower","NMVOC","Gg","0.139748828719626"
"SI","2016","N14 B_Industry","NMVOC","Gg","3.05321042991484"
"SI","2016","N14 C_OtherStatComb","NMVOC","Gg","7.35531087526099"
"SI","2016","N14 D_Fugitive","NMVOC","Gg","1.39645527694729"
"SI","2016","N14 E_Solvents","NMVOC","Gg","7.7943269711"
"SI","2016","N14 F_RoadTransport","NMVOC","Gg","2.49061852218843"
"SI","2016","N14 G_Shipping","NMVOC","Gg","0"
"SI","2016","N14 H_Aviation","NMVOC","Gg","0.04467547253"
"SI","2016","N14 I_Offroad","NMVOC","Gg","1.63357731536478"
"SI","2016","N14 J_Waste","NMVOC","Gg","0.2439396465997"
"SI","2016","N14 K_AgriLivestock","NMVOC","Gg","5.87893322834771"
"SI","2016","N14 L_AgriOther","NMVOC","Gg","0.0276785811708505"
"SI","2016","N14 M_Other","NMVOC","Gg","0"
"SI","2016","N14 O_AviCruise","NMVOC","Gg","0"
"SI","2016","N14 P_IntShipping","NMVOC","Gg","0.3369681"
"SI","2016","N14 N_Natural","NMVOC","Gg","0"
"SI","2016","N14 z_Memo","NMVOC","Gg","0.00038046582"
"FR","2012","N14 A_PublicPower","NMVOC","Gg","0.719354392932858"
"FR","2012","N14 B_Industry","NMVOC","Gg","60.5223968556413"
"FR","2012","N14 C_OtherStatComb","NMVOC","Gg","160.085665215929"
"FR","2012","N14 D_Fugitive","NMVOC","Gg","26.7511397621671"
"FR","2012","N14 E_Solvents","NMVOC","Gg","315.798599012965"
"FR","2012","N14 F_RoadTransport","NMVOC","Gg","84.1228594861169"
"FR","2012","N14 G_Shipping","NMVOC","Gg","9.0401871819054"
"FR","2012","N14 H_Aviation","NMVOC","Gg","1.25086083336777"
"FR","2012","N14 I_Offroad","NMVOC","Gg","28.7437929426926"
"FR","2012","N14 J_Waste","NMVOC","Gg","10.6789437566563"
"FR","2012","N14 K_AgriLivestock","NMVOC","Gg","0"
"FR","2012","N14 L_AgriOther","NMVOC","Gg","1.9134608582297"
"FR","2012","N14 M_Other","NMVOC","Gg","0"
"FR","2012","N14 O_AviCruise","NMVOC","Gg","2.29428578517178"
"FR","2012","N14 P_IntShipping","NMVOC","Gg","6.87336303919452"
"FR","2012","N14 N_Natural","NMVOC","Gg","97.2678714150816"
"FR","2012","N14 z_Memo","NMVOC","Gg","1474.42172005109"
"CA","2000","N14 A_PublicPower","NMVOC","Gg","3.4547612551773"
"CA","2000","N14 B_Industry","NMVOC","Gg","277.514653838524"
"CA","2000","N14 C_OtherStatComb","NMVOC","Gg","316.726482709726"
"CA","2000","N14 D_Fugitive","NMVOC","Gg","681.121873666383"
"CA","2000","N14 E_Solvents","NMVOC","Gg","402.75670148739"
"CA","2000","N14 F_RoadTransport","NMVOC","Gg","368.952594424951"
"CA","2000","N14 G_Shipping","NMVOC","Gg","7.56263720538285"
"CA","2000","N14 H_Aviation","NMVOC","Gg","2.35395487131289"
"CA","2000","N14 I_Offroad","NMVOC","Gg","638.336679527891"
"CA","2000","N14 J_Waste","NMVOC","Gg","14.9911063301549"
"CA","2000","N14 K_AgriLivestock","NMVOC","Gg","116.772111907757"
"CA","2000","N14 L_AgriOther","NMVOC","Gg","2.32928631233243"
"CA","2000","N14 M_Other","NMVOC","Gg","4.18169136595786"
"CA","2000","N14 O_AviCruise","NMVOC","Gg","3.52735504339019"
"CA","2000","N14 P_IntShipping","NMVOC","Gg","0"
"CA","2000","N14 N_Natural","NMVOC","Gg","0"
"CA","2000","N14 z_Memo","NMVOC","Gg","0"
"BE","1995","N14 A_PublicPower","NMVOC","Gg","0.264165004523178"
"BE","1995","N14 B_Industry","NMVOC","Gg","32.349467756167"
"BE","1995","N14 C_OtherStatComb","NMVOC","Gg","13.912844004197"
"BE","1995","N14 D_Fugitive","NMVOC","Gg","31.1112849132913"
"BE","1995","N14 E_Solvents","NMVOC","Gg","91.3171794908361"
"BE","1995","N14 F_RoadTransport","NMVOC","Gg","64.6785599962129"
"BE","1995","N14 G_Shipping","NMVOC","Gg","0.336331101092414"
"BE","1995","N14 H_Aviation","NMVOC","Gg","0.113353850874981"
"BE","1995","N14 I_Offroad","NMVOC","Gg","6.16988479231142"
"BE","1995","N14 J_Waste","NMVOC","Gg","2.81606932227351"
"BE","1995","N14 K_AgriLivestock","NMVOC","Gg","28.948724348"
"BE","1995","N14 L_AgriOther","NMVOC","Gg","1.1691364208"
"BE","1995","N14 M_Other","NMVOC","Gg","0"
"BE","1995","N14 O_AviCruise","NMVOC","Gg","0.181708286341793"
"BE","1995","N14 P_IntShipping","NMVOC","Gg","1.13761302597856"
"BE","1995","N14 N_Natural","NMVOC","Gg","53.156150316"
"BE","1995","N14 z_Memo","NMVOC","Gg","52.5000215972395"
"CA","2002","N14 A_PublicPower","NMVOC","Gg","4.43489357085469"
"CA","2002","N14 B_Industry","NMVOC","Gg","248.631557365049"
"CA","2002","N14 C_OtherStatComb","NMVOC","Gg","316.384659723598"
"CA","2002","N14 D_Fugitive","NMVOC","Gg","706.956513773177"
"CA","2002","N14 E_Solvents","NMVOC","Gg","373.979473043495"
"CA","2002","N14 F_RoadTransport","NMVOC","Gg","334.780402275738"
"CA","2002","N14 G_Shipping","NMVOC","Gg","7.97713171060822"
"CA","2002","N14 H_Aviation","NMVOC","Gg","2.06879939502397"
"CA","2002","N14 I_Offroad","NMVOC","Gg","473.545437203461"
"CA","2002","N14 J_Waste","NMVOC","Gg","14.9111627643571"
"CA","2002","N14 K_AgriLivestock","NMVOC","Gg","120.928980058658"
"CA","2002","N14 L_AgriOther","NMVOC","Gg","2.25091371070855"
"CA","2002","N14 M_Other","NMVOC","Gg","1.95770149378339"
"CA","2002","N14 O_AviCruise","NMVOC","Gg","3.12558264938701"
"CA","2002","N14 P_IntShipping","NMVOC","Gg","0"
"CA","2002","N14 N_Natural","NMVOC","Gg","0"
"CA","2002","N14 z_Memo","NMVOC","Gg","0"
"SE","1992","N14 A_PublicPower","NMVOC","Gg","3.01056157533979"
"SE","1992","N14 B_Industry","NMVOC","Gg","25.7657107931701"
"SE","1992","N14 C_OtherStatComb","NMVOC","Gg","20.0281988220062"
"SE","1992","N14 D_Fugitive","NMVOC","Gg","22.7441819826854"
"SE","1992","N14 E_Solvents","NMVOC","Gg","71.6924920280604"
"SE","1992","N14 F_RoadTransport","NMVOC","Gg","121.502633039653"
"SE","1992","N14 G_Shipping","NMVOC","Gg","5.17253847561634"
"SE","1992","N14 H_Aviation","NMVOC","Gg","0.152776942812274"
"SE","1992","N14 I_Offroad","NMVOC","Gg","14.9056750797437"
"SE","1992","N14 J_Waste","NMVOC","Gg","2.23425366886247"
"SE","1992","N14 K_AgriLivestock","NMVOC","Gg","26.8770466610642"
"SE","1992","N14 L_AgriOther","NMVOC","Gg","11.7278259548669"
"SE","1992","N14 M_Other","NMVOC","Gg","0"
"SE","1992","N14 O_AviCruise","NMVOC","Gg","0.947405422322964"
"SE","1992","N14 P_IntShipping","NMVOC","Gg","1.01408212501925"
"SE","1992","N14 N_Natural","NMVOC","Gg","0"
"SE","1992","N14 z_Memo","NMVOC","Gg","0"
"FR","1983","N14 A_PublicPower","NMVOC","Gg","0"
"FR","1983","N14 B_Industry","NMVOC","Gg","0"
"FR","1983","N14 C_OtherStatComb","NMVOC","Gg","0"
"FR","1983","N14 D_Fugitive","NMVOC","Gg","0"
"FR","1983","N14 E_Solvents","NMVOC","Gg","0"
"FR","1983","N14 F_RoadTransport","NMVOC","Gg","0"
"FR","1983","N14 G_Shipping","NMVOC","Gg","0"
"FR","1983","N14 H_Aviation","NMVOC","Gg","0"
"FR","1983","N14 I_Offroad","NMVOC","Gg","0"
"FR","1983","N14 J_Waste","NMVOC","Gg","0"
"FR","1983","N14 K_AgriLivestock","NMVOC","Gg","0"
"FR","1983","N14 L_AgriOther","NMVOC","Gg","0"
"FR","1983","N14 M_Other","NMVOC","Gg","0"
"FR","1983","N14 O_AviCruise","NMVOC","Gg","0"
"FR","1983","N14 P_IntShipping","NMVOC","Gg","0"
"FR","1983","N14 N_Natural","NMVOC","Gg","0"
"FR","1983","N14 z_Memo","NMVOC","Gg","0"
"FR","1982","N14 A_PublicPower","NMVOC","Gg","0"
"FR","1982","N14 B_Industry","NMVOC","Gg","0"
"FR","1982","N14 C_OtherStatComb","NMVOC","Gg","0"
"FR","1982","N14 D_Fugitive","NMVOC","Gg","0"
"FR","1982","N14 E_Solvents","NMVOC","Gg","0"
"FR","1982","N14 F_RoadTransport","NMVOC","Gg","0"
"FR","1982","N14 G_Shipping","NMVOC","Gg","0"
"FR","1982","N14 H_Aviation","NMVOC","Gg","0"
"FR","1982","N14 I_Offroad","NMVOC","Gg","0"
"FR","1982","N14 J_Waste","NMVOC","Gg","0"
"FR","1982","N14 K_AgriLivestock","NMVOC","Gg","0"
"FR","1982","N14 L_AgriOther","NMVOC","Gg","0"
"FR","1982","N14 M_Other","NMVOC","Gg","0"
"FR","1982","N14 O_AviCruise","NMVOC","Gg","0"
"FR","1982","N14 P_IntShipping","NMVOC","Gg","0"
"FR","1982","N14 N_Natural","NMVOC","Gg","0"
"FR","1982","N14 z_Memo","NMVOC","Gg","0"
"BE","1990","N14 A_PublicPower","NMVOC","Gg","0.229972823889469"
"BE","1990","N14 B_Industry","NMVOC","Gg","41.2357354109499"
"BE","1990","N14 C_OtherStatComb","NMVOC","Gg","15.5710792713332"
"BE","1990","N14 D_Fugitive","NMVOC","Gg","36.0570621971516"
"BE","1990","N14 E_Solvents","NMVOC","Gg","103.034524923944"
"BE","1990","N14 F_RoadTransport","NMVOC","Gg","89.6085934241097"
"BE","1990","N14 G_Shipping","NMVOC","Gg","0.356039191112549"
"BE","1990","N14 H_Aviation","NMVOC","Gg","0.0974667388602318"
"BE","1990","N14 I_Offroad","NMVOC","Gg","7.80830785601103"
"BE","1990","N14 J_Waste","NMVOC","Gg","2.5116281316445"
"BE","1990","N14 K_AgriLivestock","NMVOC","Gg","28.037077167"
"BE","1990","N14 L_AgriOther","NMVOC","Gg","1.1619286762"
"BE","1990","N14 M_Other","NMVOC","Gg","0"
"BE","1990","N14 O_AviCruise","NMVOC","Gg","0.146627452886053"
"BE","1990","N14 P_IntShipping","NMVOC","Gg","1.34408545958416"
"BE","1990","N14 N_Natural","NMVOC","Gg","48.9269153921"
"BE","1990","N14 z_Memo","NMVOC","Gg","78.4818323818387"
"GE","2012","N14 A_PublicPower","NMVOC","Gg","1.436664"
"GE","2012","N14 B_Industry","NMVOC","Gg","7.79023547932348"
"GE","2012","N14 C_OtherStatComb","NMVOC","Gg","0"
"GE","2012","N14 D_Fugitive","NMVOC","Gg","0.2908026"
"GE","2012","N14 E_Solvents","NMVOC","Gg","4.4871876"
"GE","2012","N14 F_RoadTransport","NMVOC","Gg","14.2549779328694"
"GE","2012","N14 G_Shipping","NMVOC","Gg","0"
"GE","2012","N14 H_Aviation","NMVOC","Gg","0"
"GE","2012","N14 I_Offroad","NMVOC","Gg","0"
"GE","2012","N14 J_Waste","NMVOC","Gg","0.670865579094077"
"GE","2012","N14 K_AgriLivestock","NMVOC","Gg","7.91036375"
"GE","2012","N14 L_AgriOther","NMVOC","Gg","0.223256"
"GE","2012","N14 M_Other","NMVOC","Gg","0"
"FR","2009","N14 A_PublicPower","NMVOC","Gg","0.72901217052036"
"FR","2009","N14 B_Industry","NMVOC","Gg","61.1108498753639"
"FR","2009","N14 C_OtherStatComb","NMVOC","Gg","186.263735025325"
"FR","2009","N14 D_Fugitive","NMVOC","Gg","33.6259355145123"
"FR","2009","N14 E_Solvents","NMVOC","Gg","334.835953445297"
"FR","2009","N14 F_RoadTransport","NMVOC","Gg","121.984474406439"
"FR","2009","N14 G_Shipping","NMVOC","Gg","11.3365936490712"
"FR","2009","N14 H_Aviation","NMVOC","Gg","1.27213220191621"
"FR","2009","N14 I_Offroad","NMVOC","Gg","35.3982252255978"
"FR","2009","N14 J_Waste","NMVOC","Gg","12.4483784130712"
"FR","2009","N14 K_AgriLivestock","NMVOC","Gg","0"
"FR","2009","N14 L_AgriOther","NMVOC","Gg","2.1077368394625"
"FR","2009","N14 M_Other","NMVOC","Gg","0"
"FR","2009","N14 O_AviCruise","NMVOC","Gg","2.10573928347941"
"FR","2009","N14 P_IntShipping","NMVOC","Gg","6.99022003523069"
"FR","2009","N14 N_Natural","NMVOC","Gg","103.87288496263"
"FR","2009","N14 z_Memo","NMVOC","Gg","1529.97663991499"
"PL","2013","N14 A_PublicPower","NMVOC","Gg","2.64715721"
"PL","2013","N14 B_Industry","NMVOC","Gg","92.296125351092"
"PL","2013","N14 C_OtherStatComb","NMVOC","Gg","128.2459740185"
"PL","2013","N14 D_Fugitive","NMVOC","Gg","54.2810013560209"
"PL","2013","N14 E_Solvents","NMVOC","Gg","155.893922098783"
"PL","2013","N14 F_RoadTransport","NMVOC","Gg","87.6862801420844"
"PL","2013","N14 G_Shipping","NMVOC","Gg","0.0107500165423638"
"PL","2013","N14 H_Aviation","NMVOC","Gg","0.0405050856738195"
"PL","2013","N14 I_Offroad","NMVOC","Gg","8.09052509547739"
"PL","2013","N14 J_Waste","NMVOC","Gg","11.824027478608"
"PL","2013","N14 K_AgriLivestock","NMVOC","Gg","84.96845420495"
"PL","2013","N14 L_AgriOther","NMVOC","Gg","6.67271781582663"
"PL","2013","N14 M_Other","NMVOC","Gg","0"
"PL","2013","N14 O_AviCruise","NMVOC","Gg","0.284295893455547"
"PL","2013","N14 P_IntShipping","NMVOC","Gg","0.3807"
"PL","2013","N14 N_Natural","NMVOC","Gg","257.017041967339"
"PL","2013","N14 z_Memo","NMVOC","Gg","0"
"DK","1998","N14 A_PublicPower","NMVOC","Gg","3.710369173773"
"DK","1998","N14 B_Industry","NMVOC","Gg","5.38181956939185"
"DK","1998","N14 C_OtherStatComb","NMVOC","Gg","13.8478140755194"
"DK","1998","N14 D_Fugitive","NMVOC","Gg","11.7454014450202"
"DK","1998","N14 E_Solvents","NMVOC","Gg","41.9916958514493"
"DK","1998","N14 F_RoadTransport","NMVOC","Gg","49.6228610336729"
"DK","1998","N14 G_Shipping","NMVOC","Gg","0.472307998364695"
"DK","1998","N14 H_Aviation","NMVOC","Gg","0.220494782090318"
"DK","1998","N14 I_Offroad","NMVOC","Gg","9.09698635439304"
"DK","1998","N14 J_Waste","NMVOC","Gg","1.29997115449539"
"DK","1998","N14 K_AgriLivestock","NMVOC","Gg","36.8200107287709"
"DK","1998","N14 L_AgriOther","NMVOC","Gg","1.662701241875"
"DK","1998","N14 M_Other","NMVOC","Gg","0"
"DK","1998","N14 O_AviCruise","NMVOC","Gg","0.143236864351106"
"DK","1998","N14 P_IntShipping","NMVOC","Gg","3.10177260685302"
"DK","1998","N14 N_Natural","NMVOC","Gg","0"
"DK","1998","N14 z_Memo","NMVOC","Gg","0"
"TR","2015","N14 A_PublicPower","NMVOC","Gg","3.0303866456"
"TR","2015","N14 B_Industry","NMVOC","Gg","138.420059854318"
"TR","2015","N14 C_OtherStatComb","NMVOC","Gg","179.4037976048"
"TR","2015","N14 D_Fugitive","NMVOC","Gg","0"
"TR","2015","N14 E_Solvents","NMVOC","Gg","256.056618069385"
"TR","2015","N14 F_RoadTransport","NMVOC","Gg","37.5046795664797"
"TR","2015","N14 G_Shipping","NMVOC","Gg","0.4941"
"TR","2015","N14 H_Aviation","NMVOC","Gg","5.39705831866053"
"TR","2015","N14 I_Offroad","NMVOC","Gg","0.65684995"
"TR","2015","N14 J_Waste","NMVOC","Gg","44.02121647"
"TR","2015","N14 K_AgriLivestock","NMVOC","Gg","199.4735222488"
"TR","2015","N14 L_AgriOther","NMVOC","Gg","212.77172939106"
"TR","2015","N14 M_Other","NMVOC","Gg","0"
"TR","2015","N14 O_AviCruise","NMVOC","Gg","0.0169004795384902"
"TR","2015","N14 P_IntShipping","NMVOC","Gg","0"
"TR","2015","N14 N_Natural","NMVOC","Gg","0"
"EU15","1995","N14 A_PublicPower","NMVOC","Gg","29.6689320726842"
"EU15","1995","N14 B_Industry","NMVOC","Gg","687.484987457352"
"EU15","1995","N14 C_OtherStatComb","NMVOC","Gg","928.270610378253"
"EU15","1995","N14 D_Fugitive","NMVOC","Gg","1145.03403079878"
"EU15","1995","N14 E_Solvents","NMVOC","Gg","3500.80915759232"
"EU15","1995","N14 F_RoadTransport","NMVOC","Gg","3721.58499511534"
"EU15","1995","N14 G_Shipping","NMVOC","Gg","101.335167092007"
"EU15","1995","N14 H_Aviation","NMVOC","Gg","10.5086039344712"
"EU15","1995","N14 I_Offroad","NMVOC","Gg","337.365307220995"
"EU15","1995","N14 J_Waste","NMVOC","Gg","59.5387428267636"
"EU15","1995","N14 K_AgriLivestock","NMVOC","Gg","717.561343685525"
"EU15","1995","N14 L_AgriOther","NMVOC","Gg","202.716968674866"
"EU15","1995","N14 M_Other","NMVOC","Gg","1.339516504501"
"EU15","1995","N14 O_AviCruise","NMVOC","Gg","8.31065754735614"
"EU15","1995","N14 P_IntShipping","NMVOC","Gg","37.023487818157"
"EU15","1995","N14 N_Natural","NMVOC","Gg","1944.19171892757"
"EU15","1995","N14 z_Memo","NMVOC","Gg","1507.45864017259"
"IS","2016","N14 A_PublicPower","NMVOC","Gg","2.495108e-05"
"IS","2016","N14 B_Industry","NMVOC","Gg","0.391857210772111"
"IS","2016","N14 C_OtherStatComb","NMVOC","Gg","0.000690774467"
"IS","2016","N14 D_Fugitive","NMVOC","Gg","0.272157675709144"
"IS","2016","N14 E_Solvents","NMVOC","Gg","1.251307761349"
"IS","2016","N14 F_RoadTransport","NMVOC","Gg","0.840479270690933"
"IS","2016","N14 G_Shipping","NMVOC","Gg","0.0243452"
"IS","2016","N14 H_Aviation","NMVOC","Gg","0.0294516535715424"
"IS","2016","N14 I_Offroad","NMVOC","Gg","0.567916639"
"IS","2016","N14 J_Waste","NMVOC","Gg","0.351002681320728"
"IS","2016","N14 K_AgriLivestock","NMVOC","Gg","1.94634410305997"
"IS","2016","N14 L_AgriOther","NMVOC","Gg","6.4489727232e-08"
"IS","2016","N14 M_Other","NMVOC","Gg","0"
"IS","2016","N14 O_AviCruise","NMVOC","Gg","0.0862354610813595"
"IS","2016","N14 P_IntShipping","NMVOC","Gg","0.1615949"
"IS","2016","N14 N_Natural","NMVOC","Gg","0"
"IS","2016","N14 z_Memo","NMVOC","Gg","0"
"TR","1992","N14 A_PublicPower","NMVOC","Gg","0.78167083272"
"TR","1992","N14 B_Industry","NMVOC","Gg","96.7591440279721"
"TR","1992","N14 C_OtherStatComb","NMVOC","Gg","266.33352044342"
"TR","1992","N14 D_Fugitive","NMVOC","Gg","0"
"TR","1992","N14 E_Solvents","NMVOC","Gg","187.812634078263"
"TR","1992","N14 F_RoadTransport","NMVOC","Gg","0"
"TR","1992","N14 G_Shipping","NMVOC","Gg","0.54"
"TR","1992","N14 H_Aviation","NMVOC","Gg","0.653641135920491"
"TR","1992","N14 I_Offroad","NMVOC","Gg","1.05785628"
"TR","1992","N14 J_Waste","NMVOC","Gg","15.6578985372998"
"TR","1992","N14 K_AgriLivestock","NMVOC","Gg","252.2589919377"
"TR","1992","N14 L_AgriOther","NMVOC","Gg","269.4591869917"
"TR","1992","N14 M_Other","NMVOC","Gg","0"
"TR","1992","N14 O_AviCruise","NMVOC","Gg","0.179508296730323"
"TR","1992","N14 P_IntShipping","NMVOC","Gg","0"
"TR","1992","N14 N_Natural","NMVOC","Gg","0"
"TR","2016","N14 A_PublicPower","NMVOC","Gg","3.0657538432"
"TR","2016","N14 B_Industry","NMVOC","Gg","144.797538609268"
"TR","2016","N14 C_OtherStatComb","NMVOC","Gg","149.780333778"
"TR","2016","N14 D_Fugitive","NMVOC","Gg","0"
"TR","2016","N14 E_Solvents","NMVOC","Gg","259.370170925102"
"TR","2016","N14 F_RoadTransport","NMVOC","Gg","37.1537233966518"
"TR","2016","N14 G_Shipping","NMVOC","Gg","0.1242"
"TR","2016","N14 H_Aviation","NMVOC","Gg","5.2799753766652"
"TR","2016","N14 I_Offroad","NMVOC","Gg","0.51545025"
"TR","2016","N14 J_Waste","NMVOC","Gg","44.51241525"
"TR","2016","N14 K_AgriLivestock","NMVOC","Gg","201.81997493812"
"TR","2016","N14 L_AgriOther","NMVOC","Gg","215.11817641059"
"TR","2016","N14 M_Other","NMVOC","Gg","0"
"TR","2016","N14 O_AviCruise","NMVOC","Gg","0.0303394940977675"
"TR","2016","N14 P_IntShipping","NMVOC","Gg","0"
"TR","2016","N14 N_Natural","NMVOC","Gg","0"
"LU","2011","N14 A_PublicPower","NMVOC","Gg","0.15415005804455"
"LU","2011","N14 B_Industry","NMVOC","Gg","0.510619704030999"
"LU","2011","N14 C_OtherStatComb","NMVOC","Gg","0.388796563720129"
"LU","2011","N14 D_Fugitive","NMVOC","Gg","0.890581605075263"
"LU","2011","N14 E_Solvents","NMVOC","Gg","4.50770672663557"
"LU","2011","N14 F_RoadTransport","NMVOC","Gg","1.6069670633293"
"LU","2011","N14 G_Shipping","NMVOC","Gg","0.00933346117596844"
"LU","2011","N14 H_Aviation","NMVOC","Gg","0.0451084019150785"
"LU","2011","N14 I_Offroad","NMVOC","Gg","0.197873130240429"
"LU","2011","N14 J_Waste","NMVOC","Gg","0.0208836270949876"
"LU","2011","N14 K_AgriLivestock","NMVOC","Gg","2.96284406483634"
"LU","2011","N14 L_AgriOther","NMVOC","Gg","0.1129440236"
"LU","2011","N14 M_Other","NMVOC","Gg","0"
"LU","2011","N14 O_AviCruise","NMVOC","Gg","0.0731277180499047"
"LU","2011","N14 P_IntShipping","NMVOC","Gg","0"
"LU","2011","N14 N_Natural","NMVOC","Gg","0"
"LU","2011","N14 z_Memo","NMVOC","Gg","0.614055949650517"
"EU27","1990","N14 A_PublicPower","NMVOC","Gg","41.7019130159393"
"EU27","1990","N14 B_Industry","NMVOC","Gg","1067.45412673707"
"EU27","1990","N14 C_OtherStatComb","NMVOC","Gg","1942.94603122791"
"EU27","1990","N14 D_Fugitive","NMVOC","Gg","1718.8723289609"
"EU27","1990","N14 E_Solvents","NMVOC","Gg","5085.10391114734"
"EU27","1990","N14 F_RoadTransport","NMVOC","Gg","5483.5143304209"
"EU27","1990","N14 G_Shipping","NMVOC","Gg","103.807464194085"
"EU27","1990","N14 H_Aviation","NMVOC","Gg","14.3305085809163"
"EU27","1990","N14 I_Offroad","NMVOC","Gg","453.555087140878"
"EU27","1990","N14 J_Waste","NMVOC","Gg","99.6898629244955"
"EU27","1990","N14 K_AgriLivestock","NMVOC","Gg","1120.73463917624"
"EU27","1990","N14 L_AgriOther","NMVOC","Gg","271.191473846874"
"EU27","1990","N14 M_Other","NMVOC","Gg","1.24420232128423"
"EU27","1990","N14 O_AviCruise","NMVOC","Gg","10.8716620018516"
"EU27","1990","N14 P_IntShipping","NMVOC","Gg","40.3871747862784"
"EU27","1990","N14 N_Natural","NMVOC","Gg","2178.23669644918"
"EU27","1990","N14 z_Memo","NMVOC","Gg","1447.95698572762"
"LV","2005","N14 A_PublicPower","NMVOC","Gg","0.11991914007104"
"LV","2005","N14 B_Industry","NMVOC","Gg","4.46185072858519"
"LV","2005","N14 C_OtherStatComb","NMVOC","Gg","15.7598058223021"
"LV","2005","N14 D_Fugitive","NMVOC","Gg","2.28328455537867"
"LV","2005","N14 E_Solvents","NMVOC","Gg","8.04246609128074"
"LV","2005","N14 F_RoadTransport","NMVOC","Gg","8.50842969699246"
"LV","2005","N14 G_Shipping","NMVOC","Gg","0.0165805172707006"
"LV","2005","N14 H_Aviation","NMVOC","Gg","0.02195319"
"LV","2005","N14 I_Offroad","NMVOC","Gg","1.53826865539677"
"LV","2005","N14 J_Waste","NMVOC","Gg","0.956598182775"
"LV","2005","N14 K_AgriLivestock","NMVOC","Gg","5.75019008942783"
"LV","2005","N14 L_AgriOther","NMVOC","Gg","0.928568"
"LV","2005","N14 M_Other","NMVOC","Gg","0"
"LV","2005","N14 O_AviCruise","NMVOC","Gg","0.0222691774919436"
"LV","2005","N14 P_IntShipping","NMVOC","Gg","0.7218"
"LV","2005","N14 N_Natural","NMVOC","Gg","0.06"
"LV","2005","N14 z_Memo","NMVOC","Gg","0"
"IE","2008","N14 A_PublicPower","NMVOC","Gg","0.379870422627648"
"IE","2008","N14 B_Industry","NMVOC","Gg","17.1418077780338"
"IE","2008","N14 C_OtherStatComb","NMVOC","Gg","11.5009985262089"
"IE","2008","N14 D_Fugitive","NMVOC","Gg","6.56121361301488"
"IE","2008","N14 E_Solvents","NMVOC","Gg","23.4510535252697"
"IE","2008","N14 F_RoadTransport","NMVOC","Gg","11.9419916283791"
"IE","2008","N14 G_Shipping","NMVOC","Gg","0.178702590590273"
"IE","2008","N14 H_Aviation","NMVOC","Gg","0.160059922265661"
"IE","2008","N14 I_Offroad","NMVOC","Gg","1.05878662600281"
"IE","2008","N14 J_Waste","NMVOC","Gg","0.448213844998762"
"IE","2008","N14 K_AgriLivestock","NMVOC","Gg","38.7172233993639"
"IE","2008","N14 L_AgriOther","NMVOC","Gg","3.98094"
"IE","2008","N14 M_Other","NMVOC","Gg","0"
"IE","2008","N14 O_AviCruise","NMVOC","Gg","0.381752664220116"
"IE","2008","N14 P_IntShipping","NMVOC","Gg","0.191880770723279"
"IE","2008","N14 N_Natural","NMVOC","Gg","0"
"IE","2008","N14 z_Memo","NMVOC","Gg","12.1320746386994"
"NO","2011","N14 A_PublicPower","NMVOC","Gg","1.5184366893"
"NO","2011","N14 B_Industry","NMVOC","Gg","9.1920970197"
"NO","2011","N14 C_OtherStatComb","NMVOC","Gg","9.2027643961"
"NO","2011","N14 D_Fugitive","NMVOC","Gg","43.6449549211"
"NO","2011","N14 E_Solvents","NMVOC","Gg","42.3483432982"
"NO","2011","N14 F_RoadTransport","NMVOC","Gg","10.2367174636"
"NO","2011","N14 G_Shipping","NMVOC","Gg","4.4486798566"
"NO","2011","N14 H_Aviation","NMVOC","Gg","0.4889778667"
"NO","2011","N14 I_Offroad","NMVOC","Gg","21.3035547612"
"NO","2011","N14 J_Waste","NMVOC","Gg","0.9787052532"
"NO","2011","N14 K_AgriLivestock","NMVOC","Gg","9.8447479718"
"NO","2011","N14 L_AgriOther","NMVOC","Gg","0.724824382"
"NO","2011","N14 M_Other","NMVOC","Gg","0"
"NO","2011","N14 O_AviCruise","NMVOC","Gg","1.7759697715"
"NO","2011","N14 P_IntShipping","NMVOC","Gg","0.2751260185"
"NO","2011","N14 N_Natural","NMVOC","Gg","0"
"NO","2011","N14 z_Memo","NMVOC","Gg","16.822882201"
"IE","1999","N14 A_PublicPower","NMVOC","Gg","0.363097219279824"
"IE","1999","N14 B_Industry","NMVOC","Gg","12.1056126728457"
"IE","1999","N14 C_OtherStatComb","NMVOC","Gg","12.8992313488877"
"IE","1999","N14 D_Fugitive","NMVOC","Gg","5.61312783731247"
"IE","1999","N14 E_Solvents","NMVOC","Gg","22.8665788719174"
"IE","1999","N14 F_RoadTransport","NMVOC","Gg","26.6205430767333"
"IE","1999","N14 G_Shipping","NMVOC","Gg","0.1125"
"IE","1999","N14 H_Aviation","NMVOC","Gg","0.133969659249071"
"IE","1999","N14 I_Offroad","NMVOC","Gg","1.51646448017574"
"IE","1999","N14 J_Waste","NMVOC","Gg","0.938318164845508"
"IE","1999","N14 K_AgriLivestock","NMVOC","Gg","41.2002960645335"
"IE","1999","N14 L_AgriOther","NMVOC","Gg","3.799824"
"IE","1999","N14 M_Other","NMVOC","Gg","0"
"IE","1999","N14 O_AviCruise","NMVOC","Gg","0.194072182286133"
"IE","1999","N14 P_IntShipping","NMVOC","Gg","0.4766"
"IE","1999","N14 N_Natural","NMVOC","Gg","0"
"IE","1999","N14 z_Memo","NMVOC","Gg","24.7593933863457"
"FR","2007","N14 A_PublicPower","NMVOC","Gg","0.697238886686379"
"FR","2007","N14 B_Industry","NMVOC","Gg","69.6780274403737"
"FR","2007","N14 C_OtherStatComb","NMVOC","Gg","199.218033650867"
"FR","2007","N14 D_Fugitive","NMVOC","Gg","43.2957188350238"
"FR","2007","N14 E_Solvents","NMVOC","Gg","411.06851322369"
"FR","2007","N14 F_RoadTransport","NMVOC","Gg","167.311831097203"
"FR","2007","N14 G_Shipping","NMVOC","Gg","16.1899599145853"
"FR","2007","N14 H_Aviation","NMVOC","Gg","1.40819428569231"
"FR","2007","N14 I_Offroad","NMVOC","Gg","42.0083854691002"
"FR","2007","N14 J_Waste","NMVOC","Gg","13.0981697203617"
"FR","2007","N14 K_AgriLivestock","NMVOC","Gg","0"
"FR","2007","N14 L_AgriOther","NMVOC","Gg","1.8738029761933"
"FR","2007","N14 M_Other","NMVOC","Gg","0"
"FR","2007","N14 O_AviCruise","NMVOC","Gg","2.20811890335845"
"FR","2007","N14 P_IntShipping","NMVOC","Gg","8.03033746554666"
"FR","2007","N14 N_Natural","NMVOC","Gg","102.816909346511"
"FR","2007","N14 z_Memo","NMVOC","Gg","1386.25848691216"
"DE","1997","N14 A_PublicPower","NMVOC","Gg","6.97921115309379"
"DE","1997","N14 B_Industry","NMVOC","Gg","42.9466875080911"
"DE","1997","N14 C_OtherStatComb","NMVOC","Gg","81.5559004134409"
"DE","1997","N14 D_Fugitive","NMVOC","Gg","137.637079995949"
"DE","1997","N14 E_Solvents","NMVOC","Gg","986.095587885597"
"DE","1997","N14 F_RoadTransport","NMVOC","Gg","431.704719945099"
"DE","1997","N14 G_Shipping","NMVOC","Gg","1.85039477100374"
"DE","1997","N14 H_Aviation","NMVOC","Gg","0.989952773371562"
"DE","1997","N14 I_Offroad","NMVOC","Gg","54.1277600955829"
"DE","1997","N14 J_Waste","NMVOC","Gg","0.149873825"
"DE","1997","N14 K_AgriLivestock","NMVOC","Gg","218.900127025079"
"DE","1997","N14 L_AgriOther","NMVOC","Gg","8.57662122343303"
"DE","1997","N14 M_Other","NMVOC","Gg","0"
"DE","1997","N14 O_AviCruise","NMVOC","Gg","1.67946495284585"
"DE","1997","N14 P_IntShipping","NMVOC","Gg","3.0060595558202"
"DE","1997","N14 N_Natural","NMVOC","Gg","0.22799266186"
"DE","1997","N14 z_Memo","NMVOC","Gg","0"
"EU27","1994","N14 A_PublicPower","NMVOC","Gg","39.0672859577358"
"EU27","1994","N14 B_Industry","NMVOC","Gg","941.552247812822"
"EU27","1994","N14 C_OtherStatComb","NMVOC","Gg","1470.31966369506"
"EU27","1994","N14 D_Fugitive","NMVOC","Gg","1415.73085830865"
"EU27","1994","N14 E_Solvents","NMVOC","Gg","4086.79439450676"
"EU27","1994","N14 F_RoadTransport","NMVOC","Gg","4467.6471484729"
"EU27","1994","N14 G_Shipping","NMVOC","Gg","97.7951597431137"
"EU27","1994","N14 H_Aviation","NMVOC","Gg","10.6970441538296"
"EU27","1994","N14 I_Offroad","NMVOC","Gg","379.647434485464"
"EU27","1994","N14 J_Waste","NMVOC","Gg","98.4389559969845"
"EU27","1994","N14 K_AgriLivestock","NMVOC","Gg","965.100957963702"
"EU27","1994","N14 L_AgriOther","NMVOC","Gg","233.438936204337"
"EU27","1994","N14 M_Other","NMVOC","Gg","1.3221416827742"
"EU27","1994","N14 O_AviCruise","NMVOC","Gg","9.10565674488167"
"EU27","1994","N14 P_IntShipping","NMVOC","Gg","37.1752283824816"
"EU27","1994","N14 N_Natural","NMVOC","Gg","2212.87402324346"
"EU27","1994","N14 z_Memo","NMVOC","Gg","1486.81816051369"
"MT","2017","N14 A_PublicPower","NMVOC","Gg","0.0170446986216644"
"MT","2017","N14 B_Industry","NMVOC","Gg","0.192004606271229"
"MT","2017","N14 C_OtherStatComb","NMVOC","Gg","0.0273472803816935"
"MT","2017","N14 D_Fugitive","NMVOC","Gg","0.154"
"MT","2017","N14 E_Solvents","NMVOC","Gg","0.5584484"
"MT","2017","N14 F_RoadTransport","NMVOC","Gg","0.948709436786666"
"MT","2017","N14 G_Shipping","NMVOC","Gg","0.017495316914642"
"MT","2017","N14 H_Aviation","NMVOC","Gg","0.0461238"
"MT","2017","N14 I_Offroad","NMVOC","Gg","0.0003163874673312"
"MT","2017","N14 J_Waste","NMVOC","Gg","0.433934492492588"
"MT","2017","N14 K_AgriLivestock","NMVOC","Gg","0.415450125227806"
"MT","2017","N14 L_AgriOther","NMVOC","Gg","0.000343780296025268"
"MT","2017","N14 M_Other","NMVOC","Gg","0.003666"
"MT","2017","N14 O_AviCruise","NMVOC","Gg","0.007503908"
"MT","2017","N14 P_IntShipping","NMVOC","Gg","1.09080650279935e-11"
"EU12","2014","N14 A_PublicPower","NMVOC","Gg","24.3322916258743"
"EU12","2014","N14 B_Industry","NMVOC","Gg","438.952742353893"
"EU12","2014","N14 C_OtherStatComb","NMVOC","Gg","491.645182682354"
"EU12","2014","N14 D_Fugitive","NMVOC","Gg","365.786960681466"
"EU12","2014","N14 E_Solvents","NMVOC","Gg","2052.10626389484"
"EU12","2014","N14 F_RoadTransport","NMVOC","Gg","441.258812994199"
"EU12","2014","N14 G_Shipping","NMVOC","Gg","38.9919256992253"
"EU12","2014","N14 H_Aviation","NMVOC","Gg","6.48947189607541"
"EU12","2014","N14 I_Offroad","NMVOC","Gg","112.855821365667"
"EU12","2014","N14 J_Waste","NMVOC","Gg","38.8671260087545"
"EU12","2014","N14 K_AgriLivestock","NMVOC","Gg","613.596639446415"
"EU12","2014","N14 L_AgriOther","NMVOC","Gg","166.580220067057"
"EU12","2014","N14 M_Other","NMVOC","Gg","1.922695197885"
"EU12","2014","N14 O_AviCruise","NMVOC","Gg","9.66859058826202"
"EU12","2014","N14 P_IntShipping","NMVOC","Gg","46.357187816459"
"EU12","2014","N14 N_Natural","NMVOC","Gg","2153.25974283285"
"EU12","2014","N14 z_Memo","NMVOC","Gg","1512.63191509104"
"NO","2004","N14 A_PublicPower","NMVOC","Gg","0.7170471731"
"NO","2004","N14 B_Industry","NMVOC","Gg","7.9906127335"
"NO","2004","N14 C_OtherStatComb","NMVOC","Gg","9.3159001497"
"NO","2004","N14 D_Fugitive","NMVOC","Gg","159.2304405554"
"NO","2004","N14 E_Solvents","NMVOC","Gg","51.0692152226"
"NO","2004","N14 F_RoadTransport","NMVOC","Gg","21.5221405249"
"NO","2004","N14 G_Shipping","NMVOC","Gg","3.0580673064"
"NO","2004","N14 H_Aviation","NMVOC","Gg","0.3804416242"
"NO","2004","N14 I_Offroad","NMVOC","Gg","27.3806871679"
"NO","2004","N14 J_Waste","NMVOC","Gg","1.1375570355"
"NO","2004","N14 K_AgriLivestock","NMVOC","Gg","10.1329074894"
"NO","2004","N14 L_AgriOther","NMVOC","Gg","0.797817525"
"NO","2004","N14 M_Other","NMVOC","Gg","0"
"NO","2004","N14 O_AviCruise","NMVOC","Gg","1.3576914055"
"NO","2004","N14 P_IntShipping","NMVOC","Gg","0.3027137318"
"NO","2004","N14 N_Natural","NMVOC","Gg","0"
"NO","2004","N14 z_Memo","NMVOC","Gg","26.240280795"
"DE","1996","N14 A_PublicPower","NMVOC","Gg","7.49204486148905"
"DE","1996","N14 B_Industry","NMVOC","Gg","43.6087610330678"
"DE","1996","N14 C_OtherStatComb","NMVOC","Gg","71.3197230532652"
"DE","1996","N14 D_Fugitive","NMVOC","Gg","140.474064232815"
"DE","1996","N14 E_Solvents","NMVOC","Gg","957.634431963924"
"DE","1996","N14 F_RoadTransport","NMVOC","Gg","483.609308055119"
"DE","1996","N14 G_Shipping","NMVOC","Gg","2.25072284284757"
"DE","1996","N14 H_Aviation","NMVOC","Gg","1.03990394192898"
"DE","1996","N14 I_Offroad","NMVOC","Gg","54.8513074551114"
"DE","1996","N14 J_Waste","NMVOC","Gg","0.150997849"
"DE","1996","N14 K_AgriLivestock","NMVOC","Gg","224.884120226287"
"DE","1996","N14 L_AgriOther","NMVOC","Gg","7.84805841153655"
"DE","1996","N14 M_Other","NMVOC","Gg","0"
"DE","1996","N14 O_AviCruise","NMVOC","Gg","1.8925500567651"
"DE","1996","N14 P_IntShipping","NMVOC","Gg","2.8056520970367"
"DE","1996","N14 N_Natural","NMVOC","Gg","0.51743794112"
"DE","1996","N14 z_Memo","NMVOC","Gg","0"
"PT","1992","N14 A_PublicPower","NMVOC","Gg","0.50178834234116"
"PT","1992","N14 B_Industry","NMVOC","Gg","17.8229723440623"
"PT","1992","N14 C_OtherStatComb","NMVOC","Gg","27.034256777369"
"PT","1992","N14 D_Fugitive","NMVOC","Gg","9.93498498289981"
"PT","1992","N14 E_Solvents","NMVOC","Gg","84.2563205262332"
"PT","1992","N14 F_RoadTransport","NMVOC","Gg","102.33604454552"
"PT","1992","N14 G_Shipping","NMVOC","Gg","0.222779249872598"
"PT","1992","N14 H_Aviation","NMVOC","Gg","1.18856383315461"
"PT","1992","N14 I_Offroad","NMVOC","Gg","1.38032759355039"
"PT","1992","N14 J_Waste","NMVOC","Gg","1.49107969598004"
"PT","1992","N14 K_AgriLivestock","NMVOC","Gg","10.233511652839"
"PT","1992","N14 L_AgriOther","NMVOC","Gg","7.97145438010719"
"PT","1992","N14 M_Other","NMVOC","Gg","0"
"PT","1992","N14 O_AviCruise","NMVOC","Gg","0.335810396097973"
"PT","1992","N14 P_IntShipping","NMVOC","Gg","1.21384159697226"
"PT","1992","N14 N_Natural","NMVOC","Gg","519.268451714151"
"PT","1992","N14 z_Memo","NMVOC","Gg","0"
"EU27","2009","N14 A_PublicPower","NMVOC","Gg","42.6030684762829"
"EU27","2009","N14 B_Industry","NMVOC","Gg","611.824913835467"
"EU27","2009","N14 C_OtherStatComb","NMVOC","Gg","1128.00013629893"
"EU27","2009","N14 D_Fugitive","NMVOC","Gg","591.816001761889"
"EU27","2009","N14 E_Solvents","NMVOC","Gg","2873.97594029223"
"EU27","2009","N14 F_RoadTransport","NMVOC","Gg","1003.38095493913"
"EU27","2009","N14 G_Shipping","NMVOC","Gg","71.1432604118398"
"EU27","2009","N14 H_Aviation","NMVOC","Gg","7.96597605024234"
"EU27","2009","N14 I_Offroad","NMVOC","Gg","229.248582845541"
"EU27","2009","N14 J_Waste","NMVOC","Gg","87.2279081799682"
"EU27","2009","N14 K_AgriLivestock","NMVOC","Gg","860.247114720472"
"EU27","2009","N14 L_AgriOther","NMVOC","Gg","218.576158080369"
"EU27","2009","N14 M_Other","NMVOC","Gg","1.865895287252"
"EU27","2009","N14 O_AviCruise","NMVOC","Gg","11.9024036189771"
"EU27","2009","N14 P_IntShipping","NMVOC","Gg","60.2268479472405"
"EU27","2009","N14 N_Natural","NMVOC","Gg","2401.16098090749"
"EU27","2009","N14 z_Memo","NMVOC","Gg","1529.97695004522"
"EE","2006","N14 A_PublicPower","NMVOC","Gg","0.7"
"EE","2006","N14 B_Industry","NMVOC","Gg","2.5894744143"
"EE","2006","N14 C_OtherStatComb","NMVOC","Gg","4.190069"
"EE","2006","N14 D_Fugitive","NMVOC","Gg","3.516"
"EE","2006","N14 E_Solvents","NMVOC","Gg","8.311443"
"EE","2006","N14 F_RoadTransport","NMVOC","Gg","5.128134"
"EE","2006","N14 G_Shipping","NMVOC","Gg","0.08195"
"EE","2006","N14 H_Aviation","NMVOC","Gg","0.013062"
"EE","2006","N14 I_Offroad","NMVOC","Gg","1.061983"
"EE","2006","N14 J_Waste","NMVOC","Gg","0.793754"
"EE","2006","N14 K_AgriLivestock","NMVOC","Gg","3.905315"
"EE","2006","N14 L_AgriOther","NMVOC","Gg","0.478232"
"EE","2006","N14 M_Other","NMVOC","Gg","0"
"EE","2006","N14 O_AviCruise","NMVOC","Gg","0.020083"
"EE","2006","N14 P_IntShipping","NMVOC","Gg","0.601549"
"EE","2006","N14 N_Natural","NMVOC","Gg","39.09512"
"EE","2006","N14 z_Memo","NMVOC","Gg","0"
"LV","2016","N14 A_PublicPower","NMVOC","Gg","0.202962885637822"
"LV","2016","N14 B_Industry","NMVOC","Gg","5.74434829449527"
"LV","2016","N14 C_OtherStatComb","NMVOC","Gg","8.72177916781889"
"LV","2016","N14 D_Fugitive","NMVOC","Gg","2.05957412099158"
"LV","2016","N14 E_Solvents","NMVOC","Gg","9.30878756936196"
"LV","2016","N14 F_RoadTransport","NMVOC","Gg","2.63265213207816"
"LV","2016","N14 G_Shipping","NMVOC","Gg","0.0322417901252149"
"LV","2016","N14 H_Aviation","NMVOC","Gg","0.04285729"
"LV","2016","N14 I_Offroad","NMVOC","Gg","1.51315980982866"
"LV","2016","N14 J_Waste","NMVOC","Gg","0.554139928917"
"LV","2016","N14 K_AgriLivestock","NMVOC","Gg","6.34203601987305"
"LV","2016","N14 L_AgriOther","NMVOC","Gg","1.084251"
"LV","2016","N14 M_Other","NMVOC","Gg","0"
"LV","2016","N14 O_AviCruise","NMVOC","Gg","0.0531440985127285"
"LV","2016","N14 P_IntShipping","NMVOC","Gg","0.873747794612931"
"LV","2016","N14 N_Natural","NMVOC","Gg","0.20623"
"LV","2016","N14 z_Memo","NMVOC","Gg","0"
"HU","1995","N14 A_PublicPower","NMVOC","Gg","0.476284079600916"
"HU","1995","N14 B_Industry","NMVOC","Gg","15.9132605738519"
"HU","1995","N14 C_OtherStatComb","NMVOC","Gg","22.4477854860696"
"HU","1995","N14 D_Fugitive","NMVOC","Gg","6.71297561569584"
"HU","1995","N14 E_Solvents","NMVOC","Gg","50.4061191696949"
"HU","1995","N14 F_RoadTransport","NMVOC","Gg","81.8429118043536"
"HU","1995","N14 G_Shipping","NMVOC","Gg","0.0252"
"HU","1995","N14 H_Aviation","NMVOC","Gg","0.00306113384876972"
"HU","1995","N14 I_Offroad","NMVOC","Gg","3.40082941888551"
"HU","1995","N14 J_Waste","NMVOC","Gg","2.0025978986918"
"HU","1995","N14 K_AgriLivestock","NMVOC","Gg","25.2941752181315"
"HU","1995","N14 L_AgriOther","NMVOC","Gg","3.72193032801774"
"HU","1995","N14 M_Other","NMVOC","Gg","0"
"HU","1995","N14 O_AviCruise","NMVOC","Gg","0"
"HU","1995","N14 P_IntShipping","NMVOC","Gg","0"
"HU","1995","N14 N_Natural","NMVOC","Gg","0"
"HU","1995","N14 z_Memo","NMVOC","Gg","0"
"PT","1993","N14 A_PublicPower","NMVOC","Gg","0.404413832259363"
"PT","1993","N14 B_Industry","NMVOC","Gg","17.9299990139008"
"PT","1993","N14 C_OtherStatComb","NMVOC","Gg","26.2803000750317"
"PT","1993","N14 D_Fugitive","NMVOC","Gg","9.85883247950175"
"PT","1993","N14 E_Solvents","NMVOC","Gg","78.2092499624524"
"PT","1993","N14 F_RoadTransport","NMVOC","Gg","98.2379170572611"
"PT","1993","N14 G_Shipping","NMVOC","Gg","0.218072888878772"
"PT","1993","N14 H_Aviation","NMVOC","Gg","1.12691136325489"
"PT","1993","N14 I_Offroad","NMVOC","Gg","1.34903862581423"
"PT","1993","N14 J_Waste","NMVOC","Gg","1.55923256274677"
"PT","1993","N14 K_AgriLivestock","NMVOC","Gg","10.0949349099947"
"PT","1993","N14 L_AgriOther","NMVOC","Gg","7.81833086944803"
"PT","1993","N14 M_Other","NMVOC","Gg","0"
"PT","1993","N14 O_AviCruise","NMVOC","Gg","0.329793221064155"
"PT","1993","N14 P_IntShipping","NMVOC","Gg","1.0241193715028"
"PT","1993","N14 N_Natural","NMVOC","Gg","532.891664591129"
"PT","1993","N14 z_Memo","NMVOC","Gg","0"
"DE","2000","N14 A_PublicPower","NMVOC","Gg","7.00112631355375"
"DE","2000","N14 B_Industry","NMVOC","Gg","40.6861720077742"
"DE","2000","N14 C_OtherStatComb","NMVOC","Gg","59.7918307077993"
"DE","2000","N14 D_Fugitive","NMVOC","Gg","113.396823764657"
"DE","2000","N14 E_Solvents","NMVOC","Gg","854.220008965013"
"DE","2000","N14 F_RoadTransport","NMVOC","Gg","290.933654615278"
"DE","2000","N14 G_Shipping","NMVOC","Gg","1.42355630248833"
"DE","2000","N14 H_Aviation","NMVOC","Gg","1.04783032488617"
"DE","2000","N14 I_Offroad","NMVOC","Gg","51.409426249835"
"DE","2000","N14 J_Waste","NMVOC","Gg","0.157196000000005"
"DE","2000","N14 K_AgriLivestock","NMVOC","Gg","209.327043061164"
"DE","2000","N14 L_AgriOther","NMVOC","Gg","8.78863739546681"
"DE","2000","N14 M_Other","NMVOC","Gg","0"
"DE","2000","N14 O_AviCruise","NMVOC","Gg","1.59960010149409"
"DE","2000","N14 P_IntShipping","NMVOC","Gg","2.89842787331845"
"DE","2000","N14 N_Natural","NMVOC","Gg","0.23149247219"
"DE","2000","N14 z_Memo","NMVOC","Gg","0"
"CZ","1994","N14 A_PublicPower","NMVOC","Gg","7.381281175"
"CZ","1994","N14 B_Industry","NMVOC","Gg","17.044401717"
"CZ","1994","N14 C_OtherStatComb","NMVOC","Gg","140.813287174033"
"CZ","1994","N14 D_Fugitive","NMVOC","Gg","19.768034302"
"CZ","1994","N14 E_Solvents","NMVOC","Gg","132.18956549845"
"CZ","1994","N14 F_RoadTransport","NMVOC","Gg","65.7566560330597"
"CZ","1994","N14 G_Shipping","NMVOC","Gg","0.0752952192"
"CZ","1994","N14 H_Aviation","NMVOC","Gg","0.0557075366661216"
"CZ","1994","N14 I_Offroad","NMVOC","Gg","9.39169552133333"
"CZ","1994","N14 J_Waste","NMVOC","Gg","0.131686799394566"
"CZ","1994","N14 K_AgriLivestock","NMVOC","Gg","0"
"CZ","1994","N14 L_AgriOther","NMVOC","Gg","0"
"CZ","1994","N14 M_Other","NMVOC","Gg","0"
"CZ","1994","N14 O_AviCruise","NMVOC","Gg","0.366168000000001"
"CZ","1994","N14 P_IntShipping","NMVOC","Gg","0"
"CZ","1994","N14 N_Natural","NMVOC","Gg","0"
"CZ","1994","N14 z_Memo","NMVOC","Gg","66.5710432690596"
"BG","2012","N14 A_PublicPower","NMVOC","Gg","0.061041484"
"BG","2012","N14 B_Industry","NMVOC","Gg","2.923050038"
"BG","2012","N14 C_OtherStatComb","NMVOC","Gg","23.749112142"
"BG","2012","N14 D_Fugitive","NMVOC","Gg","11.944913566"
"BG","2012","N14 E_Solvents","NMVOC","Gg","15.5949818157"
"BG","2012","N14 F_RoadTransport","NMVOC","Gg","13.5353246977041"
"BG","2012","N14 G_Shipping","NMVOC","Gg","0.18488353302"
"BG","2012","N14 H_Aviation","NMVOC","Gg","0.018935"
"BG","2012","N14 I_Offroad","NMVOC","Gg","0.618189"
"BG","2012","N14 J_Waste","NMVOC","Gg","3.71018937134"
"BG","2012","N14 K_AgriLivestock","NMVOC","Gg","9.188916488"
"BG","2012","N14 L_AgriOther","NMVOC","Gg","3.06353140342532"
"BG","2012","N14 M_Other","NMVOC","Gg","0"
"BG","2012","N14 O_AviCruise","NMVOC","Gg","0.0806"
"BG","2012","N14 P_IntShipping","NMVOC","Gg","0"
"DE","2007","N14 A_PublicPower","NMVOC","Gg","11.754530053306"
"DE","2007","N14 B_Industry","NMVOC","Gg","44.6959960050248"
"DE","2007","N14 C_OtherStatComb","NMVOC","Gg","37.3284024755008"
"DE","2007","N14 D_Fugitive","NMVOC","Gg","82.1969981469389"
"DE","2007","N14 E_Solvents","NMVOC","Gg","727.916899801808"
"DE","2007","N14 F_RoadTransport","NMVOC","Gg","152.104606895858"
"DE","2007","N14 G_Shipping","NMVOC","Gg","1.24015684736937"
"DE","2007","N14 H_Aviation","NMVOC","Gg","0.981270022113422"
"DE","2007","N14 I_Offroad","NMVOC","Gg","43.2662760678367"
"DE","2007","N14 J_Waste","NMVOC","Gg","0.15594675"
"DE","2007","N14 K_AgriLivestock","NMVOC","Gg","190.953874492266"
"DE","2007","N14 L_AgriOther","NMVOC","Gg","9.18783462610204"
"DE","2007","N14 M_Other","NMVOC","Gg","0"
"DE","2007","N14 O_AviCruise","NMVOC","Gg","1.85797315373778"
"DE","2007","N14 P_IntShipping","NMVOC","Gg","4.39128976327339"
"DE","2007","N14 N_Natural","NMVOC","Gg","0.10737764352"
"DE","2007","N14 z_Memo","NMVOC","Gg","0"
"EU27","2014","N14 A_PublicPower","NMVOC","Gg","39.1446145424271"
"EU27","2014","N14 B_Industry","NMVOC","Gg","629.088595873442"
"EU27","2014","N14 C_OtherStatComb","NMVOC","Gg","966.862716485617"
"EU27","2014","N14 D_Fugitive","NMVOC","Gg","488.895071589091"
"EU27","2014","N14 E_Solvents","NMVOC","Gg","2582.59335967284"
"EU27","2014","N14 F_RoadTransport","NMVOC","Gg","639.60626529839"
"EU27","2014","N14 G_Shipping","NMVOC","Gg","47.0630597972229"
"EU27","2014","N14 H_Aviation","NMVOC","Gg","7.6689478347735"
"EU27","2014","N14 I_Offroad","NMVOC","Gg","170.473048722934"
"EU27","2014","N14 J_Waste","NMVOC","Gg","66.5271137111899"
"EU27","2014","N14 K_AgriLivestock","NMVOC","Gg","857.830465819746"
"EU27","2014","N14 L_AgriOther","NMVOC","Gg","218.32720115642"
"EU27","2014","N14 M_Other","NMVOC","Gg","1.926175197885"
"EU27","2014","N14 O_AviCruise","NMVOC","Gg","11.8906040150324"
"EU27","2014","N14 P_IntShipping","NMVOC","Gg","50.9518335876574"
"EU27","2014","N14 N_Natural","NMVOC","Gg","2451.53507434987"
"EU27","2014","N14 z_Memo","NMVOC","Gg","1512.6323195615"
"ES","1992","N14 A_PublicPower","NMVOC","Gg","0.906804121927597"
"ES","1992","N14 B_Industry","NMVOC","Gg","58.3255616851553"
"ES","1992","N14 C_OtherStatComb","NMVOC","Gg","36.552391146"
"ES","1992","N14 D_Fugitive","NMVOC","Gg","51.705337189483"
"ES","1992","N14 E_Solvents","NMVOC","Gg","338.01096367"
"ES","1992","N14 F_RoadTransport","NMVOC","Gg","374.888733769"
"ES","1992","N14 G_Shipping","NMVOC","Gg","3.849034426"
"ES","1992","N14 H_Aviation","NMVOC","Gg","0.314615405931013"
"ES","1992","N14 I_Offroad","NMVOC","Gg","21.678731009"
"ES","1992","N14 J_Waste","NMVOC","Gg","7.75233334661"
"ES","1992","N14 K_AgriLivestock","NMVOC","Gg","46.084665501"
"ES","1992","N14 L_AgriOther","NMVOC","Gg","79.36733752"
"ES","1992","N14 M_Other","NMVOC","Gg","0"
"ES","1992","N14 O_AviCruise","NMVOC","Gg","0.604079410766317"
"ES","1992","N14 P_IntShipping","NMVOC","Gg","8.884823443"
"ES","1992","N14 N_Natural","NMVOC","Gg","0"
"ES","1992","N14 z_Memo","NMVOC","Gg","0"
"CH","2010","N14 A_PublicPower","NMVOC","Gg","0.180528584526667"
"CH","2010","N14 B_Industry","NMVOC","Gg","6.90371130161252"
"CH","2010","N14 C_OtherStatComb","NMVOC","Gg","4.15908029293063"
"CH","2010","N14 D_Fugitive","NMVOC","Gg","3.71774896678812"
"CH","2010","N14 E_Solvents","NMVOC","Gg","40.3521949540744"
"CH","2010","N14 F_RoadTransport","NMVOC","Gg","13.5817532104809"
"CH","2010","N14 G_Shipping","NMVOC","Gg","0.489641799696806"
"CH","2010","N14 H_Aviation","NMVOC","Gg","0.260967954594708"
"CH","2010","N14 I_Offroad","NMVOC","Gg","3.73342960481186"
"CH","2010","N14 J_Waste","NMVOC","Gg","0.953143669845615"
"CH","2010","N14 K_AgriLivestock","NMVOC","Gg","17.6184375001945"
"CH","2010","N14 L_AgriOther","NMVOC","Gg","0.4647487406024"
"CH","2010","N14 M_Other","NMVOC","Gg","0.194053675779898"
"CH","2010","N14 O_AviCruise","NMVOC","Gg","0.455575719697783"
"CH","2010","N14 P_IntShipping","NMVOC","Gg","0.130187692310897"
"CH","2010","N14 N_Natural","NMVOC","Gg","59.4926635919424"
"CH","2010","N14 z_Memo","NMVOC","Gg","12.7611105208767"
"FI","2016","N14 A_PublicPower","NMVOC","Gg","1.28642514391142"
"FI","2016","N14 B_Industry","NMVOC","Gg","8.68303967463829"
"FI","2016","N14 C_OtherStatComb","NMVOC","Gg","22.8903942675119"
"FI","2016","N14 D_Fugitive","NMVOC","Gg","6.55208592"
"FI","2016","N14 E_Solvents","NMVOC","Gg","16.91850822"
"FI","2016","N14 F_RoadTransport","NMVOC","Gg","6.49344089044534"
"FI","2016","N14 G_Shipping","NMVOC","Gg","3.06773078723942"
"FI","2016","N14 H_Aviation","NMVOC","Gg","0.130866222982389"
"FI","2016","N14 I_Offroad","NMVOC","Gg","6.94409026306085"
"FI","2016","N14 J_Waste","NMVOC","Gg","0.109961658"
"FI","2016","N14 K_AgriLivestock","NMVOC","Gg","13.0313331681579"
"FI","2016","N14 L_AgriOther","NMVOC","Gg","3.75663724363108"
"FI","2016","N14 M_Other","NMVOC","Gg","0"
"FI","2016","N14 O_AviCruise","NMVOC","Gg","0.187852651404814"
"FI","2016","N14 P_IntShipping","NMVOC","Gg","0.6556"
"FI","2016","N14 N_Natural","NMVOC","Gg","0"
"FI","2016","N14 z_Memo","NMVOC","Gg","0"
"SI","2001","N14 A_PublicPower","NMVOC","Gg","0.0879486590405"
"SI","2001","N14 B_Industry","NMVOC","Gg","4.16146655800737"
"SI","2001","N14 C_OtherStatComb","NMVOC","Gg","6.23026270969717"
"SI","2001","N14 D_Fugitive","NMVOC","Gg","4.28908233831036"
"SI","2001","N14 E_Solvents","NMVOC","Gg","13.836227572"
"SI","2001","N14 F_RoadTransport","NMVOC","Gg","13.8285027226027"
"SI","2001","N14 G_Shipping","NMVOC","Gg","0"
"SI","2001","N14 H_Aviation","NMVOC","Gg","0.0596343265"
"SI","2001","N14 I_Offroad","NMVOC","Gg","2.01738705509266"
"SI","2001","N14 J_Waste","NMVOC","Gg","1.28873967908157"
"SI","2001","N14 K_AgriLivestock","NMVOC","Gg","5.73066463798077"
"SI","2001","N14 L_AgriOther","NMVOC","Gg","0.0243178003282931"
"SI","2001","N14 M_Other","NMVOC","Gg","0"
"SI","2001","N14 O_AviCruise","NMVOC","Gg","0"
"SI","2001","N14 P_IntShipping","NMVOC","Gg","0"
"SI","2001","N14 N_Natural","NMVOC","Gg","0"
"SI","2001","N14 z_Memo","NMVOC","Gg","0.00041958"
"HR","2008","N14 A_PublicPower","NMVOC","Gg","0.2984330315"
"HR","2008","N14 B_Industry","NMVOC","Gg","7.74047189287681"
"HR","2008","N14 C_OtherStatComb","NMVOC","Gg","21.56545294955"
"HR","2008","N14 D_Fugitive","NMVOC","Gg","4.97139228141472"
"HR","2008","N14 E_Solvents","NMVOC","Gg","45.53154174835"
"HR","2008","N14 F_RoadTransport","NMVOC","Gg","13.7976213340855"
"HR","2008","N14 G_Shipping","NMVOC","Gg","0.30428112989"
"HR","2008","N14 H_Aviation","NMVOC","Gg","0.02935469443"
"HR","2008","N14 I_Offroad","NMVOC","Gg","2.36939602071363"
"HR","2008","N14 J_Waste","NMVOC","Gg","3.49837445952"
"HR","2008","N14 K_AgriLivestock","NMVOC","Gg","8.19308336377"
"HR","2008","N14 L_AgriOther","NMVOC","Gg","1.10861826"
"HR","2008","N14 M_Other","NMVOC","Gg","0"
"HR","2008","N14 O_AviCruise","NMVOC","Gg","0.04411352586"
"HR","2008","N14 P_IntShipping","NMVOC","Gg","0.05858922314"
"HR","2008","N14 N_Natural","NMVOC","Gg","1.0347"
"HR","2008","N14 z_Memo","NMVOC","Gg","0"
"IS","2013","N14 A_PublicPower","NMVOC","Gg","5.38454e-05"
"IS","2013","N14 B_Industry","NMVOC","Gg","0.433600256659"
"IS","2013","N14 C_OtherStatComb","NMVOC","Gg","0.00092546572"
"IS","2013","N14 D_Fugitive","NMVOC","Gg","0.205678954635428"
"IS","2013","N14 E_Solvents","NMVOC","Gg","1.139104824591"
"IS","2013","N14 F_RoadTransport","NMVOC","Gg","0.773727426989716"
"IS","2013","N14 G_Shipping","NMVOC","Gg","0.0137672"
"IS","2013","N14 H_Aviation","NMVOC","Gg","0.000600752440814999"
"IS","2013","N14 I_Offroad","NMVOC","Gg","0.627857119"
"IS","2013","N14 J_Waste","NMVOC","Gg","0.2545849555"
"IS","2013","N14 K_AgriLivestock","NMVOC","Gg","1.85353706118405"
"IS","2013","N14 L_AgriOther","NMVOC","Gg","6.9109776e-08"
"IS","2013","N14 M_Other","NMVOC","Gg","0"
"IS","2013","N14 O_AviCruise","NMVOC","Gg","0.00144731616687101"
"IS","2013","N14 P_IntShipping","NMVOC","Gg","0.0682013"
"IS","2013","N14 N_Natural","NMVOC","Gg","0"
"IS","2013","N14 z_Memo","NMVOC","Gg","0"
"IE","2006","N14 A_PublicPower","NMVOC","Gg","0.375452579024138"
"IE","2006","N14 B_Industry","NMVOC","Gg","16.5501410734979"
"IE","2006","N14 C_OtherStatComb","NMVOC","Gg","11.2736200166597"
"IE","2006","N14 D_Fugitive","NMVOC","Gg","6.586901869326"
"IE","2006","N14 E_Solvents","NMVOC","Gg","25.4639169648607"
"IE","2006","N14 F_RoadTransport","NMVOC","Gg","14.2050052549779"
"IE","2006","N14 G_Shipping","NMVOC","Gg","0.218325169133283"
"IE","2006","N14 H_Aviation","NMVOC","Gg","0.1428223977959"
"IE","2006","N14 I_Offroad","NMVOC","Gg","1.14965182898945"
"IE","2006","N14 J_Waste","NMVOC","Gg","0.92333752217377"
"IE","2006","N14 K_AgriLivestock","NMVOC","Gg","39.5557343098184"
"IE","2006","N14 L_AgriOther","NMVOC","Gg","3.66403"
"IE","2006","N14 M_Other","NMVOC","Gg","0"
"IE","2006","N14 O_AviCruise","NMVOC","Gg","0.364754010972827"
"IE","2006","N14 P_IntShipping","NMVOC","Gg","0.353462937752819"
"IE","2006","N14 N_Natural","NMVOC","Gg","0"
"IE","2006","N14 z_Memo","NMVOC","Gg","13.9443831230285"
"FI","1990","N14 A_PublicPower","NMVOC","Gg","0.495422707838"
"FI","1990","N14 B_Industry","NMVOC","Gg","24.0519319224763"
"FI","1990","N14 C_OtherStatComb","NMVOC","Gg","14.639757690549"
"FI","1990","N14 D_Fugitive","NMVOC","Gg","14.63002836"
"FI","1990","N14 E_Solvents","NMVOC","Gg","49.028109419"
"FI","1990","N14 F_RoadTransport","NMVOC","Gg","77.4254793047841"
"FI","1990","N14 G_Shipping","NMVOC","Gg","9.64588362634076"
"FI","1990","N14 H_Aviation","NMVOC","Gg","0.111138653041666"
"FI","1990","N14 I_Offroad","NMVOC","Gg","22.278555896394"
"FI","1990","N14 J_Waste","NMVOC","Gg","0.258577257"
"FI","1990","N14 K_AgriLivestock","NMVOC","Gg","13.2695263178334"
"FI","1990","N14 L_AgriOther","NMVOC","Gg","4.59760713894663"
"FI","1990","N14 M_Other","NMVOC","Gg","0"
"FI","1990","N14 O_AviCruise","NMVOC","Gg","0.176173389598809"
"FI","1990","N14 P_IntShipping","NMVOC","Gg","1.31"
"FI","1990","N14 N_Natural","NMVOC","Gg","0"
"FI","1990","N14 z_Memo","NMVOC","Gg","0"
"MD","1993","N14 A_PublicPower","NMVOC","Gg","0.26883726"
"MD","1993","N14 B_Industry","NMVOC","Gg","6.556618358"
"MD","1993","N14 C_OtherStatComb","NMVOC","Gg","3.36592473"
"MD","1993","N14 D_Fugitive","NMVOC","Gg","0"
"MD","1993","N14 E_Solvents","NMVOC","Gg","19.47442"
"MD","1993","N14 F_RoadTransport","NMVOC","Gg","2.9415572440512"
"MD","1993","N14 G_Shipping","NMVOC","Gg","0.00021"
"MD","1993","N14 H_Aviation","NMVOC","Gg","0"
"MD","1993","N14 K_AgriLivestock","NMVOC","Gg","17.296154653"
"MD","1993","N14 L_AgriOther","NMVOC","Gg","1.530397339285"
"MD","2010","N14 A_PublicPower","NMVOC","Gg","0.197264442074"
"MD","2010","N14 B_Industry","NMVOC","Gg","3.7037164391776"
"MD","2010","N14 C_OtherStatComb","NMVOC","Gg","2.80072220823892"
"MD","2010","N14 D_Fugitive","NMVOC","Gg","0"
"MD","2010","N14 E_Solvents","NMVOC","Gg","21.00357"
"MD","2010","N14 F_RoadTransport","NMVOC","Gg","2.999376701875"
"MD","2010","N14 G_Shipping","NMVOC","Gg","0.0002044"
"MD","2010","N14 H_Aviation","NMVOC","Gg","0.000855"
"MD","2010","N14 K_AgriLivestock","NMVOC","Gg","9.97667728608"
"MD","2010","N14 L_AgriOther","NMVOC","Gg","1.3774625682"
"LI","1999","N14 A_PublicPower","NMVOC","Gg","0.00015097912704"
"LI","1999","N14 B_Industry","NMVOC","Gg","0.0224710683789931"
"LI","1999","N14 C_OtherStatComb","NMVOC","Gg","0.00942694233936314"
"LI","1999","N14 D_Fugitive","NMVOC","Gg","0.01634404716"
"LI","1999","N14 E_Solvents","NMVOC","Gg","0.305769882571408"
"LI","1999","N14 F_RoadTransport","NMVOC","Gg","0.128347411306094"
"LI","1999","N14 G_Shipping","NMVOC","Gg","0"
"LI","1999","N14 H_Aviation","NMVOC","Gg","7.4668e-06"
"LI","1999","N14 I_Offroad","NMVOC","Gg","0.032652513300884"
"LI","1999","N14 J_Waste","NMVOC","Gg","0.00503120303127226"
"LI","1999","N14 K_AgriLivestock","NMVOC","Gg","0.054236772"
"LI","1999","N14 L_AgriOther","NMVOC","Gg","3.5591504e-14"
"LI","1999","N14 M_Other","NMVOC","Gg","0"
"CH","1992","N14 A_PublicPower","NMVOC","Gg","0.275197437682667"
"CH","1992","N14 B_Industry","NMVOC","Gg","11.2856400275054"
"CH","1992","N14 C_OtherStatComb","NMVOC","Gg","9.10469706326157"
"CH","1992","N14 D_Fugitive","NMVOC","Gg","20.5277168180246"
"CH","1992","N14 E_Solvents","NMVOC","Gg","127.23635111016"
"CH","1992","N14 F_RoadTransport","NMVOC","Gg","65.1588767293123"
"CH","1992","N14 G_Shipping","NMVOC","Gg","1.58329291730222"
"CH","1992","N14 H_Aviation","NMVOC","Gg","0.272709595235624"
"CH","1992","N14 I_Offroad","NMVOC","Gg","7.59639286139175"
"CH","1992","N14 J_Waste","NMVOC","Gg","0.74718887950291"
"CH","1992","N14 K_AgriLivestock","NMVOC","Gg","17.8670007472762"
"CH","1992","N14 L_AgriOther","NMVOC","Gg","0.4811712342311"
"CH","1992","N14 M_Other","NMVOC","Gg","0.220585373279301"
"CH","1992","N14 O_AviCruise","NMVOC","Gg","0.519618455077423"
"CH","1992","N14 P_IntShipping","NMVOC","Gg","0.385340706977546"
"CH","1992","N14 N_Natural","NMVOC","Gg","62.949804409523"
"CH","1992","N14 z_Memo","NMVOC","Gg","60.5331107875721"
"TR","2004","N14 A_PublicPower","NMVOC","Gg","1.449692816802"
"TR","2004","N14 B_Industry","NMVOC","Gg","128.473244706646"
"TR","2004","N14 C_OtherStatComb","NMVOC","Gg","206.95313808636"
"TR","2004","N14 D_Fugitive","NMVOC","Gg","0"
"TR","2004","N14 E_Solvents","NMVOC","Gg","243.837116932074"
"TR","2004","N14 F_RoadTransport","NMVOC","Gg","69.8938178518383"
"TR","2004","N14 G_Shipping","NMVOC","Gg","1.03491"
"TR","2004","N14 H_Aviation","NMVOC","Gg","2.8437938611061"
"TR","2004","N14 I_Offroad","NMVOC","Gg","0.82305"
"TR","2004","N14 J_Waste","NMVOC","Gg","38.237038"
"TR","2004","N14 K_AgriLivestock","NMVOC","Gg","151.93488332971"
"TR","2004","N14 L_AgriOther","NMVOC","Gg","167.34357604518"
"TR","2004","N14 M_Other","NMVOC","Gg","0"
"TR","2004","N14 O_AviCruise","NMVOC","Gg","0.780986024602654"
"TR","2004","N14 P_IntShipping","NMVOC","Gg","0"
"TR","2004","N14 N_Natural","NMVOC","Gg","0"
"FR","2004","N14 A_PublicPower","NMVOC","Gg","0.988433573241614"
"FR","2004","N14 B_Industry","NMVOC","Gg","82.6379998923331"
"FR","2004","N14 C_OtherStatComb","NMVOC","Gg","303.029212128345"
"FR","2004","N14 D_Fugitive","NMVOC","Gg","47.982655737903"
"FR","2004","N14 E_Solvents","NMVOC","Gg","475.609545527407"
"FR","2004","N14 F_RoadTransport","NMVOC","Gg","268.557401798464"
"FR","2004","N14 G_Shipping","NMVOC","Gg","22.1429039699465"
"FR","2004","N14 H_Aviation","NMVOC","Gg","1.34909292580344"
"FR","2004","N14 I_Offroad","NMVOC","Gg","50.6341890861858"
"FR","2004","N14 J_Waste","NMVOC","Gg","12.9558107507784"
"FR","2004","N14 K_AgriLivestock","NMVOC","Gg","0"
"FR","2004","N14 L_AgriOther","NMVOC","Gg","2.35951873524484"
"FR","2004","N14 M_Other","NMVOC","Gg","0"
"FR","2004","N14 O_AviCruise","NMVOC","Gg","1.94288297664352"
"FR","2004","N14 P_IntShipping","NMVOC","Gg","8.24050669923967"
"FR","2004","N14 N_Natural","NMVOC","Gg","108.294936400567"
"FR","2004","N14 z_Memo","NMVOC","Gg","1458.18484462706"
"EU15","1993","N14 A_PublicPower","NMVOC","Gg","23.8257109315064"
"EU15","1993","N14 B_Industry","NMVOC","Gg","750.336762343487"
"EU15","1993","N14 C_OtherStatComb","NMVOC","Gg","1087.05956483667"
"EU15","1993","N14 D_Fugitive","NMVOC","Gg","1355.86370893358"
"EU15","1993","N14 E_Solvents","NMVOC","Gg","3790.02927904691"
"EU15","1993","N14 F_RoadTransport","NMVOC","Gg","4364.33704069503"
"EU15","1993","N14 G_Shipping","NMVOC","Gg","94.550544216254"
"EU15","1993","N14 H_Aviation","NMVOC","Gg","10.8150205514783"
"EU15","1993","N14 I_Offroad","NMVOC","Gg","340.399085013339"
"EU15","1993","N14 J_Waste","NMVOC","Gg","59.5547094839595"
"EU15","1993","N14 K_AgriLivestock","NMVOC","Gg","715.387650327358"
"EU15","1993","N14 L_AgriOther","NMVOC","Gg","215.545455594097"
"EU15","1993","N14 M_Other","NMVOC","Gg","1.297386499781"
"EU15","1993","N14 O_AviCruise","NMVOC","Gg","8.29716100013952"
"EU15","1993","N14 P_IntShipping","NMVOC","Gg","37.3532205032802"
"EU15","1993","N14 N_Natural","NMVOC","Gg","1977.17092148983"
"EU15","1993","N14 z_Memo","NMVOC","Gg","1402.88197047926"
"BE","2013","N14 A_PublicPower","NMVOC","Gg","0.448382244164662"
"BE","2013","N14 B_Industry","NMVOC","Gg","17.9930008436261"
"BE","2013","N14 C_OtherStatComb","NMVOC","Gg","16.5943570442554"
"BE","2013","N14 D_Fugitive","NMVOC","Gg","6.7795161481028"
"BE","2013","N14 E_Solvents","NMVOC","Gg","38.7349072229086"
"BE","2013","N14 F_RoadTransport","NMVOC","Gg","8.31956134581006"
"BE","2013","N14 G_Shipping","NMVOC","Gg","0.265025746133551"
"BE","2013","N14 H_Aviation","NMVOC","Gg","0.150396344144417"
"BE","2013","N14 I_Offroad","NMVOC","Gg","4.74455292577109"
"BE","2013","N14 J_Waste","NMVOC","Gg","0.9322648997065"
"BE","2013","N14 K_AgriLivestock","NMVOC","Gg","24.267132039"
"BE","2013","N14 L_AgriOther","NMVOC","Gg","1.1895952332"
"BE","2013","N14 M_Other","NMVOC","Gg","0"
"BE","2013","N14 O_AviCruise","NMVOC","Gg","0.626036706269707"
"BE","2013","N14 P_IntShipping","NMVOC","Gg","0.645970237166751"
"BE","2013","N14 N_Natural","NMVOC","Gg","47.2816388071"
"BE","2013","N14 z_Memo","NMVOC","Gg","8.09663192769417"
"FR","1989","N14 A_PublicPower","NMVOC","Gg","3.0154047673"
"FR","1989","N14 B_Industry","NMVOC","Gg","92.8002273058317"
"FR","1989","N14 C_OtherStatComb","NMVOC","Gg","491.911539380317"
"FR","1989","N14 D_Fugitive","NMVOC","Gg","207.666544615695"
"FR","1989","N14 E_Solvents","NMVOC","Gg","671.250335497012"
"FR","1989","N14 F_RoadTransport","NMVOC","Gg","933.65178452378"
"FR","1989","N14 G_Shipping","NMVOC","Gg","9.42987530469417"
"FR","1989","N14 H_Aviation","NMVOC","Gg","3.36949429123397"
"FR","1989","N14 I_Offroad","NMVOC","Gg","58.0889438186325"
"FR","1989","N14 J_Waste","NMVOC","Gg","10.4517926687594"
"FR","1989","N14 K_AgriLivestock","NMVOC","Gg","0"
"FR","1989","N14 L_AgriOther","NMVOC","Gg","2.40231357898945"
"FR","1989","N14 M_Other","NMVOC","Gg","0"
"FR","1989","N14 O_AviCruise","NMVOC","Gg","1.07346693818257"
"FR","1989","N14 P_IntShipping","NMVOC","Gg","6.22047022327972"
"FR","1989","N14 N_Natural","NMVOC","Gg","144.173945100503"
"FR","1989","N14 z_Memo","NMVOC","Gg","1329.61189734938"
"AT","1995","N14 A_PublicPower","NMVOC","Gg","0.238416376838656"
"AT","1995","N14 B_Industry","NMVOC","Gg","4.83747251170425"
"AT","1995","N14 C_OtherStatComb","NMVOC","Gg","36.6527796453641"
"AT","1995","N14 D_Fugitive","NMVOC","Gg","9.48830580090849"
"AT","1995","N14 E_Solvents","NMVOC","Gg","81.3433983541255"
"AT","1995","N14 F_RoadTransport","NMVOC","Gg","47.3840582864524"
"AT","1995","N14 G_Shipping","NMVOC","Gg","0.619113041707654"
"AT","1995","N14 H_Aviation","NMVOC","Gg","0.245095194761154"
"AT","1995","N14 I_Offroad","NMVOC","Gg","9.22326468948175"
"AT","1995","N14 J_Waste","NMVOC","Gg","0.138668589059378"
"AT","1995","N14 K_AgriLivestock","NMVOC","Gg","31.7324309052961"
"AT","1995","N14 L_AgriOther","NMVOC","Gg","15.0810756851487"
"AT","1995","N14 M_Other","NMVOC","Gg","0"
"AT","1995","N14 O_AviCruise","NMVOC","Gg","0.28550148258143"
"AT","1995","N14 P_IntShipping","NMVOC","Gg","0"
"AT","1995","N14 N_Natural","NMVOC","Gg","0"
"AT","1995","N14 z_Memo","NMVOC","Gg","48.6532846432063"
"NL","2007","N14 A_PublicPower","NMVOC","Gg","0.396943982"
"NL","2007","N14 B_Industry","NMVOC","Gg","27.3722335"
"NL","2007","N14 C_OtherStatComb","NMVOC","Gg","13.427318929"
"NL","2007","N14 D_Fugitive","NMVOC","Gg","18.14505626"
"NL","2007","N14 E_Solvents","NMVOC","Gg","80.881051212"
"NL","2007","N14 F_RoadTransport","NMVOC","Gg","39.52407361"
"NL","2007","N14 G_Shipping","NMVOC","Gg","1.377076477"
"NL","2007","N14 H_Aviation","NMVOC","Gg","0.293506339"
"NL","2007","N14 I_Offroad","NMVOC","Gg","9.285055407"
"NL","2007","N14 J_Waste","NMVOC","Gg","1.686288897"
"NL","2007","N14 K_AgriLivestock","NMVOC","Gg","45.462183009"
"NL","2007","N14 L_AgriOther","NMVOC","Gg","24.406947338"
"NL","2007","N14 M_Other","NMVOC","Gg","0.409990916"
"NL","2007","N14 O_AviCruise","NMVOC","Gg","0"
"NL","2007","N14 P_IntShipping","NMVOC","Gg","3.578412137"
"NL","2007","N14 N_Natural","NMVOC","Gg","0"
"NL","2007","N14 z_Memo","NMVOC","Gg","38.501473868"
"IT","1990","N14 A_PublicPower","NMVOC","Gg","3.6323928812916"
"IT","1990","N14 B_Industry","NMVOC","Gg","76.1351629196132"
"IT","1990","N14 C_OtherStatComb","NMVOC","Gg","102.750009338609"
"IT","1990","N14 D_Fugitive","NMVOC","Gg","121.199320148915"
"IT","1990","N14 E_Solvents","NMVOC","Gg","623.124341732929"
"IT","1990","N14 F_RoadTransport","NMVOC","Gg","776.648125715252"
"IT","1990","N14 G_Shipping","NMVOC","Gg","46.1053470561419"
"IT","1990","N14 H_Aviation","NMVOC","Gg","0.310663394429078"
"IT","1990","N14 I_Offroad","NMVOC","Gg","87.0667872249136"
"IT","1990","N14 J_Waste","NMVOC","Gg","11.0758501827131"
"IT","1990","N14 K_AgriLivestock","NMVOC","Gg","122.351753426291"
"IT","1990","N14 L_AgriOther","NMVOC","Gg","31.105562431315"
"IT","1990","N14 M_Other","NMVOC","Gg","0"
"IT","1990","N14 O_AviCruise","NMVOC","Gg","0.372703741081923"
"IT","1990","N14 P_IntShipping","NMVOC","Gg","3.34367922940652"
"IT","1990","N14 N_Natural","NMVOC","Gg","1155.61501766838"
"IT","1990","N14 z_Memo","NMVOC","Gg","0"
"IT","2017","N14 A_PublicPower","NMVOC","Gg","2.74942418760027"
"IT","2017","N14 B_Industry","NMVOC","Gg","45.1831213100351"
"IT","2017","N14 C_OtherStatComb","NMVOC","Gg","205.105778096659"
"IT","2017","N14 D_Fugitive","NMVOC","Gg","45.5072157042883"
"IT","2017","N14 E_Solvents","NMVOC","Gg","353.236977377536"
"IT","2017","N14 F_RoadTransport","NMVOC","Gg","111.591080243402"
"IT","2017","N14 G_Shipping","NMVOC","Gg","15.5819511142544"
"IT","2017","N14 H_Aviation","NMVOC","Gg","0.751435242688653"
"IT","2017","N14 I_Offroad","NMVOC","Gg","10.0578758511261"
"IT","2017","N14 J_Waste","NMVOC","Gg","10.5329555826243"
"IT","2017","N14 K_AgriLivestock","NMVOC","Gg","110.217675518989"
"IT","2017","N14 L_AgriOther","NMVOC","Gg","24.4844654981899"
"IT","2017","N14 M_Other","NMVOC","Gg","0"
"IT","2017","N14 O_AviCruise","NMVOC","Gg","1.25898412271747"
"IT","2017","N14 P_IntShipping","NMVOC","Gg","5.34049287494174"
"IT","2017","N14 N_Natural","NMVOC","Gg","1464.31932673979"
"IT","2017","N14 z_Memo","NMVOC","Gg","0"
"CH","1996","N14 A_PublicPower","NMVOC","Gg","0.228630465311077"
"CH","1996","N14 B_Industry","NMVOC","Gg","9.13189071787854"
"CH","1996","N14 C_OtherStatComb","NMVOC","Gg","8.00887293040641"
"CH","1996","N14 D_Fugitive","NMVOC","Gg","12.4498579507788"
"CH","1996","N14 E_Solvents","NMVOC","Gg","90.8818161946566"
"CH","1996","N14 F_RoadTransport","NMVOC","Gg","41.1409736106419"
"CH","1996","N14 G_Shipping","NMVOC","Gg","1.39338171875269"
"CH","1996","N14 H_Aviation","NMVOC","Gg","0.244565906787061"
"CH","1996","N14 I_Offroad","NMVOC","Gg","7.79466099841398"
"CH","1996","N14 J_Waste","NMVOC","Gg","0.696672866931615"
"CH","1996","N14 K_AgriLivestock","NMVOC","Gg","18.0466048725057"
"CH","1996","N14 L_AgriOther","NMVOC","Gg","0.479528563713"
"CH","1996","N14 M_Other","NMVOC","Gg","0.216864294609968"
"CH","1996","N14 O_AviCruise","NMVOC","Gg","0.457928566114832"
"CH","1996","N14 P_IntShipping","NMVOC","Gg","0.327827996094931"
"CH","1996","N14 N_Natural","NMVOC","Gg","55.093676342858"
"CH","1996","N14 z_Memo","NMVOC","Gg","40.5353798534634"
"IS","2009","N14 A_PublicPower","NMVOC","Gg","0.00019324056"
"IS","2009","N14 B_Industry","NMVOC","Gg","0.398622344770726"
"IS","2009","N14 C_OtherStatComb","NMVOC","Gg","0.000681931126"
"IS","2009","N14 D_Fugitive","NMVOC","Gg","0.219850332467887"
"IS","2009","N14 E_Solvents","NMVOC","Gg","1.27501856131"
"IS","2009","N14 F_RoadTransport","NMVOC","Gg","1.30449840412526"
"IS","2009","N14 G_Shipping","NMVOC","Gg","0.0275703"
"IS","2009","N14 H_Aviation","NMVOC","Gg","0.000493925129269384"
"IS","2009","N14 I_Offroad","NMVOC","Gg","0.800950059"
"IS","2009","N14 J_Waste","NMVOC","Gg","0.292599931129113"
"IS","2009","N14 K_AgriLivestock","NMVOC","Gg","1.91684759623093"
"IS","2009","N14 L_AgriOther","NMVOC","Gg","7.127121768e-08"
"IS","2009","N14 M_Other","NMVOC","Gg","0"
"IS","2009","N14 O_AviCruise","NMVOC","Gg","0.00115664266540114"
"IS","2009","N14 P_IntShipping","NMVOC","Gg","0.0070434"
"IS","2009","N14 N_Natural","NMVOC","Gg","0"
"IS","2009","N14 z_Memo","NMVOC","Gg","0"
"CA","1996","N14 A_PublicPower","NMVOC","Gg","3.50235961995523"
"CA","1996","N14 B_Industry","NMVOC","Gg","286.636836374954"
"CA","1996","N14 C_OtherStatComb","NMVOC","Gg","341.593125334684"
"CA","1996","N14 D_Fugitive","NMVOC","Gg","700.928838005669"
"CA","1996","N14 E_Solvents","NMVOC","Gg","379.114026453844"
"CA","1996","N14 F_RoadTransport","NMVOC","Gg","376.710770765489"
"CA","1996","N14 G_Shipping","NMVOC","Gg","6.73728662310307"
"CA","1996","N14 H_Aviation","NMVOC","Gg","1.95272482576799"
"CA","1996","N14 I_Offroad","NMVOC","Gg","808.702972691057"
"CA","1996","N14 J_Waste","NMVOC","Gg","15.2322577884743"
"CA","1996","N14 K_AgriLivestock","NMVOC","Gg","114.415406003534"
"CA","1996","N14 L_AgriOther","NMVOC","Gg","2.2694492979144"
"CA","1996","N14 M_Other","NMVOC","Gg","28.3056221489559"
"CA","1996","N14 O_AviCruise","NMVOC","Gg","2.95460748147673"
"CA","1996","N14 P_IntShipping","NMVOC","Gg","0"
"CA","1996","N14 N_Natural","NMVOC","Gg","0"
"CA","1996","N14 z_Memo","NMVOC","Gg","0"
"FR","1985","N14 A_PublicPower","NMVOC","Gg","0"
"FR","1985","N14 B_Industry","NMVOC","Gg","0"
"FR","1985","N14 C_OtherStatComb","NMVOC","Gg","0"
"FR","1985","N14 D_Fugitive","NMVOC","Gg","0"
"FR","1985","N14 E_Solvents","NMVOC","Gg","0"
"FR","1985","N14 F_RoadTransport","NMVOC","Gg","0"
"FR","1985","N14 G_Shipping","NMVOC","Gg","0"
"FR","1985","N14 H_Aviation","NMVOC","Gg","0"
"FR","1985","N14 I_Offroad","NMVOC","Gg","0"
"FR","1985","N14 J_Waste","NMVOC","Gg","0"
"FR","1985","N14 K_AgriLivestock","NMVOC","Gg","0"
"FR","1985","N14 L_AgriOther","NMVOC","Gg","0"
"FR","1985","N14 M_Other","NMVOC","Gg","0"
"FR","1985","N14 O_AviCruise","NMVOC","Gg","0"
"FR","1985","N14 P_IntShipping","NMVOC","Gg","0"
"FR","1985","N14 N_Natural","NMVOC","Gg","0"
"FR","1985","N14 z_Memo","NMVOC","Gg","0"
"EU28","1992","N14 A_PublicPower","NMVOC","Gg","39.6423044963556"
"EU28","1992","N14 B_Industry","NMVOC","Gg","978.704167843324"
"EU28","1992","N14 C_OtherStatComb","NMVOC","Gg","1760.56319559764"
"EU28","1992","N14 D_Fugitive","NMVOC","Gg","1614.65858663631"
"EU28","1992","N14 E_Solvents","NMVOC","Gg","4819.80811274441"
"EU28","1992","N14 F_RoadTransport","NMVOC","Gg","5139.43554112217"
"EU28","1992","N14 G_Shipping","NMVOC","Gg","97.5814132467929"
"EU28","1992","N14 H_Aviation","NMVOC","Gg","12.0267923982382"
"EU28","1992","N14 I_Offroad","NMVOC","Gg","397.04738103563"
"EU28","1992","N14 J_Waste","NMVOC","Gg","101.860951705989"
"EU28","1992","N14 K_AgriLivestock","NMVOC","Gg","1014.06598088817"
"EU28","1992","N14 L_AgriOther","NMVOC","Gg","248.634524416341"
"EU28","1992","N14 M_Other","NMVOC","Gg","1.31940321293646"
"EU28","1992","N14 O_AviCruise","NMVOC","Gg","9.18722064043601"
"EU28","1992","N14 P_IntShipping","NMVOC","Gg","39.3637067680755"
"EU28","1992","N14 N_Natural","NMVOC","Gg","2154.31215953906"
"EU28","1992","N14 z_Memo","NMVOC","Gg","1421.5098605866"
"RS","2007","N14 A_PublicPower","NMVOC","Gg","0.506626795"
"RS","2007","N14 B_Industry","NMVOC","Gg","11.5579740603027"
"RS","2007","N14 C_OtherStatComb","NMVOC","Gg","29.0391210068677"
"RS","2007","N14 D_Fugitive","NMVOC","Gg","35.42706045813"
"RS","2007","N14 E_Solvents","NMVOC","Gg","17.9318526416306"
"RS","2007","N14 F_RoadTransport","NMVOC","Gg","28.587512683"
"RS","2007","N14 G_Shipping","NMVOC","Gg","0.0459"
"RS","2007","N14 H_Aviation","NMVOC","Gg","0.021724"
"RS","2007","N14 I_Offroad","NMVOC","Gg","1.512559"
"RS","2007","N14 J_Waste","NMVOC","Gg","0.00414185603518518"
"RS","2007","N14 K_AgriLivestock","NMVOC","Gg","19.4217603016625"
"RS","2007","N14 L_AgriOther","NMVOC","Gg","3.0726639"
"RS","2007","N14 M_Other","NMVOC","Gg","0"
"RS","2007","N14 O_AviCruise","NMVOC","Gg","0.00371554"
"RS","2007","N14 P_IntShipping","NMVOC","Gg","0"
"RS","2007","N14 N_Natural","NMVOC","Gg","7.75635"
"RS","2007","N14 z_Memo","NMVOC","Gg","0"
"TR","1994","N14 A_PublicPower","NMVOC","Gg","0.876758520456"
"TR","1994","N14 B_Industry","NMVOC","Gg","99.9471453726559"
"TR","1994","N14 C_OtherStatComb","NMVOC","Gg","250.05764409621"
"TR","1994","N14 D_Fugitive","NMVOC","Gg","0"
"TR","1994","N14 E_Solvents","NMVOC","Gg","194.705368081297"
"TR","1994","N14 F_RoadTransport","NMVOC","Gg","26.615143165276"
"TR","1994","N14 G_Shipping","NMVOC","Gg","0.5266593"
"TR","1994","N14 H_Aviation","NMVOC","Gg","0.97205895705515"
"TR","1994","N14 I_Offroad","NMVOC","Gg","1.09050705"
"TR","1994","N14 J_Waste","NMVOC","Gg","26.3914167843935"
"TR","1994","N14 K_AgriLivestock","NMVOC","Gg","176.381007547"
"TR","1994","N14 L_AgriOther","NMVOC","Gg","193.581139787"
"TR","1994","N14 M_Other","NMVOC","Gg","0"
"TR","1994","N14 O_AviCruise","NMVOC","Gg","0.26695481375525"
"TR","1994","N14 P_IntShipping","NMVOC","Gg","0"
"TR","1994","N14 N_Natural","NMVOC","Gg","0"
"SI","2002","N14 A_PublicPower","NMVOC","Gg","0.09178310773067"
"SI","2002","N14 B_Industry","NMVOC","Gg","4.26386984821848"
"SI","2002","N14 C_OtherStatComb","NMVOC","Gg","6.52106565502399"
"SI","2002","N14 D_Fugitive","NMVOC","Gg","4.33567422789885"
"SI","2002","N14 E_Solvents","NMVOC","Gg","14.027888435"
"SI","2002","N14 F_RoadTransport","NMVOC","Gg","11.8437171467754"
"SI","2002","N14 G_Shipping","NMVOC","Gg","0"
"SI","2002","N14 H_Aviation","NMVOC","Gg","0.0609688658"
"SI","2002","N14 I_Offroad","NMVOC","Gg","2.00444722511543"
"SI","2002","N14 J_Waste","NMVOC","Gg","1.28931901586694"
"SI","2002","N14 K_AgriLivestock","NMVOC","Gg","5.996539966669"
"SI","2002","N14 L_AgriOther","NMVOC","Gg","0.0252038233356824"
"SI","2002","N14 M_Other","NMVOC","Gg","0"
"SI","2002","N14 O_AviCruise","NMVOC","Gg","0"
"SI","2002","N14 P_IntShipping","NMVOC","Gg","0"
"SI","2002","N14 N_Natural","NMVOC","Gg","0"
"SI","2002","N14 z_Memo","NMVOC","Gg","0.00041958"
"BE","1998","N14 A_PublicPower","NMVOC","Gg","0.4127480659294"
"BE","1998","N14 B_Industry","NMVOC","Gg","31.5028386096558"
"BE","1998","N14 C_OtherStatComb","NMVOC","Gg","12.5281000910809"
"BE","1998","N14 D_Fugitive","NMVOC","Gg","30.9699266824576"
"BE","1998","N14 E_Solvents","NMVOC","Gg","83.1427765412436"
"BE","1998","N14 F_RoadTransport","NMVOC","Gg","47.0430161589966"
"BE","1998","N14 G_Shipping","NMVOC","Gg","0.341910110689899"
"BE","1998","N14 H_Aviation","NMVOC","Gg","0.154372077598346"
"BE","1998","N14 I_Offroad","NMVOC","Gg","6.01348566004949"
"BE","1998","N14 J_Waste","NMVOC","Gg","2.76196537710914"
"BE","1998","N14 K_AgriLivestock","NMVOC","Gg","29.189252295"
"BE","1998","N14 L_AgriOther","NMVOC","Gg","1.1891140312"
"BE","1998","N14 M_Other","NMVOC","Gg","0"
"BE","1998","N14 O_AviCruise","NMVOC","Gg","0.313532031459526"
"BE","1998","N14 P_IntShipping","NMVOC","Gg","1.14136635787933"
"BE","1998","N14 N_Natural","NMVOC","Gg","46.568630762"
"BE","1998","N14 z_Memo","NMVOC","Gg","39.374390087207"
"SI","1981","N14 A_PublicPower","NMVOC","Gg","0"
"SI","1981","N14 B_Industry","NMVOC","Gg","0"
"SI","1981","N14 C_OtherStatComb","NMVOC","Gg","0"
"SI","1981","N14 D_Fugitive","NMVOC","Gg","0"
"SI","1981","N14 E_Solvents","NMVOC","Gg","0"
"SI","1981","N14 F_RoadTransport","NMVOC","Gg","0"
"SI","1981","N14 G_Shipping","NMVOC","Gg","0"
"SI","1981","N14 H_Aviation","NMVOC","Gg","0"
"SI","1981","N14 I_Offroad","NMVOC","Gg","0"
"SI","1981","N14 J_Waste","NMVOC","Gg","0"
"SI","1981","N14 K_AgriLivestock","NMVOC","Gg","0"
"SI","1981","N14 L_AgriOther","NMVOC","Gg","0"
"SI","1981","N14 M_Other","NMVOC","Gg","0"
"SI","1981","N14 O_AviCruise","NMVOC","Gg","0"
"SI","1981","N14 P_IntShipping","NMVOC","Gg","0"
"SI","1981","N14 N_Natural","NMVOC","Gg","0"
"SI","1981","N14 z_Memo","NMVOC","Gg","0"
"CH","2013","N14 A_PublicPower","NMVOC","Gg","0.154366995866667"
"CH","2013","N14 B_Industry","NMVOC","Gg","6.64215197635003"
"CH","2013","N14 C_OtherStatComb","NMVOC","Gg","3.56391566362941"
"CH","2013","N14 D_Fugitive","NMVOC","Gg","3.77285644984726"
"CH","2013","N14 E_Solvents","NMVOC","Gg","38.4869193001498"
"CH","2013","N14 F_RoadTransport","NMVOC","Gg","10.6751285124458"
"CH","2013","N14 G_Shipping","NMVOC","Gg","0.465723679941755"
"CH","2013","N14 H_Aviation","NMVOC","Gg","0.240710115519912"
"CH","2013","N14 I_Offroad","NMVOC","Gg","2.81773205975364"
"CH","2013","N14 J_Waste","NMVOC","Gg","1.13848780085661"
"CH","2013","N14 K_AgriLivestock","NMVOC","Gg","17.3682343589108"
"CH","2013","N14 L_AgriOther","NMVOC","Gg","0.4627126150431"
"CH","2013","N14 M_Other","NMVOC","Gg","0.235408780959767"
"CH","2013","N14 O_AviCruise","NMVOC","Gg","0.543209035102764"
"CH","2013","N14 P_IntShipping","NMVOC","Gg","0.0811669031026909"
"CH","2013","N14 N_Natural","NMVOC","Gg","62.8705428341793"
"CH","2013","N14 z_Memo","NMVOC","Gg","10.3342462426852"
"DK","1995","N14 A_PublicPower","NMVOC","Gg","2.84247272232384"
"DK","1995","N14 B_Industry","NMVOC","Gg","5.34030909346786"
"DK","1995","N14 C_OtherStatComb","NMVOC","Gg","15.4389256594789"
"DK","1995","N14 D_Fugitive","NMVOC","Gg","11.8591824175861"
"DK","1995","N14 E_Solvents","NMVOC","Gg","45.7183793908503"
"DK","1995","N14 F_RoadTransport","NMVOC","Gg","59.4588673401405"
"DK","1995","N14 G_Shipping","NMVOC","Gg","0.488162294912471"
"DK","1995","N14 H_Aviation","NMVOC","Gg","0.249742824427616"
"DK","1995","N14 I_Offroad","NMVOC","Gg","9.94057071680362"
"DK","1995","N14 J_Waste","NMVOC","Gg","1.45572081681362"
"DK","1995","N14 K_AgriLivestock","NMVOC","Gg","36.7444790225234"
"DK","1995","N14 L_AgriOther","NMVOC","Gg","1.58856060375"
"DK","1995","N14 M_Other","NMVOC","Gg","0"
"DK","1995","N14 O_AviCruise","NMVOC","Gg","0.123537728755424"
"DK","1995","N14 P_IntShipping","NMVOC","Gg","3.50052798052131"
"DK","1995","N14 N_Natural","NMVOC","Gg","0"
"DK","1995","N14 z_Memo","NMVOC","Gg","0"
"BG","1994","N14 A_PublicPower","NMVOC","Gg","0.057866253"
"BG","1994","N14 B_Industry","NMVOC","Gg","9.49493144"
"BG","1994","N14 C_OtherStatComb","NMVOC","Gg","15.0384273"
"BG","1994","N14 D_Fugitive","NMVOC","Gg","19.978742595"
"BG","1994","N14 E_Solvents","NMVOC","Gg","42.0208921025"
"BG","1994","N14 F_RoadTransport","NMVOC","Gg","41.6629578208539"
"BG","1994","N14 G_Shipping","NMVOC","Gg","0.7319"
"BG","1994","N14 H_Aviation","NMVOC","Gg","0.0210309"
"BG","1994","N14 I_Offroad","NMVOC","Gg","1.90342605951888"
"BG","1994","N14 J_Waste","NMVOC","Gg","10.5913353240446"
"BG","1994","N14 K_AgriLivestock","NMVOC","Gg","15.8074551568273"
"BG","1994","N14 L_AgriOther","NMVOC","Gg","3.18817349602784"
"BG","1994","N14 M_Other","NMVOC","Gg","0"
"BG","1994","N14 O_AviCruise","NMVOC","Gg","0.151471428571429"
"BG","1994","N14 P_IntShipping","NMVOC","Gg","0"
"FI","2001","N14 A_PublicPower","NMVOC","Gg","0.713009868101198"
"FI","2001","N14 B_Industry","NMVOC","Gg","14.7373127210719"
"FI","2001","N14 C_OtherStatComb","NMVOC","Gg","17.9754491754538"
"FI","2001","N14 D_Fugitive","NMVOC","Gg","8.4943275"
"FI","2001","N14 E_Solvents","NMVOC","Gg","33.410644204"
"FI","2001","N14 F_RoadTransport","NMVOC","Gg","48.1835896963093"
"FI","2001","N14 G_Shipping","NMVOC","Gg","8.95972479652707"
"FI","2001","N14 H_Aviation","NMVOC","Gg","0.179451983273024"
"FI","2001","N14 I_Offroad","NMVOC","Gg","24.6308724077996"
"FI","2001","N14 J_Waste","NMVOC","Gg","0.207833779"
"FI","2001","N14 K_AgriLivestock","NMVOC","Gg","12.462268819654"
"FI","2001","N14 L_AgriOther","NMVOC","Gg","4.29777747618009"
"FI","2001","N14 M_Other","NMVOC","Gg","0"
"FI","2001","N14 O_AviCruise","NMVOC","Gg","0.176191993881165"
"FI","2001","N14 P_IntShipping","NMVOC","Gg","1.171"
"FI","2001","N14 N_Natural","NMVOC","Gg","0"
"FI","2001","N14 z_Memo","NMVOC","Gg","0"
"HR","1997","N14 A_PublicPower","NMVOC","Gg","0.60748245784"
"HR","1997","N14 B_Industry","NMVOC","Gg","11.04956653837"
"HR","1997","N14 C_OtherStatComb","NMVOC","Gg","23.99772103653"
"HR","1997","N14 D_Fugitive","NMVOC","Gg","4.9972932521726"
"HR","1997","N14 E_Solvents","NMVOC","Gg","28.4726664449678"
"HR","1997","N14 F_RoadTransport","NMVOC","Gg","29.5854538026686"
"HR","1997","N14 G_Shipping","NMVOC","Gg","0.273172141698"
"HR","1997","N14 H_Aviation","NMVOC","Gg","0.01177854406"
"HR","1997","N14 I_Offroad","NMVOC","Gg","2.29901254863919"
"HR","1997","N14 J_Waste","NMVOC","Gg","2.07961890464"
"HR","1997","N14 K_AgriLivestock","NMVOC","Gg","8.688827428016"
"HR","1997","N14 L_AgriOther","NMVOC","Gg","2.28631774"
"HR","1997","N14 M_Other","NMVOC","Gg","0"
"HR","1997","N14 O_AviCruise","NMVOC","Gg","0.03150146924"
"HR","1997","N14 P_IntShipping","NMVOC","Gg","0.06494986142"
"HR","1997","N14 N_Natural","NMVOC","Gg","1.2075"
"HR","1997","N14 z_Memo","NMVOC","Gg","0"
"EU27","2006","N14 A_PublicPower","NMVOC","Gg","45.2918082071319"
"EU27","2006","N14 B_Industry","NMVOC","Gg","698.673938973198"
"EU27","2006","N14 C_OtherStatComb","NMVOC","Gg","1058.53955493508"
"EU27","2006","N14 D_Fugitive","NMVOC","Gg","704.191990343885"
"EU27","2006","N14 E_Solvents","NMVOC","Gg","3469.88636542293"
"EU27","2006","N14 F_RoadTransport","NMVOC","Gg","1449.49264240401"
"EU27","2006","N14 G_Shipping","NMVOC","Gg","90.2415640786692"
"EU27","2006","N14 H_Aviation","NMVOC","Gg","8.96915806740419"
"EU27","2006","N14 I_Offroad","NMVOC","Gg","300.335589705545"
"EU27","2006","N14 J_Waste","NMVOC","Gg","96.1717202062334"
"EU27","2006","N14 K_AgriLivestock","NMVOC","Gg","855.527116222158"
"EU27","2006","N14 L_AgriOther","NMVOC","Gg","219.405993472311"
"EU27","2006","N14 M_Other","NMVOC","Gg","1.858604366416"
"EU27","2006","N14 O_AviCruise","NMVOC","Gg","11.970758975622"
"EU27","2006","N14 P_IntShipping","NMVOC","Gg","59.3559329797595"
"EU27","2006","N14 N_Natural","NMVOC","Gg","2373.76087512227"
"EU27","2006","N14 z_Memo","NMVOC","Gg","1680.79845288878"
"MC","1998","N14 A_PublicPower","NMVOC","Gg","0.000182667273180654"
"MC","1998","N14 B_Industry","NMVOC","Gg","5.8112e-06"
"MC","1998","N14 C_OtherStatComb","NMVOC","Gg","0.000570328818515751"
"MC","1998","N14 D_Fugitive","NMVOC","Gg","7.27142857142857e-05"
"MC","1998","N14 E_Solvents","NMVOC","Gg","0.0701282295118376"
"MC","1998","N14 F_RoadTransport","NMVOC","Gg","0.322870065964596"
"MC","1998","N14 G_Shipping","NMVOC","Gg","0.0110827897297835"
"MC","1998","N14 H_Aviation","NMVOC","Gg","0.020625488"
"MC","1998","N14 I_Offroad","NMVOC","Gg","0.0125964802838625"
"MC","1998","N14 J_Waste","NMVOC","Gg","9.495363e-05"
"MC","1998","N14 K_AgriLivestock","NMVOC","Gg","0"
"MC","1998","N14 L_AgriOther","NMVOC","Gg","0"
"MC","1998","N14 M_Other","NMVOC","Gg","0"
"MC","1998","N14 O_AviCruise","NMVOC","Gg","0"
"MC","1998","N14 P_IntShipping","NMVOC","Gg","0.0328368378880449"
"MC","1998","N14 N_Natural","NMVOC","Gg","0"
"MC","1998","N14 z_Memo","NMVOC","Gg","0"
"HU","2014","N14 A_PublicPower","NMVOC","Gg","1.2157401906232"
"HU","2014","N14 B_Industry","NMVOC","Gg","13.4344840329696"
"HU","2014","N14 C_OtherStatComb","NMVOC","Gg","35.0420679786"
"HU","2014","N14 D_Fugitive","NMVOC","Gg","2.92165765438197"
"HU","2014","N14 E_Solvents","NMVOC","Gg","40.8316840733594"
"HU","2014","N14 F_RoadTransport","NMVOC","Gg","18.1557037966726"
"HU","2014","N14 G_Shipping","NMVOC","Gg","0.0168"
"HU","2014","N14 H_Aviation","NMVOC","Gg","0.00287712579480387"
"HU","2014","N14 I_Offroad","NMVOC","Gg","1.95973447163273"
"HU","2014","N14 J_Waste","NMVOC","Gg","2.08297887967452"
"HU","2014","N14 K_AgriLivestock","NMVOC","Gg","21.9918750273058"
"HU","2014","N14 L_AgriOther","NMVOC","Gg","3.6351426"
"HU","2014","N14 M_Other","NMVOC","Gg","0"
"HU","2014","N14 O_AviCruise","NMVOC","Gg","0.0062007731478517"
"HU","2014","N14 P_IntShipping","NMVOC","Gg","0"
"HU","2014","N14 N_Natural","NMVOC","Gg","0"
"HU","2014","N14 z_Memo","NMVOC","Gg","0"
"SK","2009","N14 A_PublicPower","NMVOC","Gg","0.141221743"
"SK","2009","N14 B_Industry","NMVOC","Gg","5.32784823864"
"SK","2009","N14 C_OtherStatComb","NMVOC","Gg","48.1058475651523"
"SK","2009","N14 D_Fugitive","NMVOC","Gg","8.24077810985562"
"SK","2009","N14 E_Solvents","NMVOC","Gg","47.1234906377896"
"SK","2009","N14 F_RoadTransport","NMVOC","Gg","13.6895210091183"
"SK","2009","N14 G_Shipping","NMVOC","Gg","0.0270545633474947"
"SK","2009","N14 H_Aviation","NMVOC","Gg","0.00102634701595186"
"SK","2009","N14 I_Offroad","NMVOC","Gg","0.987139016639425"
"SK","2009","N14 J_Waste","NMVOC","Gg","0.58728354597"
"SK","2009","N14 K_AgriLivestock","NMVOC","Gg","5.12989211578582"
"SK","2009","N14 L_AgriOther","NMVOC","Gg","2.00866088739008"
"SK","2009","N14 M_Other","NMVOC","Gg","0"
"SK","2009","N14 O_AviCruise","NMVOC","Gg","0.00190327892394553"
"SK","2009","N14 P_IntShipping","NMVOC","Gg","0"
"SK","2009","N14 N_Natural","NMVOC","Gg","0.25498"
"SK","2009","N14 z_Memo","NMVOC","Gg","0"
"EU15","2006","N14 A_PublicPower","NMVOC","Gg","31.5020765248281"
"EU15","2006","N14 B_Industry","NMVOC","Gg","528.828011986483"
"EU15","2006","N14 C_OtherStatComb","NMVOC","Gg","602.869631235625"
"EU15","2006","N14 D_Fugitive","NMVOC","Gg","579.298588563939"
"EU15","2006","N14 E_Solvents","NMVOC","Gg","2918.96292480174"
"EU15","2006","N14 F_RoadTransport","NMVOC","Gg","1145.5633001616"
"EU15","2006","N14 G_Shipping","NMVOC","Gg","89.594144183975"
"EU15","2006","N14 H_Aviation","NMVOC","Gg","8.64596798628322"
"EU15","2006","N14 I_Offroad","NMVOC","Gg","248.439487317607"
"EU15","2006","N14 J_Waste","NMVOC","Gg","52.5724516117956"
"EU15","2006","N14 K_AgriLivestock","NMVOC","Gg","654.176611583922"
"EU15","2006","N14 L_AgriOther","NMVOC","Gg","193.737610194244"
"EU15","2006","N14 M_Other","NMVOC","Gg","1.854533366416"
"EU15","2006","N14 O_AviCruise","NMVOC","Gg","10.5979408756159"
"EU15","2006","N14 P_IntShipping","NMVOC","Gg","57.2056589116803"
"EU15","2006","N14 N_Natural","NMVOC","Gg","2091.56280462924"
"EU15","2006","N14 z_Memo","NMVOC","Gg","1680.17558154878"
"FR","2011","N14 A_PublicPower","NMVOC","Gg","0.70540185676958"
"FR","2011","N14 B_Industry","NMVOC","Gg","61.3703366030379"
"FR","2011","N14 C_OtherStatComb","NMVOC","Gg","148.271293937123"
"FR","2011","N14 D_Fugitive","NMVOC","Gg","29.5472069155402"
"FR","2011","N14 E_Solvents","NMVOC","Gg","346.858869974246"
"FR","2011","N14 F_RoadTransport","NMVOC","Gg","94.6074989063116"
"FR","2011","N14 G_Shipping","NMVOC","Gg","8.45197410217386"
"FR","2011","N14 H_Aviation","NMVOC","Gg","1.2908131432323"
"FR","2011","N14 I_Offroad","NMVOC","Gg","31.6207782459114"
"FR","2011","N14 J_Waste","NMVOC","Gg","11.560259852976"
"FR","2011","N14 K_AgriLivestock","NMVOC","Gg","0"
"FR","2011","N14 L_AgriOther","NMVOC","Gg","1.84491309688162"
"FR","2011","N14 M_Other","NMVOC","Gg","0"
"FR","2011","N14 O_AviCruise","NMVOC","Gg","2.31991200651711"
"FR","2011","N14 P_IntShipping","NMVOC","Gg","7.27256008763066"
"FR","2011","N14 N_Natural","NMVOC","Gg","101.208563173021"
"FR","2011","N14 z_Memo","NMVOC","Gg","1528.27255367489"
"FI","1985","N14 A_PublicPower","NMVOC","Gg","0"
"FI","1985","N14 B_Industry","NMVOC","Gg","0"
"FI","1985","N14 C_OtherStatComb","NMVOC","Gg","0"
"FI","1985","N14 D_Fugitive","NMVOC","Gg","0"
"FI","1985","N14 E_Solvents","NMVOC","Gg","0"
"FI","1985","N14 F_RoadTransport","NMVOC","Gg","62.2832689869885"
"FI","1985","N14 G_Shipping","NMVOC","Gg","9.639"
"FI","1985","N14 H_Aviation","NMVOC","Gg","0.0660883484803366"
"FI","1985","N14 I_Offroad","NMVOC","Gg","17.7387009780424"
"FI","1985","N14 J_Waste","NMVOC","Gg","0"
"FI","1985","N14 K_AgriLivestock","NMVOC","Gg","16.0986569742953"
"FI","1985","N14 L_AgriOther","NMVOC","Gg","4.8406479156556"
"FI","1985","N14 M_Other","NMVOC","Gg","0"
"FI","1985","N14 O_AviCruise","NMVOC","Gg","0.103557119334052"
"FI","1985","N14 P_IntShipping","NMVOC","Gg","0"
"FI","1985","N14 N_Natural","NMVOC","Gg","0"
"FI","1985","N14 z_Memo","NMVOC","Gg","0"
"CY","2016","N14 A_PublicPower","NMVOC","Gg","0.0851583901053322"
"CY","2016","N14 B_Industry","NMVOC","Gg","0.244167991448975"
"CY","2016","N14 C_OtherStatComb","NMVOC","Gg","0.0876022077181"
"CY","2016","N14 D_Fugitive","NMVOC","Gg","0.659057908896871"
"CY","2016","N14 E_Solvents","NMVOC","Gg","7.099429343729"
"CY","2016","N14 F_RoadTransport","NMVOC","Gg","2.53017222509818"
"CY","2016","N14 G_Shipping","NMVOC","Gg","0.00760635537249079"
"CY","2016","N14 H_Aviation","NMVOC","Gg","0.0274108135499013"
"CY","2016","N14 I_Offroad","NMVOC","Gg","0.0385310985497856"
"CY","2016","N14 J_Waste","NMVOC","Gg","0.640873833311613"
"CY","2016","N14 K_AgriLivestock","NMVOC","Gg","0.930927205537722"
"CY","2016","N14 L_AgriOther","NMVOC","Gg","0.02117755"
"CY","2016","N14 M_Other","NMVOC","Gg","0"
"CY","2016","N14 O_AviCruise","NMVOC","Gg","0.0808098481552916"
"CY","2016","N14 P_IntShipping","NMVOC","Gg","0.0366947429209279"
"CY","2016","N14 N_Natural","NMVOC","Gg","0"
"CY","2016","N14 z_Memo","NMVOC","Gg","2.56518939402057"
"EU28","2003","N14 A_PublicPower","NMVOC","Gg","43.2800710848239"
"EU28","2003","N14 B_Industry","NMVOC","Gg","725.020449333351"
"EU28","2003","N14 C_OtherStatComb","NMVOC","Gg","1122.33731260293"
"EU28","2003","N14 D_Fugitive","NMVOC","Gg","842.964606394969"
"EU28","2003","N14 E_Solvents","NMVOC","Gg","3483.17014979041"
"EU28","2003","N14 F_RoadTransport","NMVOC","Gg","2030.72973918418"
"EU28","2003","N14 G_Shipping","NMVOC","Gg","97.9505254043777"
"EU28","2003","N14 H_Aviation","NMVOC","Gg","9.25088682854624"
"EU28","2003","N14 I_Offroad","NMVOC","Gg","330.634607979996"
"EU28","2003","N14 J_Waste","NMVOC","Gg","104.323052688173"
"EU28","2003","N14 K_AgriLivestock","NMVOC","Gg","896.622258884898"
"EU28","2003","N14 L_AgriOther","NMVOC","Gg","224.179293139094"
"EU28","2003","N14 M_Other","NMVOC","Gg","1.996783129065"
"EU28","2003","N14 O_AviCruise","NMVOC","Gg","9.95029196499478"
"EU28","2003","N14 P_IntShipping","NMVOC","Gg","51.6229315285942"
"EU28","2003","N14 N_Natural","NMVOC","Gg","2366.26167963042"
"EU28","2003","N14 z_Memo","NMVOC","Gg","1785.9194833613"
"AZ","2010","N14 A_PublicPower","NMVOC","Gg","0.42980219"
"AZ","2010","N14 B_Industry","NMVOC","Gg","11.00728133"
"AZ","2010","N14 C_OtherStatComb","NMVOC","Gg","2.369888394"
"AZ","2010","N14 D_Fugitive","NMVOC","Gg","13.46332"
"AZ","2010","N14 E_Solvents","NMVOC","Gg","13.029174"
"AZ","2010","N14 F_RoadTransport","NMVOC","Gg","19.2254914205"
"AZ","2010","N14 G_Shipping","NMVOC","Gg","0.32758"
"AZ","2010","N14 H_Aviation","NMVOC","Gg","0"
"AZ","2010","N14 I_Offroad","NMVOC","Gg","4.1687167"
"AZ","2010","N14 J_Waste","NMVOC","Gg","0.0033315"
"AZ","2010","N14 K_AgriLivestock","NMVOC","Gg","23.537703185"
"AZ","2010","N14 L_AgriOther","NMVOC","Gg","1.36213164"
"AZ","2010","N14 M_Other","NMVOC","Gg","0"
"AZ","2010","N14 O_AviCruise","NMVOC","Gg","0"
"AZ","2010","N14 P_IntShipping","NMVOC","Gg","0"
"AZ","2010","N14 N_Natural","NMVOC","Gg","0"
"AZ","2010","N14 z_Memo","NMVOC","Gg","19.5642314205"
"LI","2015","N14 A_PublicPower","NMVOC","Gg","6.3589703328e-05"
"LI","2015","N14 B_Industry","NMVOC","Gg","0.0164989213767154"
"LI","2015","N14 C_OtherStatComb","NMVOC","Gg","0.01237947062899"
"LI","2015","N14 D_Fugitive","NMVOC","Gg","0.0036119722968"
"LI","2015","N14 E_Solvents","NMVOC","Gg","0.169886258795105"
"LI","2015","N14 F_RoadTransport","NMVOC","Gg","0.0142178591142261"
"LI","2015","N14 G_Shipping","NMVOC","Gg","0"
"LI","2015","N14 H_Aviation","NMVOC","Gg","5.628e-06"
"LI","2015","N14 I_Offroad","NMVOC","Gg","0.0358451106207973"
"LI","2015","N14 J_Waste","NMVOC","Gg","0.00438638097503463"
"LI","2015","N14 K_AgriLivestock","NMVOC","Gg","0.054227864"
"LI","2015","N14 L_AgriOther","NMVOC","Gg","3.6952568e-14"
"LI","2015","N14 M_Other","NMVOC","Gg","0"
"LI","1992","N14 A_PublicPower","NMVOC","Gg","0.00013910496768"
"LI","1992","N14 B_Industry","NMVOC","Gg","0.0234344335443637"
"LI","1992","N14 C_OtherStatComb","NMVOC","Gg","0.0098497596817544"
"LI","1992","N14 D_Fugitive","NMVOC","Gg","0.0510872913333333"
"LI","1992","N14 E_Solvents","NMVOC","Gg","0.532361306744171"
"LI","1992","N14 F_RoadTransport","NMVOC","Gg","0.343266073211256"
"LI","1992","N14 G_Shipping","NMVOC","Gg","0"
"LI","1992","N14 H_Aviation","NMVOC","Gg","7.1844e-06"
"LI","1992","N14 I_Offroad","NMVOC","Gg","0.0292164474233091"
"LI","1992","N14 J_Waste","NMVOC","Gg","0.00687893661953128"
"LI","1992","N14 K_AgriLivestock","NMVOC","Gg","0.059586255"
"LI","1992","N14 L_AgriOther","NMVOC","Gg","3.5345924e-14"
"LI","1992","N14 M_Other","NMVOC","Gg","0"
"MT","2013","N14 A_PublicPower","NMVOC","Gg","0.0509140667999205"
"MT","2013","N14 B_Industry","NMVOC","Gg","0.164722591710287"
"MT","2013","N14 C_OtherStatComb","NMVOC","Gg","0.022713108931158"
"MT","2013","N14 D_Fugitive","NMVOC","Gg","0.144"
"MT","2013","N14 E_Solvents","NMVOC","Gg","0.51150008"
"MT","2013","N14 F_RoadTransport","NMVOC","Gg","1.02959474967484"
"MT","2013","N14 G_Shipping","NMVOC","Gg","0.0143300091308822"
"MT","2013","N14 H_Aviation","NMVOC","Gg","0.03631016"
"MT","2013","N14 I_Offroad","NMVOC","Gg","0.0002878803877536"
"MT","2013","N14 J_Waste","NMVOC","Gg","0.40828338"
"MT","2013","N14 K_AgriLivestock","NMVOC","Gg","0.47651353594436"
"MT","2013","N14 L_AgriOther","NMVOC","Gg","0.000324542286808511"
"MT","2013","N14 M_Other","NMVOC","Gg","0.00348"
"MT","2013","N14 O_AviCruise","NMVOC","Gg","0.0080516875"
"MT","2013","N14 P_IntShipping","NMVOC","Gg","9.26648573866792e-12"
"MT","2013","N14 N_Natural","NMVOC","Gg","0"
"GR","2011","N14 A_PublicPower","NMVOC","Gg","1.70012345569002"
"GR","2011","N14 B_Industry","NMVOC","Gg","13.3852118847956"
"GR","2011","N14 C_OtherStatComb","NMVOC","Gg","10.1085250027"
"GR","2011","N14 D_Fugitive","NMVOC","Gg","18.867395"
"GR","2011","N14 E_Solvents","NMVOC","Gg","115.385537257567"
"GR","2011","N14 F_RoadTransport","NMVOC","Gg","53.4628556148691"
"GR","2011","N14 G_Shipping","NMVOC","Gg","1.4378"
"GR","2011","N14 H_Aviation","NMVOC","Gg","0.011377668948"
"GR","2011","N14 I_Offroad","NMVOC","Gg","3.61980304214617"
"GR","2011","N14 J_Waste","NMVOC","Gg","7.16757336737082"
"GR","2011","N14 K_AgriLivestock","NMVOC","Gg","14.104043042054"
"GR","2011","N14 L_AgriOther","NMVOC","Gg","3.29695636361941"
"GR","2011","N14 M_Other","NMVOC","Gg","0"
"GR","2011","N14 O_AviCruise","NMVOC","Gg","0.020305861038"
"GR","2011","N14 P_IntShipping","NMVOC","Gg","7.7013"
"EU27","1999","N14 A_PublicPower","NMVOC","Gg","38.9600885736463"
"EU27","1999","N14 B_Industry","NMVOC","Gg","761.549630337727"
"EU27","1999","N14 C_OtherStatComb","NMVOC","Gg","1243.8369629106"
"EU27","1999","N14 D_Fugitive","NMVOC","Gg","1021.7113182263"
"EU27","1999","N14 E_Solvents","NMVOC","Gg","3863.59934475931"
"EU27","1999","N14 F_RoadTransport","NMVOC","Gg","3158.86024506698"
"EU27","1999","N14 G_Shipping","NMVOC","Gg","101.663299888775"
"EU27","1999","N14 H_Aviation","NMVOC","Gg","11.2852294718411"
"EU27","1999","N14 I_Offroad","NMVOC","Gg","360.408172051949"
"EU27","1999","N14 J_Waste","NMVOC","Gg","94.9856529226176"
"EU27","1999","N14 K_AgriLivestock","NMVOC","Gg","938.529396384371"
"EU27","1999","N14 L_AgriOther","NMVOC","Gg","232.94686099238"
"EU27","1999","N14 M_Other","NMVOC","Gg","2.00543529075567"
"EU27","1999","N14 O_AviCruise","NMVOC","Gg","9.96706258904269"
"EU27","1999","N14 P_IntShipping","NMVOC","Gg","47.3441268771762"
"EU27","1999","N14 N_Natural","NMVOC","Gg","2226.54519651157"
"EU27","1999","N14 z_Memo","NMVOC","Gg","1543.18332384669"
"BE","1997","N14 A_PublicPower","NMVOC","Gg","0.368018720236"
"BE","1997","N14 B_Industry","NMVOC","Gg","31.5097930410524"
"BE","1997","N14 C_OtherStatComb","NMVOC","Gg","13.4962912390336"
"BE","1997","N14 D_Fugitive","NMVOC","Gg","30.6271609903951"
"BE","1997","N14 E_Solvents","NMVOC","Gg","85.0403886828416"
"BE","1997","N14 F_RoadTransport","NMVOC","Gg","51.588188271224"
"BE","1997","N14 G_Shipping","NMVOC","Gg","0.351145349131183"
"BE","1997","N14 H_Aviation","NMVOC","Gg","0.137686951475354"
"BE","1997","N14 I_Offroad","NMVOC","Gg","6.0449983527578"
"BE","1997","N14 J_Waste","NMVOC","Gg","2.82949305121146"
"BE","1997","N14 K_AgriLivestock","NMVOC","Gg","28.901549839"
"BE","1997","N14 L_AgriOther","NMVOC","Gg","1.1828121638"
"BE","1997","N14 M_Other","NMVOC","Gg","0"
"BE","1997","N14 O_AviCruise","NMVOC","Gg","0.242714676002247"
"BE","1997","N14 P_IntShipping","NMVOC","Gg","1.16249356853543"
"BE","1997","N14 N_Natural","NMVOC","Gg","49.945747995"
"BE","1997","N14 z_Memo","NMVOC","Gg","43.5075799665346"
"NL","2017","N14 A_PublicPower","NMVOC","Gg","0.528464037"
"NL","2017","N14 B_Industry","NMVOC","Gg","23.174568142"
"NL","2017","N14 C_OtherStatComb","NMVOC","Gg","12.487581765"
"NL","2017","N14 D_Fugitive","NMVOC","Gg","12.162591636"
"NL","2017","N14 E_Solvents","NMVOC","Gg","71.385595606"
"NL","2017","N14 F_RoadTransport","NMVOC","Gg","26.388051703"
"NL","2017","N14 G_Shipping","NMVOC","Gg","1.378934182"
"NL","2017","N14 H_Aviation","NMVOC","Gg","0.312634773"
"NL","2017","N14 I_Offroad","NMVOC","Gg","4.564153713"
"NL","2017","N14 J_Waste","NMVOC","Gg","1.400014976"
"NL","2017","N14 K_AgriLivestock","NMVOC","Gg","69.65297006"
"NL","2017","N14 L_AgriOther","NMVOC","Gg","28.193277835"
"NL","2017","N14 M_Other","NMVOC","Gg","0.444757807"
"NL","2017","N14 O_AviCruise","NMVOC","Gg","0"
"NL","2017","N14 P_IntShipping","NMVOC","Gg","2.889424674"
"NL","2017","N14 N_Natural","NMVOC","Gg","0"
"NL","2017","N14 z_Memo","NMVOC","Gg","28.381448202"
"EU15","1996","N14 A_PublicPower","NMVOC","Gg","32.0804510689771"
"EU15","1996","N14 B_Industry","NMVOC","Gg","667.608968427192"
"EU15","1996","N14 C_OtherStatComb","NMVOC","Gg","964.124383572629"
"EU15","1996","N14 D_Fugitive","NMVOC","Gg","1084.65275159322"
"EU15","1996","N14 E_Solvents","NMVOC","Gg","3476.73266735536"
"EU15","1996","N14 F_RoadTransport","NMVOC","Gg","3541.14912418887"
"EU15","1996","N14 G_Shipping","NMVOC","Gg","103.252447475895"
"EU15","1996","N14 H_Aviation","NMVOC","Gg","10.6090898314544"
"EU15","1996","N14 I_Offroad","NMVOC","Gg","333.80001479671"
"EU15","1996","N14 J_Waste","NMVOC","Gg","59.6369273093777"
"EU15","1996","N14 K_AgriLivestock","NMVOC","Gg","722.486554816199"
"EU15","1996","N14 L_AgriOther","NMVOC","Gg","205.556733294748"
"EU15","1996","N14 M_Other","NMVOC","Gg","1.518245174205"
"EU15","1996","N14 O_AviCruise","NMVOC","Gg","8.59135626448649"
"EU15","1996","N14 P_IntShipping","NMVOC","Gg","41.0299234867007"
"EU15","1996","N14 N_Natural","NMVOC","Gg","1928.2529649675"
"EU15","1996","N14 z_Memo","NMVOC","Gg","1368.30283284042"
"BY","2013","N14 A_PublicPower","NMVOC","Gg","1.62"
"BY","2013","N14 F_RoadTransport","NMVOC","Gg","141.78735464"
"BY","2013","N14 H_Aviation","NMVOC","Gg","0"
"BY","2013","N14 O_AviCruise","NMVOC","Gg","0.18033574"
"EE","1994","N14 A_PublicPower","NMVOC","Gg","0.79"
"EE","1994","N14 B_Industry","NMVOC","Gg","4.3830096"
"EE","1994","N14 C_OtherStatComb","NMVOC","Gg","3.842933"
"EE","1994","N14 D_Fugitive","NMVOC","Gg","1.583"
"EE","1994","N14 E_Solvents","NMVOC","Gg","6.817309"
"EE","1994","N14 F_RoadTransport","NMVOC","Gg","11.60427"
"EE","1994","N14 G_Shipping","NMVOC","Gg","0.0298"
"EE","1994","N14 H_Aviation","NMVOC","Gg","0.004216"
"EE","1994","N14 I_Offroad","NMVOC","Gg","0.767822"
"EE","1994","N14 J_Waste","NMVOC","Gg","1.009535"
"EE","1994","N14 K_AgriLivestock","NMVOC","Gg","5.28637"
"EE","1994","N14 L_AgriOther","NMVOC","Gg","0.445143"
"EE","1994","N14 M_Other","NMVOC","Gg","0"
"EE","1994","N14 O_AviCruise","NMVOC","Gg","0.006239"
"EE","1994","N14 P_IntShipping","NMVOC","Gg","0.3547"
"EE","1994","N14 N_Natural","NMVOC","Gg","0.13692"
"EE","1994","N14 z_Memo","NMVOC","Gg","0"
"EU27","2005","N14 A_PublicPower","NMVOC","Gg","42.9954708150443"
"EU27","2005","N14 B_Industry","NMVOC","Gg","711.350582697282"
"EU27","2005","N14 C_OtherStatComb","NMVOC","Gg","1074.96086768199"
"EU27","2005","N14 D_Fugitive","NMVOC","Gg","731.688769653989"
"EU27","2005","N14 E_Solvents","NMVOC","Gg","3407.2417726026"
"EU27","2005","N14 F_RoadTransport","NMVOC","Gg","1630.74741194831"
"EU27","2005","N14 G_Shipping","NMVOC","Gg","94.0338973789175"
"EU27","2005","N14 H_Aviation","NMVOC","Gg","9.08159026448565"
"EU27","2005","N14 I_Offroad","NMVOC","Gg","325.554249445635"
"EU27","2005","N14 J_Waste","NMVOC","Gg","94.1334205749004"
"EU27","2005","N14 K_AgriLivestock","NMVOC","Gg","868.471168383228"
"EU27","2005","N14 L_AgriOther","NMVOC","Gg","222.070126415415"
"EU27","2005","N14 M_Other","NMVOC","Gg","1.945429907529"
"EU27","2005","N14 O_AviCruise","NMVOC","Gg","11.020206547801"
"EU27","2005","N14 P_IntShipping","NMVOC","Gg","55.5812625206672"
"EU27","2005","N14 N_Natural","NMVOC","Gg","2381.64016418793"
"EU27","2005","N14 z_Memo","NMVOC","Gg","1558.81705350916"
"BG","1990","N14 A_PublicPower","NMVOC","Gg","0.097202091"
"BG","1990","N14 B_Industry","NMVOC","Gg","10.826930498"
"BG","1990","N14 C_OtherStatComb","NMVOC","Gg","17.716471406"
"BG","1990","N14 D_Fugitive","NMVOC","Gg","23.289200726"
"BG","1990","N14 E_Solvents","NMVOC","Gg","395.3049670875"
"BG","1990","N14 F_RoadTransport","NMVOC","Gg","63.7871550357703"
"BG","1990","N14 G_Shipping","NMVOC","Gg","0.2097"
"BG","1990","N14 H_Aviation","NMVOC","Gg","0.0195084"
"BG","1990","N14 I_Offroad","NMVOC","Gg","4.03500873130417"
"BG","1990","N14 J_Waste","NMVOC","Gg","12.1600887379056"
"BG","1990","N14 K_AgriLivestock","NMVOC","Gg","26.7661254342132"
"BG","1990","N14 L_AgriOther","NMVOC","Gg","3.13593651173752"
"BG","1990","N14 M_Other","NMVOC","Gg","0"
"BG","1990","N14 O_AviCruise","NMVOC","Gg","0.1204"
"BG","1990","N14 P_IntShipping","NMVOC","Gg","0"
"EU28","1997","N14 A_PublicPower","NMVOC","Gg","40.8148992568559"
"EU28","1997","N14 B_Industry","NMVOC","Gg","869.744518383017"
"EU28","1997","N14 C_OtherStatComb","NMVOC","Gg","1414.6191701369"
"EU28","1997","N14 D_Fugitive","NMVOC","Gg","1237.70762786158"
"EU28","1997","N14 E_Solvents","NMVOC","Gg","4020.39401977645"
"EU28","1997","N14 F_RoadTransport","NMVOC","Gg","3748.900026026"
"EU28","1997","N14 G_Shipping","NMVOC","Gg","102.619007043702"
"EU28","1997","N14 H_Aviation","NMVOC","Gg","11.0000505956906"
"EU28","1997","N14 I_Offroad","NMVOC","Gg","395.908019402923"
"EU28","1997","N14 J_Waste","NMVOC","Gg","101.309086409864"
"EU28","1997","N14 K_AgriLivestock","NMVOC","Gg","958.607859202105"
"EU28","1997","N14 L_AgriOther","NMVOC","Gg","233.800849333079"
"EU28","1997","N14 M_Other","NMVOC","Gg","1.7311242959427"
"EU28","1997","N14 O_AviCruise","NMVOC","Gg","9.31209832993236"
"EU28","1997","N14 P_IntShipping","NMVOC","Gg","47.282501648867"
"EU28","1997","N14 N_Natural","NMVOC","Gg","2204.8881623932"
"EU28","1997","N14 z_Memo","NMVOC","Gg","1511.56787991248"
"LI","2012","N14 A_PublicPower","NMVOC","Gg","0.0001250165587968"
"LI","2012","N14 B_Industry","NMVOC","Gg","0.0168263965647248"
"LI","2012","N14 C_OtherStatComb","NMVOC","Gg","0.012461165568829"
"LI","2012","N14 D_Fugitive","NMVOC","Gg","0.0057653328012"
"LI","2012","N14 E_Solvents","NMVOC","Gg","0.178533824964514"
"LI","2012","N14 F_RoadTransport","NMVOC","Gg","0.0184329586404666"
"LI","2012","N14 G_Shipping","NMVOC","Gg","0"
"LI","2012","N14 H_Aviation","NMVOC","Gg","5.76e-06"
"LI","2012","N14 I_Offroad","NMVOC","Gg","0.038561013469849"
"LI","2012","N14 J_Waste","NMVOC","Gg","0.00451691480926976"
"LI","2012","N14 K_AgriLivestock","NMVOC","Gg","0.056915177"
"LI","2012","N14 L_AgriOther","NMVOC","Gg","3.8078852e-14"
"LI","2012","N14 M_Other","NMVOC","Gg","0"
"GB","2000","N14 A_PublicPower","NMVOC","Gg","5.408512338514"
"GB","2000","N14 B_Industry","NMVOC","Gg","177.322615170919"
"GB","2000","N14 C_OtherStatComb","NMVOC","Gg","36.783786198513"
"GB","2000","N14 D_Fugitive","NMVOC","Gg","398.248905290692"
"GB","2000","N14 E_Solvents","NMVOC","Gg","402.923706325525"
"GB","2000","N14 F_RoadTransport","NMVOC","Gg","430.758194567578"
"GB","2000","N14 G_Shipping","NMVOC","Gg","8.006528102656"
"GB","2000","N14 H_Aviation","NMVOC","Gg","3.823047287262"
"GB","2000","N14 I_Offroad","NMVOC","Gg","54.795979632474"
"GB","2000","N14 J_Waste","NMVOC","Gg","14.319304783799"
"GB","2000","N14 K_AgriLivestock","NMVOC","Gg","93.609713530618"
"GB","2000","N14 L_AgriOther","NMVOC","Gg","7.881474343751"
"GB","2000","N14 M_Other","NMVOC","Gg","1.547945896047"
"GB","2000","N14 O_AviCruise","NMVOC","Gg","1.807607742355"
"GB","2000","N14 P_IntShipping","NMVOC","Gg","5.99647836179"
"GB","2000","N14 N_Natural","NMVOC","Gg","91.970745098039"
"GB","2000","N14 z_Memo","NMVOC","Gg","383.24609158422"
"EU15","1998","N14 A_PublicPower","NMVOC","Gg","26.3230802044764"
"EU15","1998","N14 B_Industry","NMVOC","Gg","621.661732575279"
"EU15","1998","N14 C_OtherStatComb","NMVOC","Gg","862.006175884797"
"EU15","1998","N14 D_Fugitive","NMVOC","Gg","985.455877649389"
"EU15","1998","N14 E_Solvents","NMVOC","Gg","3508.56642221201"
"EU15","1998","N14 F_RoadTransport","NMVOC","Gg","2996.35878588336"
"EU15","1998","N14 G_Shipping","NMVOC","Gg","102.453578730735"
"EU15","1998","N14 H_Aviation","NMVOC","Gg","10.9582469100684"
"EU15","1998","N14 I_Offroad","NMVOC","Gg","320.366352770343"
"EU15","1998","N14 J_Waste","NMVOC","Gg","59.533519785744"
"EU15","1998","N14 K_AgriLivestock","NMVOC","Gg","727.386359514649"
"EU15","1998","N14 L_AgriOther","NMVOC","Gg","211.021836056832"
"EU15","1998","N14 M_Other","NMVOC","Gg","1.93568882738"
"EU15","1998","N14 O_AviCruise","NMVOC","Gg","8.99373241773409"
"EU15","1998","N14 P_IntShipping","NMVOC","Gg","47.2875231460767"
"EU15","1998","N14 N_Natural","NMVOC","Gg","2008.01204464432"
"EU15","1998","N14 z_Memo","NMVOC","Gg","1415.17700039308"
"BE","1991","N14 A_PublicPower","NMVOC","Gg","0.252354402089469"
"BE","1991","N14 B_Industry","NMVOC","Gg","37.8731995671906"
"BE","1991","N14 C_OtherStatComb","NMVOC","Gg","17.8224939355021"
"BE","1991","N14 D_Fugitive","NMVOC","Gg","35.3114223608105"
"BE","1991","N14 E_Solvents","NMVOC","Gg","98.2604350231977"
"BE","1991","N14 F_RoadTransport","NMVOC","Gg","81.8013851645628"
"BE","1991","N14 G_Shipping","NMVOC","Gg","0.340926610670968"
"BE","1991","N14 H_Aviation","NMVOC","Gg","0.0998467511388509"
"BE","1991","N14 I_Offroad","NMVOC","Gg","7.70528929618534"
"BE","1991","N14 J_Waste","NMVOC","Gg","2.63279351253025"
"BE","1991","N14 K_AgriLivestock","NMVOC","Gg","27.941039965"
"BE","1991","N14 L_AgriOther","NMVOC","Gg","1.1554906112"
"BE","1991","N14 M_Other","NMVOC","Gg","0"
"BE","1991","N14 O_AviCruise","NMVOC","Gg","0.149638268083526"
"BE","1991","N14 P_IntShipping","NMVOC","Gg","1.3076733185287"
"BE","1991","N14 N_Natural","NMVOC","Gg","45.8720657605"
"BE","1991","N14 z_Memo","NMVOC","Gg","72.9769714580854"
"FI","2014","N14 A_PublicPower","NMVOC","Gg","1.03660573521092"
"FI","2014","N14 B_Industry","NMVOC","Gg","9.02945575298265"
"FI","2014","N14 C_OtherStatComb","NMVOC","Gg","21.6805818788528"
"FI","2014","N14 D_Fugitive","NMVOC","Gg","6.422631269425"
"FI","2014","N14 E_Solvents","NMVOC","Gg","17.31546258"
"FI","2014","N14 F_RoadTransport","NMVOC","Gg","8.13573418684484"
"FI","2014","N14 G_Shipping","NMVOC","Gg","3.60078149987521"
"FI","2014","N14 H_Aviation","NMVOC","Gg","0.128108358011964"
"FI","2014","N14 I_Offroad","NMVOC","Gg","9.52659489253747"
"FI","2014","N14 J_Waste","NMVOC","Gg","0.11935763"
"FI","2014","N14 K_AgriLivestock","NMVOC","Gg","12.9885616400557"
"FI","2014","N14 L_AgriOther","NMVOC","Gg","4.20099203254196"
"FI","2014","N14 M_Other","NMVOC","Gg","0"
"FI","2014","N14 O_AviCruise","NMVOC","Gg","0.194568060388061"
"FI","2014","N14 P_IntShipping","NMVOC","Gg","0.2"
"FI","2014","N14 N_Natural","NMVOC","Gg","0"
"FI","2014","N14 z_Memo","NMVOC","Gg","0"
"LT","2004","N14 A_PublicPower","NMVOC","Gg","0.27341904"
"LT","2004","N14 B_Industry","NMVOC","Gg","0.305561676671758"
"LT","2004","N14 C_OtherStatComb","NMVOC","Gg","12.2861402602"
"LT","2004","N14 D_Fugitive","NMVOC","Gg","3.65303094750925"
"LT","2004","N14 E_Solvents","NMVOC","Gg","11.5802834385792"
"LT","2004","N14 F_RoadTransport","NMVOC","Gg","11.657648585"
"LT","2004","N14 G_Shipping","NMVOC","Gg","0.015221651889874"
"LT","2004","N14 H_Aviation","NMVOC","Gg","0.0027565"
"LT","2004","N14 I_Offroad","NMVOC","Gg","1.34672526376409"
"LT","2004","N14 J_Waste","NMVOC","Gg","2.04921938106"
"LT","2004","N14 K_AgriLivestock","NMVOC","Gg","11.8131317447626"
"LT","2004","N14 L_AgriOther","NMVOC","Gg","0"
"LT","2004","N14 M_Other","NMVOC","Gg","0"
"LT","2004","N14 P_IntShipping","NMVOC","Gg","0.315"
"LT","2004","N14 N_Natural","NMVOC","Gg","0.135435"
"RO","2006","N14 A_PublicPower","NMVOC","Gg","0.99554461"
"RO","2006","N14 B_Industry","NMVOC","Gg","37.5571813136"
"RO","2006","N14 C_OtherStatComb","NMVOC","Gg","65.91734366"
"RO","2006","N14 D_Fugitive","NMVOC","Gg","28.4211902308"
"RO","2006","N14 E_Solvents","NMVOC","Gg","60.43984973856"
"RO","2006","N14 F_RoadTransport","NMVOC","Gg","44.8058565432695"
"RO","2006","N14 G_Shipping","NMVOC","Gg","0.1092"
"RO","2006","N14 H_Aviation","NMVOC","Gg","0.0378004337445053"
"RO","2006","N14 I_Offroad","NMVOC","Gg","28.2237525191535"
"RO","2006","N14 J_Waste","NMVOC","Gg","3.15493242"
"RO","2006","N14 K_AgriLivestock","NMVOC","Gg","39.6239932100244"
"RO","2006","N14 L_AgriOther","NMVOC","Gg","5.19579152215465"
"RO","2006","N14 M_Other","NMVOC","Gg","0"
"RO","2006","N14 O_AviCruise","NMVOC","Gg","0.05314082"
"RO","2006","N14 P_IntShipping","NMVOC","Gg","0"
"LI","2010","N14 A_PublicPower","NMVOC","Gg","0.000141119013888"
"LI","2010","N14 B_Industry","NMVOC","Gg","0.0171221816029761"
"LI","2010","N14 C_OtherStatComb","NMVOC","Gg","0.0126245120660526"
"LI","2010","N14 D_Fugitive","NMVOC","Gg","0.0063041871032"
"LI","2010","N14 E_Solvents","NMVOC","Gg","0.18494537834943"
"LI","2010","N14 F_RoadTransport","NMVOC","Gg","0.0216528927284784"
"LI","2010","N14 G_Shipping","NMVOC","Gg","0"
"LI","2010","N14 H_Aviation","NMVOC","Gg","6.1968e-06"
"LI","2010","N14 I_Offroad","NMVOC","Gg","0.0311698698948369"
"LI","2010","N14 J_Waste","NMVOC","Gg","0.0045588191985105"
"LI","2010","N14 K_AgriLivestock","NMVOC","Gg","0.056173583"
"LI","2010","N14 L_AgriOther","NMVOC","Gg","3.7312336e-14"
"LI","2010","N14 M_Other","NMVOC","Gg","0"
"LU","2004","N14 A_PublicPower","NMVOC","Gg","0.130536870828364"
"LU","2004","N14 B_Industry","NMVOC","Gg","0.503430038052017"
"LU","2004","N14 C_OtherStatComb","NMVOC","Gg","0.472015906548909"
"LU","2004","N14 D_Fugitive","NMVOC","Gg","1.1630676493265"
"LU","2004","N14 E_Solvents","NMVOC","Gg","6.31438280781937"
"LU","2004","N14 F_RoadTransport","NMVOC","Gg","3.77187966397637"
"LU","2004","N14 G_Shipping","NMVOC","Gg","0.0169561312490461"
"LU","2004","N14 H_Aviation","NMVOC","Gg","0.04300979402"
"LU","2004","N14 I_Offroad","NMVOC","Gg","0.398764349467137"
"LU","2004","N14 J_Waste","NMVOC","Gg","0.0269598685222147"
"LU","2004","N14 K_AgriLivestock","NMVOC","Gg","2.89031952215892"
"LU","2004","N14 L_AgriOther","NMVOC","Gg","0.1101426338"
"LU","2004","N14 M_Other","NMVOC","Gg","0"
"LU","2004","N14 O_AviCruise","NMVOC","Gg","0.0782222498788972"
"LU","2004","N14 P_IntShipping","NMVOC","Gg","0"
"LU","2004","N14 N_Natural","NMVOC","Gg","0"
"LU","2004","N14 z_Memo","NMVOC","Gg","1.15224340818254"
"EU12","1992","N14 A_PublicPower","NMVOC","Gg","21.0670123243195"
"EU12","1992","N14 B_Industry","NMVOC","Gg","723.017439124421"
"EU12","1992","N14 C_OtherStatComb","NMVOC","Gg","1077.88835490464"
"EU12","1992","N14 D_Fugitive","NMVOC","Gg","1397.49713635297"
"EU12","1992","N14 E_Solvents","NMVOC","Gg","3716.09350055772"
"EU12","1992","N14 F_RoadTransport","NMVOC","Gg","4361.34392161763"
"EU12","1992","N14 G_Shipping","NMVOC","Gg","78.0011029587673"
"EU12","1992","N14 H_Aviation","NMVOC","Gg","11.3596210819715"
"EU12","1992","N14 I_Offroad","NMVOC","Gg","302.849359298234"
"EU12","1992","N14 J_Waste","NMVOC","Gg","56.843062973827"
"EU12","1992","N14 K_AgriLivestock","NMVOC","Gg","647.205906353687"
"EU12","1992","N14 L_AgriOther","NMVOC","Gg","188.805338064565"
"EU12","1992","N14 M_Other","NMVOC","Gg","1.317960574514"
"EU12","1992","N14 O_AviCruise","NMVOC","Gg","7.05268767790794"
"EU12","1992","N14 P_IntShipping","NMVOC","Gg","34.3000245040562"
"EU12","1992","N14 N_Natural","NMVOC","Gg","1921.59822169931"
"EU12","1992","N14 z_Memo","NMVOC","Gg","1421.5098605866"
"NO","1994","N14 A_PublicPower","NMVOC","Gg","0.416797465"
"NO","1994","N14 B_Industry","NMVOC","Gg","7.8090674232"
"NO","1994","N14 C_OtherStatComb","NMVOC","Gg","7.8349434793"
"NO","1994","N14 D_Fugitive","NMVOC","Gg","211.706531233"
"NO","1994","N14 E_Solvents","NMVOC","Gg","50.6251607014"
"NO","1994","N14 F_RoadTransport","NMVOC","Gg","53.3696440206"
"NO","1994","N14 G_Shipping","NMVOC","Gg","2.0994591696"
"NO","1994","N14 H_Aviation","NMVOC","Gg","0.2804595785"
"NO","1994","N14 I_Offroad","NMVOC","Gg","30.79257767"
"NO","1994","N14 J_Waste","NMVOC","Gg","1.2639967097"
"NO","1994","N14 K_AgriLivestock","NMVOC","Gg","10.336114739"
"NO","1994","N14 L_AgriOther","NMVOC","Gg","0.8459719355"
"NO","1994","N14 M_Other","NMVOC","Gg","0"
"NO","1994","N14 O_AviCruise","NMVOC","Gg","0.773465784"
"NO","1994","N14 P_IntShipping","NMVOC","Gg","0.3917929287"
"NO","1994","N14 N_Natural","NMVOC","Gg","0"
"NO","1994","N14 z_Memo","NMVOC","Gg","56.56440002"
"DK","2001","N14 A_PublicPower","NMVOC","Gg","3.62984908692802"
"DK","2001","N14 B_Industry","NMVOC","Gg","4.72850331184528"
"DK","2001","N14 C_OtherStatComb","NMVOC","Gg","14.3250397195169"
"DK","2001","N14 D_Fugitive","NMVOC","Gg","16.041293806008"
"DK","2001","N14 E_Solvents","NMVOC","Gg","36.8771501808902"
"DK","2001","N14 F_RoadTransport","NMVOC","Gg","37.4652239717125"
"DK","2001","N14 G_Shipping","NMVOC","Gg","0.460338041109912"
"DK","2001","N14 H_Aviation","NMVOC","Gg","0.217913654864945"
"DK","2001","N14 I_Offroad","NMVOC","Gg","8.70682352337033"
"DK","2001","N14 J_Waste","NMVOC","Gg","0.781095567156709"
"DK","2001","N14 K_AgriLivestock","NMVOC","Gg","36.3917008595143"
"DK","2001","N14 L_AgriOther","NMVOC","Gg","1.479240874375"
"DK","2001","N14 M_Other","NMVOC","Gg","0"
"DK","2001","N14 O_AviCruise","NMVOC","Gg","0.15346677675958"
"DK","2001","N14 P_IntShipping","NMVOC","Gg","2.43221101905698"
"DK","2001","N14 N_Natural","NMVOC","Gg","0"
"DK","2001","N14 z_Memo","NMVOC","Gg","0"
"AZ","1990","N14 A_PublicPower","NMVOC","Gg","0"
"AZ","1990","N14 B_Industry","NMVOC","Gg","0"
"AZ","1990","N14 C_OtherStatComb","NMVOC","Gg","0"
"AZ","1990","N14 D_Fugitive","NMVOC","Gg","0"
"AZ","1990","N14 E_Solvents","NMVOC","Gg","19.25613"
"AZ","1990","N14 F_RoadTransport","NMVOC","Gg","2.433523985"
"AZ","1990","N14 G_Shipping","NMVOC","Gg","0"
"AZ","1990","N14 H_Aviation","NMVOC","Gg","0"
"AZ","1990","N14 I_Offroad","NMVOC","Gg","0"
"AZ","1990","N14 J_Waste","NMVOC","Gg","0"
"AZ","1990","N14 K_AgriLivestock","NMVOC","Gg","20.36530055"
"AZ","1990","N14 L_AgriOther","NMVOC","Gg","0"
"AZ","1990","N14 M_Other","NMVOC","Gg","0"
"AZ","1990","N14 O_AviCruise","NMVOC","Gg","0"
"AZ","1990","N14 P_IntShipping","NMVOC","Gg","0"
"AZ","1990","N14 N_Natural","NMVOC","Gg","0"
"AZ","1990","N14 z_Memo","NMVOC","Gg","0"
"IE","1990","N14 A_PublicPower","NMVOC","Gg","0.193511308514895"
"IE","1990","N14 B_Industry","NMVOC","Gg","11.3301001636681"
"IE","1990","N14 C_OtherStatComb","NMVOC","Gg","29.0004385712857"
"IE","1990","N14 D_Fugitive","NMVOC","Gg","3.39606549905437"
"IE","1990","N14 E_Solvents","NMVOC","Gg","23.3644185360991"
"IE","1990","N14 F_RoadTransport","NMVOC","Gg","33.5633801728999"
"IE","1990","N14 G_Shipping","NMVOC","Gg","0.0736"
"IE","1990","N14 H_Aviation","NMVOC","Gg","0.113208347976671"
"IE","1990","N14 I_Offroad","NMVOC","Gg","1.56368807618578"
"IE","1990","N14 J_Waste","NMVOC","Gg","1.03731896293986"
"IE","1990","N14 K_AgriLivestock","NMVOC","Gg","36.0297669765964"
"IE","1990","N14 L_AgriOther","NMVOC","Gg","3.819948"
"IE","1990","N14 M_Other","NMVOC","Gg","0"
"IE","1990","N14 O_AviCruise","NMVOC","Gg","0.12717795227202"
"IE","1990","N14 P_IntShipping","NMVOC","Gg","0.0495"
"IE","1990","N14 N_Natural","NMVOC","Gg","0"
"IE","1990","N14 z_Memo","NMVOC","Gg","36.5267338798248"
"CZ","1991","N14 A_PublicPower","NMVOC","Gg","8.62657499900001"
"CZ","1991","N14 B_Industry","NMVOC","Gg","20.09862279"
"CZ","1991","N14 C_OtherStatComb","NMVOC","Gg","187.453558786562"
"CZ","1991","N14 D_Fugitive","NMVOC","Gg","21.6876164"
"CZ","1991","N14 E_Solvents","NMVOC","Gg","151.109849931339"
"CZ","1991","N14 F_RoadTransport","NMVOC","Gg","54.6070951489326"
"CZ","1991","N14 G_Shipping","NMVOC","Gg","0.0801802926000001"
"CZ","1991","N14 H_Aviation","NMVOC","Gg","0.0643665"
"CZ","1991","N14 I_Offroad","NMVOC","Gg","11.3606300553333"
"CZ","1991","N14 J_Waste","NMVOC","Gg","0.0871213408141933"
"CZ","1991","N14 K_AgriLivestock","NMVOC","Gg","0"
"CZ","1991","N14 L_AgriOther","NMVOC","Gg","0"
"CZ","1991","N14 M_Other","NMVOC","Gg","0"
"CZ","1991","N14 O_AviCruise","NMVOC","Gg","0.4687935"
"CZ","1991","N14 P_IntShipping","NMVOC","Gg","0"
"CZ","1991","N14 N_Natural","NMVOC","Gg","0"
"CZ","1991","N14 z_Memo","NMVOC","Gg","55.6833952969326"
"LI","1995","N14 A_PublicPower","NMVOC","Gg","0.0001315482624"
"LI","1995","N14 B_Industry","NMVOC","Gg","0.0227724833864017"
"LI","1995","N14 C_OtherStatComb","NMVOC","Gg","0.00846664937287928"
"LI","1995","N14 D_Fugitive","NMVOC","Gg","0.0169269516666667"
"LI","1995","N14 E_Solvents","NMVOC","Gg","0.418911922464413"
"LI","1995","N14 F_RoadTransport","NMVOC","Gg","0.146705779349561"
"LI","1995","N14 G_Shipping","NMVOC","Gg","0"
"LI","1995","N14 H_Aviation","NMVOC","Gg","7.1844e-06"
"LI","1995","N14 I_Offroad","NMVOC","Gg","0.0247671046584982"
"LI","1995","N14 J_Waste","NMVOC","Gg","0.0051531827401811"
"LI","1995","N14 K_AgriLivestock","NMVOC","Gg","0.05772116"
"LI","1995","N14 L_AgriOther","NMVOC","Gg","3.4967138e-14"
"LI","1995","N14 M_Other","NMVOC","Gg","0"
"HR","1999","N14 A_PublicPower","NMVOC","Gg","0.6691622929"
"HR","1999","N14 B_Industry","NMVOC","Gg","9.89154861961497"
"HR","1999","N14 C_OtherStatComb","NMVOC","Gg","23.81904502962"
"HR","1999","N14 D_Fugitive","NMVOC","Gg","5.7039971108252"
"HR","1999","N14 E_Solvents","NMVOC","Gg","23.6357654945474"
"HR","1999","N14 F_RoadTransport","NMVOC","Gg","29.751768926199"
"HR","1999","N14 G_Shipping","NMVOC","Gg","0.250362601945"
"HR","1999","N14 H_Aviation","NMVOC","Gg","0.03066232924"
"HR","1999","N14 I_Offroad","NMVOC","Gg","2.72093892572703"
"HR","1999","N14 J_Waste","NMVOC","Gg","2.30033620904"
"HR","1999","N14 K_AgriLivestock","NMVOC","Gg","8.8236589322"
"HR","1999","N14 L_AgriOther","NMVOC","Gg","2.36875906"
"HR","1999","N14 M_Other","NMVOC","Gg","0"
"HR","1999","N14 O_AviCruise","NMVOC","Gg","0.0327638741"
"HR","1999","N14 P_IntShipping","NMVOC","Gg","0.05833065086"
"HR","1999","N14 N_Natural","NMVOC","Gg","0.1449"
"HR","1999","N14 z_Memo","NMVOC","Gg","0"
"PT","2007","N14 A_PublicPower","NMVOC","Gg","0.800718158140053"
"PT","2007","N14 B_Industry","NMVOC","Gg","25.7091985808381"
"PT","2007","N14 C_OtherStatComb","NMVOC","Gg","16.5721743300127"
"PT","2007","N14 D_Fugitive","NMVOC","Gg","11.369008114304"
"PT","2007","N14 E_Solvents","NMVOC","Gg","94.0952360511081"
"PT","2007","N14 F_RoadTransport","NMVOC","Gg","32.2869297503216"
"PT","2007","N14 G_Shipping","NMVOC","Gg","0.183565480264587"
"PT","2007","N14 H_Aviation","NMVOC","Gg","0.516457050883125"
"PT","2007","N14 I_Offroad","NMVOC","Gg","0.842937625363034"
"PT","2007","N14 J_Waste","NMVOC","Gg","2.56554194773118"
"PT","2007","N14 K_AgriLivestock","NMVOC","Gg","7.74910898000368"
"PT","2007","N14 L_AgriOther","NMVOC","Gg","6.45794411646124"
"PT","2007","N14 M_Other","NMVOC","Gg","0"
"PT","2007","N14 O_AviCruise","NMVOC","Gg","0.310163066557535"
"PT","2007","N14 P_IntShipping","NMVOC","Gg","1.55784017185946"
"PT","2007","N14 N_Natural","NMVOC","Gg","526.808015601616"
"PT","2007","N14 z_Memo","NMVOC","Gg","0"
"FI","2004","N14 A_PublicPower","NMVOC","Gg","1.136493586485"
"FI","2004","N14 B_Industry","NMVOC","Gg","13.0620096046451"
"FI","2004","N14 C_OtherStatComb","NMVOC","Gg","18.8027064983959"
"FI","2004","N14 D_Fugitive","NMVOC","Gg","8.78652925"
"FI","2004","N14 E_Solvents","NMVOC","Gg","31.0603044596"
"FI","2004","N14 F_RoadTransport","NMVOC","Gg","33.5115456553713"
"FI","2004","N14 G_Shipping","NMVOC","Gg","8.11297937127891"
"FI","2004","N14 H_Aviation","NMVOC","Gg","0.174834962785587"
"FI","2004","N14 I_Offroad","NMVOC","Gg","25.1455261910617"
"FI","2004","N14 J_Waste","NMVOC","Gg","0.17157207"
"FI","2004","N14 K_AgriLivestock","NMVOC","Gg","12.4797427697916"
"FI","2004","N14 L_AgriOther","NMVOC","Gg","4.30215606059875"
"FI","2004","N14 M_Other","NMVOC","Gg","0"
"FI","2004","N14 O_AviCruise","NMVOC","Gg","0.184612587776071"
"FI","2004","N14 P_IntShipping","NMVOC","Gg","1"
"FI","2004","N14 N_Natural","NMVOC","Gg","0"
"FI","2004","N14 z_Memo","NMVOC","Gg","0"
"PL","2001","N14 A_PublicPower","NMVOC","Gg","2.06038122"
"PL","2001","N14 B_Industry","NMVOC","Gg","80.476319307142"
"PL","2001","N14 C_OtherStatComb","NMVOC","Gg","132.252759589"
"PL","2001","N14 D_Fugitive","NMVOC","Gg","51.6063059498546"
"PL","2001","N14 E_Solvents","NMVOC","Gg","163.754675218955"
"PL","2001","N14 F_RoadTransport","NMVOC","Gg","132.935666339198"
"PL","2001","N14 G_Shipping","NMVOC","Gg","0.0268917568034056"
"PL","2001","N14 H_Aviation","NMVOC","Gg","0.0222499332220672"
"PL","2001","N14 I_Offroad","NMVOC","Gg","10.7822045125628"
"PL","2001","N14 J_Waste","NMVOC","Gg","19.1336648431228"
"PL","2001","N14 K_AgriLivestock","NMVOC","Gg","104.106456389466"
"PL","2001","N14 L_AgriOther","NMVOC","Gg","7.7573493521703"
"PL","2001","N14 M_Other","NMVOC","Gg","0"
"PL","2001","N14 O_AviCruise","NMVOC","Gg","0.160020732172987"
"PL","2001","N14 P_IntShipping","NMVOC","Gg","0.7209"
"PL","2001","N14 N_Natural","NMVOC","Gg","232.348530064845"
"PL","2001","N14 z_Memo","NMVOC","Gg","0"
"EU28","2015","N14 A_PublicPower","NMVOC","Gg","38.367936861835"
"EU28","2015","N14 B_Industry","NMVOC","Gg","635.047187404498"
"EU28","2015","N14 C_OtherStatComb","NMVOC","Gg","1012.74095800335"
"EU28","2015","N14 D_Fugitive","NMVOC","Gg","489.959583527654"
"EU28","2015","N14 E_Solvents","NMVOC","Gg","2566.94029525729"
"EU28","2015","N14 F_RoadTransport","NMVOC","Gg","607.645851033961"
"EU28","2015","N14 G_Shipping","NMVOC","Gg","46.5208127005411"
"EU28","2015","N14 H_Aviation","NMVOC","Gg","7.63749062589214"
"EU28","2015","N14 I_Offroad","NMVOC","Gg","170.874332002033"
"EU28","2015","N14 J_Waste","NMVOC","Gg","68.9301756843478"
"EU28","2015","N14 K_AgriLivestock","NMVOC","Gg","881.6492920062"
"EU28","2015","N14 L_AgriOther","NMVOC","Gg","219.890105982154"
"EU28","2015","N14 M_Other","NMVOC","Gg","1.943718265406"
"EU28","2015","N14 O_AviCruise","NMVOC","Gg","12.2132690946689"
"EU28","2015","N14 P_IntShipping","NMVOC","Gg","50.2991191977949"
"EU28","2015","N14 N_Natural","NMVOC","Gg","2475.40933638901"
"EU28","2015","N14 z_Memo","NMVOC","Gg","1598.1930398604"
"LV","2000","N14 A_PublicPower","NMVOC","Gg","0.1123499101976"
"LV","2000","N14 B_Industry","NMVOC","Gg","3.30351621887624"
"LV","2000","N14 C_OtherStatComb","NMVOC","Gg","13.7444287225357"
"LV","2000","N14 D_Fugitive","NMVOC","Gg","2.47849136363636"
"LV","2000","N14 E_Solvents","NMVOC","Gg","8.50028234580647"
"LV","2000","N14 F_RoadTransport","NMVOC","Gg","12.1907546723209"
"LV","2000","N14 G_Shipping","NMVOC","Gg","0.0143520894499643"
"LV","2000","N14 H_Aviation","NMVOC","Gg","0.027795007953254"
"LV","2000","N14 I_Offroad","NMVOC","Gg","1.2464989830916"
"LV","2000","N14 J_Waste","NMVOC","Gg","0.943464016625"
"LV","2000","N14 K_AgriLivestock","NMVOC","Gg","5.41455234382508"
"LV","2000","N14 L_AgriOther","NMVOC","Gg","0.834638"
"LV","2000","N14 M_Other","NMVOC","Gg","0"
"LV","2000","N14 O_AviCruise","NMVOC","Gg","0.029502483996746"
"LV","2000","N14 P_IntShipping","NMVOC","Gg","0.0224"
"LV","2000","N14 N_Natural","NMVOC","Gg","0.658"
"LV","2000","N14 z_Memo","NMVOC","Gg","0"
"EU28","2016","N14 A_PublicPower","NMVOC","Gg","38.850683681793"
"EU28","2016","N14 B_Industry","NMVOC","Gg","645.871219537379"
"EU28","2016","N14 C_OtherStatComb","NMVOC","Gg","1028.76535648329"
"EU28","2016","N14 D_Fugitive","NMVOC","Gg","464.066420720259"
"EU28","2016","N14 E_Solvents","NMVOC","Gg","2565.21587305972"
"EU28","2016","N14 F_RoadTransport","NMVOC","Gg","587.66177236146"
"EU28","2016","N14 G_Shipping","NMVOC","Gg","45.9857702379978"
"EU28","2016","N14 H_Aviation","NMVOC","Gg","7.48738605426613"
"EU28","2016","N14 I_Offroad","NMVOC","Gg","162.791591907079"
"EU28","2016","N14 J_Waste","NMVOC","Gg","66.9763013683369"
"EU28","2016","N14 K_AgriLivestock","NMVOC","Gg","889.963619660064"
"EU28","2016","N14 L_AgriOther","NMVOC","Gg","223.159534597435"
"EU28","2016","N14 M_Other","NMVOC","Gg","1.985298653406"
"EU28","2016","N14 O_AviCruise","NMVOC","Gg","12.5559855467637"
"EU28","2016","N14 P_IntShipping","NMVOC","Gg","53.120710260299"
"EU28","2016","N14 N_Natural","NMVOC","Gg","2456.1574018244"
"EU28","2016","N14 z_Memo","NMVOC","Gg","1549.7901006816"
"GR","1992","N14 A_PublicPower","NMVOC","Gg","1.4784996865662"
"GR","1992","N14 B_Industry","NMVOC","Gg","17.5919753801423"
"GR","1992","N14 C_OtherStatComb","NMVOC","Gg","10.3198552610162"
"GR","1992","N14 D_Fugitive","NMVOC","Gg","16.5985825"
"GR","1992","N14 E_Solvents","NMVOC","Gg","88.2891465102037"
"GR","1992","N14 F_RoadTransport","NMVOC","Gg","162.073681913603"
"GR","1992","N14 G_Shipping","NMVOC","Gg","1.6629"
"GR","1992","N14 H_Aviation","NMVOC","Gg","0.00943946412694804"
"GR","1992","N14 I_Offroad","NMVOC","Gg","9.31444628"
"GR","1992","N14 J_Waste","NMVOC","Gg","2.24818360155265"
"GR","1992","N14 K_AgriLivestock","NMVOC","Gg","15.204301085372"
"GR","1992","N14 L_AgriOther","NMVOC","Gg","3.637117560245"
"GR","1992","N14 M_Other","NMVOC","Gg","0"
"GR","1992","N14 O_AviCruise","NMVOC","Gg","0.0164804928025919"
"GR","1992","N14 P_IntShipping","NMVOC","Gg","7.38"
"RO","1999","N14 A_PublicPower","NMVOC","Gg","1.10325553"
"RO","1999","N14 B_Industry","NMVOC","Gg","33.582044881175"
"RO","1999","N14 C_OtherStatComb","NMVOC","Gg","63.90946908"
"RO","1999","N14 D_Fugitive","NMVOC","Gg","23.938108026"
"RO","1999","N14 E_Solvents","NMVOC","Gg","42.29089484688"
"RO","1999","N14 F_RoadTransport","NMVOC","Gg","19.6064520791877"
"RO","1999","N14 G_Shipping","NMVOC","Gg","0.168"
"RO","1999","N14 H_Aviation","NMVOC","Gg","0"
"RO","1999","N14 I_Offroad","NMVOC","Gg","14.557558659638"
"RO","1999","N14 J_Waste","NMVOC","Gg","1.05469269213823"
"RO","1999","N14 K_AgriLivestock","NMVOC","Gg","38.223557222672"
"RO","1999","N14 L_AgriOther","NMVOC","Gg","4.6877665700419"
"RO","1999","N14 M_Other","NMVOC","Gg","0"
"RO","1999","N14 O_AviCruise","NMVOC","Gg","0"
"RO","1999","N14 P_IntShipping","NMVOC","Gg","0"
"EU28","1998","N14 A_PublicPower","NMVOC","Gg","39.8427210099958"
"EU28","1998","N14 B_Industry","NMVOC","Gg","825.329819019314"
"EU28","1998","N14 C_OtherStatComb","NMVOC","Gg","1331.5868638147"
"EU28","1998","N14 D_Fugitive","NMVOC","Gg","1137.43258768418"
"EU28","1998","N14 E_Solvents","NMVOC","Gg","4022.6617170759"
"EU28","1998","N14 F_RoadTransport","NMVOC","Gg","3479.57269148538"
"EU28","1998","N14 G_Shipping","NMVOC","Gg","103.321117841778"
"EU28","1998","N14 H_Aviation","NMVOC","Gg","11.1610154932648"
"EU28","1998","N14 I_Offroad","NMVOC","Gg","391.681321314835"
"EU28","1998","N14 J_Waste","NMVOC","Gg","100.546351382403"
"EU28","1998","N14 K_AgriLivestock","NMVOC","Gg","965.20358045153"
"EU28","1998","N14 L_AgriOther","NMVOC","Gg","238.348075372817"
"EU28","1998","N14 M_Other","NMVOC","Gg","1.93726454837009"
"EU28","1998","N14 O_AviCruise","NMVOC","Gg","9.59357306391521"
"EU28","1998","N14 P_IntShipping","NMVOC","Gg","48.6799134731767"
"EU28","1998","N14 N_Natural","NMVOC","Gg","2239.14817146671"
"EU28","1998","N14 z_Memo","NMVOC","Gg","1415.17718687308"
"NL","2010","N14 A_PublicPower","NMVOC","Gg","0.37375574"
"NL","2010","N14 B_Industry","NMVOC","Gg","26.151378024"
"NL","2010","N14 C_OtherStatComb","NMVOC","Gg","13.351364028"
"NL","2010","N14 D_Fugitive","NMVOC","Gg","15.375544445"
"NL","2010","N14 E_Solvents","NMVOC","Gg","84.087426247"
"NL","2010","N14 F_RoadTransport","NMVOC","Gg","34.76794914"
"NL","2010","N14 G_Shipping","NMVOC","Gg","1.429972145"
"NL","2010","N14 H_Aviation","NMVOC","Gg","0.268490986"
"NL","2010","N14 I_Offroad","NMVOC","Gg","7.559222081"
"NL","2010","N14 J_Waste","NMVOC","Gg","1.622679806"
"NL","2010","N14 K_AgriLivestock","NMVOC","Gg","59.330122072"
"NL","2010","N14 L_AgriOther","NMVOC","Gg","23.203459676"
"NL","2010","N14 M_Other","NMVOC","Gg","0.409715564"
"NL","2010","N14 O_AviCruise","NMVOC","Gg","0"
"NL","2010","N14 P_IntShipping","NMVOC","Gg","2.940722449"
"NL","2010","N14 N_Natural","NMVOC","Gg","0"
"NL","2010","N14 z_Memo","NMVOC","Gg","34.373969787"
"MC","1996","N14 A_PublicPower","NMVOC","Gg","0.000177957030781212"
"MC","1996","N14 B_Industry","NMVOC","Gg","6.5488e-06"
"MC","1996","N14 C_OtherStatComb","NMVOC","Gg","0.000578780139203751"
"MC","1996","N14 D_Fugitive","NMVOC","Gg","7.27142857142857e-05"
"MC","1996","N14 E_Solvents","NMVOC","Gg","0.0703465528391811"
"MC","1996","N14 F_RoadTransport","NMVOC","Gg","0.385002969504273"
"MC","1996","N14 G_Shipping","NMVOC","Gg","0.00868774861335067"
"MC","1996","N14 H_Aviation","NMVOC","Gg","0.017289012"
"MC","1996","N14 I_Offroad","NMVOC","Gg","0.0125964802838625"
"MC","1996","N14 J_Waste","NMVOC","Gg","0.000100232325"
"MC","1996","N14 K_AgriLivestock","NMVOC","Gg","0"
"MC","1996","N14 L_AgriOther","NMVOC","Gg","0"
"MC","1996","N14 M_Other","NMVOC","Gg","0"
"MC","1996","N14 O_AviCruise","NMVOC","Gg","0"
"MC","1996","N14 P_IntShipping","NMVOC","Gg","0.0256719540924742"
"MC","1996","N14 N_Natural","NMVOC","Gg","0"
"MC","1996","N14 z_Memo","NMVOC","Gg","0"
"MK","1995","N14 A_PublicPower","NMVOC","Gg","0.07680788639294"
"MK","1995","N14 B_Industry","NMVOC","Gg","1.74116103263134"
"MK","1995","N14 C_OtherStatComb","NMVOC","Gg","9.80524829028634"
"MK","1995","N14 D_Fugitive","NMVOC","Gg","3.13074849293296"
"MK","1995","N14 E_Solvents","NMVOC","Gg","7.55167905987876"
"MK","1995","N14 F_RoadTransport","NMVOC","Gg","14.3965914352157"
"MK","1995","N14 G_Shipping","NMVOC","Gg","6.07856270369216e-05"
"MK","1995","N14 H_Aviation","NMVOC","Gg","0.00307109432670806"
"MK","1995","N14 I_Offroad","NMVOC","Gg","0.255371018294182"
"MK","1995","N14 J_Waste","NMVOC","Gg","1.27162715249936"
"MK","1995","N14 K_AgriLivestock","NMVOC","Gg","4.55544222434668"
"MK","1995","N14 L_AgriOther","NMVOC","Gg","1.10854"
"MK","1995","N14 M_Other","NMVOC","Gg","0"
"MK","1995","N14 O_AviCruise","NMVOC","Gg","0.468207312259823"
"MK","1995","N14 P_IntShipping","NMVOC","Gg","0"
"MK","1995","N14 N_Natural","NMVOC","Gg","0"
"MK","1995","N14 z_Memo","NMVOC","Gg","0"
"MK","2007","N14 A_PublicPower","NMVOC","Gg","0.081454689484705"
"MK","2007","N14 B_Industry","NMVOC","Gg","2.13420047630491"
"MK","2007","N14 C_OtherStatComb","NMVOC","Gg","8.2115735038723"
"MK","2007","N14 D_Fugitive","NMVOC","Gg","2.4341527282995"
"MK","2007","N14 E_Solvents","NMVOC","Gg","7.73212444256153"
"MK","2007","N14 F_RoadTransport","NMVOC","Gg","10.6841615172989"
"MK","2007","N14 G_Shipping","NMVOC","Gg","0.000202555239938081"
"MK","2007","N14 H_Aviation","NMVOC","Gg","0.002885759679"
"MK","2007","N14 I_Offroad","NMVOC","Gg","0.702907489474148"
"MK","2007","N14 J_Waste","NMVOC","Gg","2.85555730187054"
"MK","2007","N14 K_AgriLivestock","NMVOC","Gg","3.434329656"
"MK","2007","N14 L_AgriOther","NMVOC","Gg","0.92622"
"MK","2007","N14 M_Other","NMVOC","Gg","0"
"MK","2007","N14 O_AviCruise","NMVOC","Gg","0.130360532198"
"MK","2007","N14 P_IntShipping","NMVOC","Gg","0"
"MK","2007","N14 N_Natural","NMVOC","Gg","10.3329"
"MK","2007","N14 z_Memo","NMVOC","Gg","0"
"IS","2010","N14 A_PublicPower","NMVOC","Gg","0.000176738"
"IS","2010","N14 B_Industry","NMVOC","Gg","0.394685110655"
"IS","2010","N14 C_OtherStatComb","NMVOC","Gg","0.000675760492"
"IS","2010","N14 D_Fugitive","NMVOC","Gg","0.196330110948629"
"IS","2010","N14 E_Solvents","NMVOC","Gg","1.136682810212"
"IS","2010","N14 F_RoadTransport","NMVOC","Gg","1.10413609971745"
"IS","2010","N14 G_Shipping","NMVOC","Gg","0.0307516"
"IS","2010","N14 H_Aviation","NMVOC","Gg","0.00051115700823935"
"IS","2010","N14 I_Offroad","NMVOC","Gg","0.740637925"
"IS","2010","N14 J_Waste","NMVOC","Gg","0.265496846056874"
"IS","2010","N14 K_AgriLivestock","NMVOC","Gg","1.87988541435807"
"IS","2010","N14 L_AgriOther","NMVOC","Gg","6.408849984e-08"
"IS","2010","N14 M_Other","NMVOC","Gg","0"
"IS","2010","N14 O_AviCruise","NMVOC","Gg","0.00121138218853093"
"IS","2010","N14 P_IntShipping","NMVOC","Gg","0.000216"
"IS","2010","N14 N_Natural","NMVOC","Gg","0"
"IS","2010","N14 z_Memo","NMVOC","Gg","0"
"IT","2001","N14 A_PublicPower","NMVOC","Gg","4.1565727363"
"IT","2001","N14 B_Industry","NMVOC","Gg","60.1592130208797"
"IT","2001","N14 C_OtherStatComb","NMVOC","Gg","109.997381823444"
"IT","2001","N14 D_Fugitive","NMVOC","Gg","73.7848371838687"
"IT","2001","N14 E_Solvents","NMVOC","Gg","502.396477327305"
"IT","2001","N14 F_RoadTransport","NMVOC","Gg","535.131880208829"
"IT","2001","N14 G_Shipping","NMVOC","Gg","49.3892935659715"
"IT","2001","N14 H_Aviation","NMVOC","Gg","0.614725387567918"
"IT","2001","N14 I_Offroad","NMVOC","Gg","41.2183783470234"
"IT","2001","N14 J_Waste","NMVOC","Gg","13.3490012046454"
"IT","2001","N14 K_AgriLivestock","NMVOC","Gg","118.196030739375"
"IT","2001","N14 L_AgriOther","NMVOC","Gg","28.5000811810452"
"IT","2001","N14 M_Other","NMVOC","Gg","0"
"IT","2001","N14 O_AviCruise","NMVOC","Gg","0.787744763930512"
"IT","2001","N14 P_IntShipping","NMVOC","Gg","3.53859816330647"
"IT","2001","N14 N_Natural","NMVOC","Gg","1244.01695685636"
"IT","2001","N14 z_Memo","NMVOC","Gg","0"
"IE","2012","N14 A_PublicPower","NMVOC","Gg","0.296303720639936"
"IE","2012","N14 B_Industry","NMVOC","Gg","22.6839983769583"
"IE","2012","N14 C_OtherStatComb","NMVOC","Gg","10.304845856598"
"IE","2012","N14 D_Fugitive","NMVOC","Gg","5.07949283646661"
"IE","2012","N14 E_Solvents","NMVOC","Gg","18.6702200123499"
"IE","2012","N14 F_RoadTransport","NMVOC","Gg","7.34803815217115"
"IE","2012","N14 G_Shipping","NMVOC","Gg","0.160252622005662"
"IE","2012","N14 H_Aviation","NMVOC","Gg","0.126351511552781"
"IE","2012","N14 I_Offroad","NMVOC","Gg","0.648765992544208"
"IE","2012","N14 J_Waste","NMVOC","Gg","0.303609438354021"
"IE","2012","N14 K_AgriLivestock","NMVOC","Gg","38.8826028963798"
"IE","2012","N14 L_AgriOther","NMVOC","Gg","3.898122"
"IE","2012","N14 M_Other","NMVOC","Gg","0"
"IE","2012","N14 O_AviCruise","NMVOC","Gg","0.251703632917202"
"IE","2012","N14 P_IntShipping","NMVOC","Gg","0.348757309276903"
"IE","2012","N14 N_Natural","NMVOC","Gg","0"
"IE","2012","N14 z_Memo","NMVOC","Gg","7.71487843753693"
"SK","2000","N14 A_PublicPower","NMVOC","Gg","0.168163256"
"SK","2000","N14 B_Industry","NMVOC","Gg","12.2042602080381"
"SK","2000","N14 C_OtherStatComb","NMVOC","Gg","56.7893505527889"
"SK","2000","N14 D_Fugitive","NMVOC","Gg","11.3133663530355"
"SK","2000","N14 E_Solvents","NMVOC","Gg","56.345037769401"
"SK","2000","N14 F_RoadTransport","NMVOC","Gg","20.1830016687147"
"SK","2000","N14 G_Shipping","NMVOC","Gg","2.07784115281742e-05"
"SK","2000","N14 H_Aviation","NMVOC","Gg","0.00140334647703701"
"SK","2000","N14 I_Offroad","NMVOC","Gg","0.85418407719524"
"SK","2000","N14 J_Waste","NMVOC","Gg","0.90341069947162"
"SK","2000","N14 K_AgriLivestock","NMVOC","Gg","6.87351492566923"
"SK","2000","N14 L_AgriOther","NMVOC","Gg","2.79157775504735"
"SK","2000","N14 M_Other","NMVOC","Gg","0"
"SK","2000","N14 O_AviCruise","NMVOC","Gg","0.0023489195255123"
"SK","2000","N14 P_IntShipping","NMVOC","Gg","0"
"SK","2000","N14 N_Natural","NMVOC","Gg","0.463625"
"SK","2000","N14 z_Memo","NMVOC","Gg","0"
"TR","2010","N14 A_PublicPower","NMVOC","Gg","2.26730910602087"
"TR","2010","N14 B_Industry","NMVOC","Gg","131.261622407154"
"TR","2010","N14 C_OtherStatComb","NMVOC","Gg","256.530025617678"
"TR","2010","N14 D_Fugitive","NMVOC","Gg","0"
"TR","2010","N14 E_Solvents","NMVOC","Gg","237.814932739646"
"TR","2010","N14 F_RoadTransport","NMVOC","Gg","47.4685874266656"
"TR","2010","N14 G_Shipping","NMVOC","Gg","1.4122064368421"
"TR","2010","N14 H_Aviation","NMVOC","Gg","3.87428160306341"
"TR","2010","N14 I_Offroad","NMVOC","Gg","0.6965436999734"
"TR","2010","N14 J_Waste","NMVOC","Gg","39.059695865"
"TR","2010","N14 K_AgriLivestock","NMVOC","Gg","157.24700561824"
"TR","2010","N14 L_AgriOther","NMVOC","Gg","171.81973137198"
"TR","2010","N14 M_Other","NMVOC","Gg","0"
"TR","2010","N14 O_AviCruise","NMVOC","Gg","0.0614270315667641"
"TR","2010","N14 P_IntShipping","NMVOC","Gg","0"
"TR","2010","N14 N_Natural","NMVOC","Gg","0"
"GB","1996","N14 A_PublicPower","NMVOC","Gg","8.01880241166"
"GB","1996","N14 B_Industry","NMVOC","Gg","253.073019172336"
"GB","1996","N14 C_OtherStatComb","NMVOC","Gg","43.491373081606"
"GB","1996","N14 D_Fugitive","NMVOC","Gg","536.950546449462"
"GB","1996","N14 E_Solvents","NMVOC","Gg","492.844809116655"
"GB","1996","N14 F_RoadTransport","NMVOC","Gg","730.054315385789"
"GB","1996","N14 G_Shipping","NMVOC","Gg","7.88391245985"
"GB","1996","N14 H_Aviation","NMVOC","Gg","3.98025465826"
"GB","1996","N14 I_Offroad","NMVOC","Gg","56.780099477817"
"GB","1996","N14 J_Waste","NMVOC","Gg","15.821743620955"
"GB","1996","N14 K_AgriLivestock","NMVOC","Gg","96.487032967039"
"GB","1996","N14 L_AgriOther","NMVOC","Gg","8.099614904857"
"GB","1996","N14 M_Other","NMVOC","Gg","1.105765966205"
"GB","1996","N14 O_AviCruise","NMVOC","Gg","1.774989679801"
"GB","1996","N14 P_IntShipping","NMVOC","Gg","7.252222639707"
"GB","1996","N14 N_Natural","NMVOC","Gg","92.941921568628"
"GB","1996","N14 z_Memo","NMVOC","Gg","641.760573905997"
"RU","2013","N14 A_PublicPower","NMVOC","Gg","5.656"
"RU","2013","N14 B_Industry","NMVOC","Gg","517.500385436"
"RU","2013","N14 C_OtherStatComb","NMVOC","Gg","7.56921254461852"
"RU","2013","N14 D_Fugitive","NMVOC","Gg","207.141"
"RU","2013","N14 E_Solvents","NMVOC","Gg","153.9678876"
"RU","2013","N14 F_RoadTransport","NMVOC","Gg","1084.68876918291"
"RU","2013","N14 G_Shipping","NMVOC","Gg","1.7441347"
"RU","2013","N14 H_Aviation","NMVOC","Gg","0.433"
"RU","2013","N14 I_Offroad","NMVOC","Gg","189.451875476957"
"RU","2013","N14 J_Waste","NMVOC","Gg","18.47"
"RU","2013","N14 K_AgriLivestock","NMVOC","Gg","256.819337611"
"RU","2013","N14 L_AgriOther","NMVOC","Gg","119.661174"
"RU","2013","N14 M_Other","NMVOC","Gg","40.114"
"RU","2013","N14 O_AviCruise","NMVOC","Gg","0"
"RU","2013","N14 P_IntShipping","NMVOC","Gg","0"
"RU","2013","N14 N_Natural","NMVOC","Gg","16.5815433"
"RU","2013","N14 z_Memo","NMVOC","Gg","0"
"DK","1987","N14 A_PublicPower","NMVOC","Gg","0.48441184"
"DK","1987","N14 B_Industry","NMVOC","Gg","5.9285817992989"
"DK","1987","N14 C_OtherStatComb","NMVOC","Gg","17.4486432566348"
"DK","1987","N14 D_Fugitive","NMVOC","Gg","11.28708921064"
"DK","1987","N14 E_Solvents","NMVOC","Gg","42.6282684956457"
"DK","1987","N14 F_RoadTransport","NMVOC","Gg","64.7019770104419"
"DK","1987","N14 G_Shipping","NMVOC","Gg","0.483982184119885"
"DK","1987","N14 H_Aviation","NMVOC","Gg","0.229141166907454"
"DK","1987","N14 I_Offroad","NMVOC","Gg","11.6267775874376"
"DK","1987","N14 J_Waste","NMVOC","Gg","0.219861736702314"
"DK","1987","N14 K_AgriLivestock","NMVOC","Gg","39.5049853526369"
"DK","1987","N14 L_AgriOther","NMVOC","Gg","1.93614185185"
"DK","1987","N14 M_Other","NMVOC","Gg","0"
"DK","1987","N14 O_AviCruise","NMVOC","Gg","0.108861915688147"
"DK","1987","N14 P_IntShipping","NMVOC","Gg","1.47159535445375"
"DK","1987","N14 N_Natural","NMVOC","Gg","0"
"DK","1987","N14 z_Memo","NMVOC","Gg","0"
"EU28","2012","N14 A_PublicPower","NMVOC","Gg","41.8210081039544"
"EU28","2012","N14 B_Industry","NMVOC","Gg","637.179004773102"
"EU28","2012","N14 C_OtherStatComb","NMVOC","Gg","1117.22751407468"
"EU28","2012","N14 D_Fugitive","NMVOC","Gg","547.427767365394"
"EU28","2012","N14 E_Solvents","NMVOC","Gg","2741.01677530464"
"EU28","2012","N14 F_RoadTransport","NMVOC","Gg","749.817873771495"
"EU28","2012","N14 G_Shipping","NMVOC","Gg","49.9019360303259"
"EU28","2012","N14 H_Aviation","NMVOC","Gg","7.70452629768155"
"EU28","2012","N14 I_Offroad","NMVOC","Gg","190.68722380316"
"EU28","2012","N14 J_Waste","NMVOC","Gg","80.2583151705443"
"EU28","2012","N14 K_AgriLivestock","NMVOC","Gg","856.56675572892"
"EU28","2012","N14 L_AgriOther","NMVOC","Gg","215.732175825715"
"EU28","2012","N14 M_Other","NMVOC","Gg","1.941719584834"
"EU28","2012","N14 O_AviCruise","NMVOC","Gg","12.1062671562397"
"EU28","2012","N14 P_IntShipping","NMVOC","Gg","54.8785088690082"
"EU28","2012","N14 N_Natural","NMVOC","Gg","2468.31324935047"
"EU28","2012","N14 z_Memo","NMVOC","Gg","1474.4218459181"
"SK","1996","N14 A_PublicPower","NMVOC","Gg","0.152316851353785"
"SK","1996","N14 B_Industry","NMVOC","Gg","11.4273528721577"
"SK","1996","N14 C_OtherStatComb","NMVOC","Gg","69.3049748096086"
"SK","1996","N14 D_Fugitive","NMVOC","Gg","12.1063754630467"
"SK","1996","N14 E_Solvents","NMVOC","Gg","61.668125329906"
"SK","1996","N14 F_RoadTransport","NMVOC","Gg","25.6264521808309"
"SK","1996","N14 G_Shipping","NMVOC","Gg","0.0415718083565644"
"SK","1996","N14 H_Aviation","NMVOC","Gg","0.00132371315672905"
"SK","1996","N14 I_Offroad","NMVOC","Gg","1.03224498001148"
"SK","1996","N14 J_Waste","NMVOC","Gg","0.997303583428788"
"SK","1996","N14 K_AgriLivestock","NMVOC","Gg","8.10277289071066"
"SK","1996","N14 L_AgriOther","NMVOC","Gg","3.27269818607867"
"SK","1996","N14 M_Other","NMVOC","Gg","0"
"SK","1996","N14 O_AviCruise","NMVOC","Gg","0.00221564037192757"
"SK","1996","N14 P_IntShipping","NMVOC","Gg","0"
"SK","1996","N14 N_Natural","NMVOC","Gg","0.1075"
"SK","1996","N14 z_Memo","NMVOC","Gg","0"
"LV","1997","N14 A_PublicPower","NMVOC","Gg","0.139418439646172"
"LV","1997","N14 B_Industry","NMVOC","Gg","3.45636672433841"
"LV","1997","N14 C_OtherStatComb","NMVOC","Gg","15.5639704647751"
"LV","1997","N14 D_Fugitive","NMVOC","Gg","2.879593"
"LV","1997","N14 E_Solvents","NMVOC","Gg","8.74173084885792"
"LV","1997","N14 F_RoadTransport","NMVOC","Gg","15.0645592761286"
"LV","1997","N14 G_Shipping","NMVOC","Gg","0.0131028183804857"
"LV","1997","N14 H_Aviation","NMVOC","Gg","0.0337923495370168"
"LV","1997","N14 I_Offroad","NMVOC","Gg","1.23353183575906"
"LV","1997","N14 J_Waste","NMVOC","Gg","0.872020007117407"
"LV","1997","N14 K_AgriLivestock","NMVOC","Gg","6.50694172010367"
"LV","1997","N14 L_AgriOther","NMVOC","Gg","0.881997"
"LV","1997","N14 M_Other","NMVOC","Gg","0"
"LV","1997","N14 O_AviCruise","NMVOC","Gg","0.0359774287629832"
"LV","1997","N14 P_IntShipping","NMVOC","Gg","0.1964"
"LV","1997","N14 N_Natural","NMVOC","Gg","0.224"
"LV","1997","N14 z_Memo","NMVOC","Gg","0"
"DK","1999","N14 A_PublicPower","NMVOC","Gg","3.7112788711392"
"DK","1999","N14 B_Industry","NMVOC","Gg","4.66007301541449"
"DK","1999","N14 C_OtherStatComb","NMVOC","Gg","13.1451261647606"
"DK","1999","N14 D_Fugitive","NMVOC","Gg","14.6648833171036"
"DK","1999","N14 E_Solvents","NMVOC","Gg","41.2093826576073"
"DK","1999","N14 F_RoadTransport","NMVOC","Gg","44.3518210408411"
"DK","1999","N14 G_Shipping","NMVOC","Gg","0.389838508382303"
"DK","1999","N14 H_Aviation","NMVOC","Gg","0.224618983991474"
"DK","1999","N14 I_Offroad","NMVOC","Gg","8.97330022521998"
"DK","1999","N14 J_Waste","NMVOC","Gg","1.27564871535471"
"DK","1999","N14 K_AgriLivestock","NMVOC","Gg","35.3670502381709"
"DK","1999","N14 L_AgriOther","NMVOC","Gg","1.505205740625"
"DK","1999","N14 M_Other","NMVOC","Gg","0"
"DK","1999","N14 O_AviCruise","NMVOC","Gg","0.149152236348394"
"DK","1999","N14 P_IntShipping","NMVOC","Gg","2.92858621566349"
"DK","1999","N14 N_Natural","NMVOC","Gg","0"
"DK","1999","N14 z_Memo","NMVOC","Gg","0"
"CH","2015","N14 A_PublicPower","NMVOC","Gg","0.144466797742857"
"CH","2015","N14 B_Industry","NMVOC","Gg","6.61264146648203"
"CH","2015","N14 C_OtherStatComb","NMVOC","Gg","2.93873719727806"
"CH","2015","N14 D_Fugitive","NMVOC","Gg","3.15399059325018"
"CH","2015","N14 E_Solvents","NMVOC","Gg","36.3767953735709"
"CH","2015","N14 F_RoadTransport","NMVOC","Gg","8.85489965004454"
"CH","2015","N14 G_Shipping","NMVOC","Gg","0.450235833718012"
"CH","2015","N14 H_Aviation","NMVOC","Gg","0.248533794817237"
"CH","2015","N14 I_Offroad","NMVOC","Gg","2.22584787694787"
"CH","2015","N14 J_Waste","NMVOC","Gg","1.25687235439666"
"CH","2015","N14 K_AgriLivestock","NMVOC","Gg","17.3480638715163"
"CH","2015","N14 L_AgriOther","NMVOC","Gg","0.4612425024621"
"CH","2015","N14 M_Other","NMVOC","Gg","0.215090563006268"
"CH","2015","N14 O_AviCruise","NMVOC","Gg","0.620679056951558"
"CH","2015","N14 P_IntShipping","NMVOC","Gg","0.0655732562618228"
"CH","2015","N14 N_Natural","NMVOC","Gg","70.9427325949331"
"CH","2015","N14 z_Memo","NMVOC","Gg","9.10112345055631"
"MK","1990","N14 A_PublicPower","NMVOC","Gg","0.09008993141638"
"MK","1990","N14 B_Industry","NMVOC","Gg","1.90031757682822"
"MK","1990","N14 C_OtherStatComb","NMVOC","Gg","9.62436523616778"
"MK","1990","N14 D_Fugitive","NMVOC","Gg","2.75787027131953"
"MK","1990","N14 E_Solvents","NMVOC","Gg","9.9167154782126"
"MK","1990","N14 F_RoadTransport","NMVOC","Gg","14.7755219420252"
"MK","1990","N14 G_Shipping","NMVOC","Gg","0.00024619"
"MK","1990","N14 H_Aviation","NMVOC","Gg","0.00257321226090146"
"MK","1990","N14 I_Offroad","NMVOC","Gg","1.00743711720907"
"MK","1990","N14 J_Waste","NMVOC","Gg","1.51360340158911"
"MK","1990","N14 K_AgriLivestock","NMVOC","Gg","4.77296551873247"
"MK","1990","N14 L_AgriOther","NMVOC","Gg","1.1352"
"MK","1990","N14 M_Other","NMVOC","Gg","0"
"MK","1990","N14 O_AviCruise","NMVOC","Gg","0.392302113964089"
"MK","1990","N14 P_IntShipping","NMVOC","Gg","0"
"MK","1990","N14 N_Natural","NMVOC","Gg","0"
"MK","1990","N14 z_Memo","NMVOC","Gg","0"
"LI","2011","N14 A_PublicPower","NMVOC","Gg","0.000133595829504"
"LI","2011","N14 B_Industry","NMVOC","Gg","0.0168313599098675"
"LI","2011","N14 C_OtherStatComb","NMVOC","Gg","0.0123026161580942"
"LI","2011","N14 D_Fugitive","NMVOC","Gg","0.0057827116872"
"LI","2011","N14 E_Solvents","NMVOC","Gg","0.18158007543447"
"LI","2011","N14 F_RoadTransport","NMVOC","Gg","0.0201885471317235"
"LI","2011","N14 G_Shipping","NMVOC","Gg","0"
"LI","2011","N14 H_Aviation","NMVOC","Gg","5.9784e-06"
"LI","2011","N14 I_Offroad","NMVOC","Gg","0.0340778963208229"
"LI","2011","N14 J_Waste","NMVOC","Gg","0.00454279069689957"
"LI","2011","N14 K_AgriLivestock","NMVOC","Gg","0.056576181"
"LI","2011","N14 L_AgriOther","NMVOC","Gg","3.9132768e-14"
"LI","2011","N14 M_Other","NMVOC","Gg","0"
"MK","2003","N14 A_PublicPower","NMVOC","Gg","0.0762994089803834"
"MK","2003","N14 B_Industry","NMVOC","Gg","2.0598292690808"
"MK","2003","N14 C_OtherStatComb","NMVOC","Gg","10.0341129708916"
"MK","2003","N14 D_Fugitive","NMVOC","Gg","2.2886849147026"
"MK","2003","N14 E_Solvents","NMVOC","Gg","7.53800393393177"
"MK","2003","N14 F_RoadTransport","NMVOC","Gg","9.22306223102907"
"MK","2003","N14 G_Shipping","NMVOC","Gg","3.62046054451884e-05"
"MK","2003","N14 H_Aviation","NMVOC","Gg","0.00257247889918168"
"MK","2003","N14 I_Offroad","NMVOC","Gg","0.708968303214106"
"MK","2003","N14 J_Waste","NMVOC","Gg","2.0047116209837"
"MK","2003","N14 K_AgriLivestock","NMVOC","Gg","3.60553810844563"
"MK","2003","N14 L_AgriOther","NMVOC","Gg","1.12058"
"MK","2003","N14 M_Other","NMVOC","Gg","0"
"MK","2003","N14 O_AviCruise","NMVOC","Gg","0.303487479121761"
"MK","2003","N14 P_IntShipping","NMVOC","Gg","0"
"MK","2003","N14 N_Natural","NMVOC","Gg","0.5766"
"MK","2003","N14 z_Memo","NMVOC","Gg","0"
"EU28","2008","N14 A_PublicPower","NMVOC","Gg","44.4974910997845"
"EU28","2008","N14 B_Industry","NMVOC","Gg","669.934461284833"
"EU28","2008","N14 C_OtherStatComb","NMVOC","Gg","1148.98948181627"
"EU28","2008","N14 D_Fugitive","NMVOC","Gg","640.674743531402"
"EU28","2008","N14 E_Solvents","NMVOC","Gg","3220.1180544363"
"EU28","2008","N14 F_RoadTransport","NMVOC","Gg","1152.23734405884"
"EU28","2008","N14 G_Shipping","NMVOC","Gg","77.0122956539717"
"EU28","2008","N14 H_Aviation","NMVOC","Gg","8.8354975531056"
"EU28","2008","N14 I_Offroad","NMVOC","Gg","264.171972017073"
"EU28","2008","N14 J_Waste","NMVOC","Gg","95.5170741404608"
"EU28","2008","N14 K_AgriLivestock","NMVOC","Gg","868.056460332635"
"EU28","2008","N14 L_AgriOther","NMVOC","Gg","217.813003503942"
"EU28","2008","N14 M_Other","NMVOC","Gg","1.882742819098"
"EU28","2008","N14 O_AviCruise","NMVOC","Gg","12.5743106553314"
"EU28","2008","N14 P_IntShipping","NMVOC","Gg","63.6892361789977"
"EU28","2008","N14 N_Natural","NMVOC","Gg","2373.64176697911"
"EU28","2008","N14 z_Memo","NMVOC","Gg","1386.19279486498"
"IS","2000","N14 A_PublicPower","NMVOC","Gg","0.00016587068"
"IS","2000","N14 B_Industry","NMVOC","Gg","0.440579228120165"
"IS","2000","N14 C_OtherStatComb","NMVOC","Gg","0.002135644745"
"IS","2000","N14 D_Fugitive","NMVOC","Gg","0.239506049707933"
"IS","2000","N14 E_Solvents","NMVOC","Gg","1.420383088361"
"IS","2000","N14 F_RoadTransport","NMVOC","Gg","2.97743390062014"
"IS","2000","N14 G_Shipping","NMVOC","Gg","0.0110534"
"IS","2000","N14 H_Aviation","NMVOC","Gg","0.128749879104076"
"IS","2000","N14 I_Offroad","NMVOC","Gg","0.988297745"
"IS","2000","N14 J_Waste","NMVOC","Gg","0.5563736946"
"IS","2000","N14 K_AgriLivestock","NMVOC","Gg","1.8567219582993"
"IS","2000","N14 L_AgriOther","NMVOC","Gg","7.54840329610319e-08"
"IS","2000","N14 M_Other","NMVOC","Gg","0"
"IS","2000","N14 O_AviCruise","NMVOC","Gg","0.175582330895924"
"IS","2000","N14 P_IntShipping","NMVOC","Gg","0.0475013"
"IS","2000","N14 N_Natural","NMVOC","Gg","0"
"IS","2000","N14 z_Memo","NMVOC","Gg","0"
"BG","2007","N14 A_PublicPower","NMVOC","Gg","0.06939688"
"BG","2007","N14 B_Industry","NMVOC","Gg","4.797730904"
"BG","2007","N14 C_OtherStatComb","NMVOC","Gg","19.576261329"
"BG","2007","N14 D_Fugitive","NMVOC","Gg","10.72851526"
"BG","2007","N14 E_Solvents","NMVOC","Gg","16.94084922472"
"BG","2007","N14 F_RoadTransport","NMVOC","Gg","17.2450618134539"
"BG","2007","N14 G_Shipping","NMVOC","Gg","0.15747386158"
"BG","2007","N14 H_Aviation","NMVOC","Gg","0.0178402"
"BG","2007","N14 I_Offroad","NMVOC","Gg","0.904785801601638"
"BG","2007","N14 J_Waste","NMVOC","Gg","5.1253707681"
"BG","2007","N14 K_AgriLivestock","NMVOC","Gg","11.653470381"
"BG","2007","N14 L_AgriOther","NMVOC","Gg","3.13659337985961"
"BG","2007","N14 M_Other","NMVOC","Gg","0"
"BG","2007","N14 O_AviCruise","NMVOC","Gg","0.0925"
"BG","2007","N14 P_IntShipping","NMVOC","Gg","0"
"EU28","2017","N14 A_PublicPower","NMVOC","Gg","39.5041070175208"
"EU28","2017","N14 B_Industry","NMVOC","Gg","668.904267488432"
"EU28","2017","N14 C_OtherStatComb","NMVOC","Gg","1028.67368735256"
"EU28","2017","N14 D_Fugitive","NMVOC","Gg","472.546979689633"
"EU28","2017","N14 E_Solvents","NMVOC","Gg","2631.58713390783"
"EU28","2017","N14 F_RoadTransport","NMVOC","Gg","570.716479147305"
"EU28","2017","N14 G_Shipping","NMVOC","Gg","46.1158087999789"
"EU28","2017","N14 H_Aviation","NMVOC","Gg","7.56203087990321"
"EU28","2017","N14 I_Offroad","NMVOC","Gg","160.222169341036"
"EU28","2017","N14 J_Waste","NMVOC","Gg","67.8918220439404"
"EU28","2017","N14 K_AgriLivestock","NMVOC","Gg","894.714981344618"
"EU28","2017","N14 L_AgriOther","NMVOC","Gg","225.008896503586"
"EU28","2017","N14 M_Other","NMVOC","Gg","1.982357906406"
"EU28","2017","N14 O_AviCruise","NMVOC","Gg","12.9302169493102"
"EU28","2017","N14 P_IntShipping","NMVOC","Gg","50.1485440091255"
"EU28","2017","N14 N_Natural","NMVOC","Gg","2581.66863810883"
"EU28","2017","N14 z_Memo","NMVOC","Gg","1610.85776615924"
"KZ","1995","N14 A_PublicPower","NMVOC","Gg","4.83"
"KZ","1995","N14 B_Industry","NMVOC","Gg","7.7400395065"
"KZ","1995","N14 C_OtherStatComb","NMVOC","Gg","57.62"
"KZ","1995","N14 D_Fugitive","NMVOC","Gg","0"
"KZ","1995","N14 E_Solvents","NMVOC","Gg","20.2503960192"
"KZ","1995","N14 F_RoadTransport","NMVOC","Gg","25.5939846941493"
"KZ","1995","N14 G_Shipping","NMVOC","Gg","19.8434403578172"
"KZ","1995","N14 H_Aviation","NMVOC","Gg","0.373229132328"
"KZ","1995","N14 I_Offroad","NMVOC","Gg","1.09898812465116"
"KZ","1995","N14 J_Waste","NMVOC","Gg","5.302145"
"KZ","1995","N14 K_AgriLivestock","NMVOC","Gg","84.009221"
"KZ","1995","N14 L_AgriOther","NMVOC","Gg","24.664456"
"KZ","1995","N14 M_Other","NMVOC","Gg","0"
"KZ","1995","N14 N_Natural","NMVOC","Gg","59.378"
"IE","2016","N14 A_PublicPower","NMVOC","Gg","0.303958802987533"
"IE","2016","N14 B_Industry","NMVOC","Gg","24.1913136608063"
"IE","2016","N14 C_OtherStatComb","NMVOC","Gg","8.64084955187922"
"IE","2016","N14 D_Fugitive","NMVOC","Gg","4.49504209595298"
"IE","2016","N14 E_Solvents","NMVOC","Gg","18.5485114496699"
"IE","2016","N14 F_RoadTransport","NMVOC","Gg","5.32641871893094"
"IE","2016","N14 G_Shipping","NMVOC","Gg","0.232578213420405"
"IE","2016","N14 H_Aviation","NMVOC","Gg","0.156911406420574"
"IE","2016","N14 I_Offroad","NMVOC","Gg","0.45184247638139"
"IE","2016","N14 J_Waste","NMVOC","Gg","0.541335905405785"
"IE","2016","N14 K_AgriLivestock","NMVOC","Gg","41.8217389928134"
"IE","2016","N14 L_AgriOther","NMVOC","Gg","3.824592"
"IE","2016","N14 M_Other","NMVOC","Gg","0"
"IE","2016","N14 O_AviCruise","NMVOC","Gg","0.292806698331502"
"IE","2016","N14 P_IntShipping","NMVOC","Gg","0.432664523091967"
"IE","2016","N14 N_Natural","NMVOC","Gg","0"
"IE","2016","N14 z_Memo","NMVOC","Gg","5.77392253467083"
"SE","2001","N14 A_PublicPower","NMVOC","Gg","2.32636454448063"
"SE","2001","N14 B_Industry","NMVOC","Gg","14.4768072819823"
"SE","2001","N14 C_OtherStatComb","NMVOC","Gg","14.4225116401549"
"SE","2001","N14 D_Fugitive","NMVOC","Gg","15.6306428893658"
"SE","2001","N14 E_Solvents","NMVOC","Gg","55.8934621216667"
"SE","2001","N14 F_RoadTransport","NMVOC","Gg","56.6893497912465"
"SE","2001","N14 G_Shipping","NMVOC","Gg","4.74952817541764"
"SE","2001","N14 H_Aviation","NMVOC","Gg","0.166163976240258"
"SE","2001","N14 I_Offroad","NMVOC","Gg","16.7274459199593"
"SE","2001","N14 J_Waste","NMVOC","Gg","1.82335998580714"
"SE","2001","N14 K_AgriLivestock","NMVOC","Gg","24.0365469619502"
"SE","2001","N14 L_AgriOther","NMVOC","Gg","11.151510747779"
"SE","2001","N14 M_Other","NMVOC","Gg","0"
"SE","2001","N14 O_AviCruise","NMVOC","Gg","0.714477900525505"
"SE","2001","N14 P_IntShipping","NMVOC","Gg","1.61846120161705"
"SE","2001","N14 N_Natural","NMVOC","Gg","0"
"SE","2001","N14 z_Memo","NMVOC","Gg","0"
"FR","1993","N14 A_PublicPower","NMVOC","Gg","1.63841607742325"
"FR","1993","N14 B_Industry","NMVOC","Gg","88.0615666409924"
"FR","1993","N14 C_OtherStatComb","NMVOC","Gg","572.524736651495"
"FR","1993","N14 D_Fugitive","NMVOC","Gg","140.666533565384"
"FR","1993","N14 E_Solvents","NMVOC","Gg","594.154139526186"
"FR","1993","N14 F_RoadTransport","NMVOC","Gg","826.288988742484"
"FR","1993","N14 G_Shipping","NMVOC","Gg","15.5072346206281"
"FR","1993","N14 H_Aviation","NMVOC","Gg","2.4778006182731"
"FR","1993","N14 I_Offroad","NMVOC","Gg","55.6721044415852"
"FR","1993","N14 J_Waste","NMVOC","Gg","12.1397001245108"
"FR","1993","N14 K_AgriLivestock","NMVOC","Gg","0"
"FR","1993","N14 L_AgriOther","NMVOC","Gg","2.53450238707773"
"FR","1993","N14 M_Other","NMVOC","Gg","0"
"FR","1993","N14 O_AviCruise","NMVOC","Gg","1.24956902035174"
"FR","1993","N14 P_IntShipping","NMVOC","Gg","6.65170670988808"
"FR","1993","N14 N_Natural","NMVOC","Gg","106.351036530783"
"FR","1993","N14 z_Memo","NMVOC","Gg","1402.88197047926"
"NO","2008","N14 A_PublicPower","NMVOC","Gg","0.8376062474"
"NO","2008","N14 B_Industry","NMVOC","Gg","7.8183561293"
"NO","2008","N14 C_OtherStatComb","NMVOC","Gg","9.1336054324"
"NO","2008","N14 D_Fugitive","NMVOC","Gg","63.6719479788"
"NO","2008","N14 E_Solvents","NMVOC","Gg","41.1352694851"
"NO","2008","N14 F_RoadTransport","NMVOC","Gg","14.2684380771"
"NO","2008","N14 G_Shipping","NMVOC","Gg","3.2449438403"
"NO","2008","N14 H_Aviation","NMVOC","Gg","0.3944716372"
"NO","2008","N14 I_Offroad","NMVOC","Gg","24.0435004721"
"NO","2008","N14 J_Waste","NMVOC","Gg","1.0735410229"
"NO","2008","N14 K_AgriLivestock","NMVOC","Gg","10.0924553712"
"NO","2008","N14 L_AgriOther","NMVOC","Gg","0.7630896524"
"NO","2008","N14 M_Other","NMVOC","Gg","0"
"NO","2008","N14 O_AviCruise","NMVOC","Gg","1.2174876423"
"NO","2008","N14 P_IntShipping","NMVOC","Gg","0.688554965"
"NO","2008","N14 N_Natural","NMVOC","Gg","0"
"NO","2008","N14 z_Memo","NMVOC","Gg","19.017680766"
"EU28","2009","N14 A_PublicPower","NMVOC","Gg","42.8689898638971"
"EU28","2009","N14 B_Industry","NMVOC","Gg","618.808579164274"
"EU28","2009","N14 C_OtherStatComb","NMVOC","Gg","1149.72987415728"
"EU28","2009","N14 D_Fugitive","NMVOC","Gg","597.269555883873"
"EU28","2009","N14 E_Solvents","NMVOC","Gg","2905.86492303503"
"EU28","2009","N14 F_RoadTransport","NMVOC","Gg","1015.89921446366"
"EU28","2009","N14 G_Shipping","NMVOC","Gg","71.4870360413198"
"EU28","2009","N14 H_Aviation","NMVOC","Gg","7.99475851964234"
"EU28","2009","N14 I_Offroad","NMVOC","Gg","231.175898650246"
"EU28","2009","N14 J_Waste","NMVOC","Gg","90.8046077270082"
"EU28","2009","N14 K_AgriLivestock","NMVOC","Gg","868.572982666262"
"EU28","2009","N14 L_AgriOther","NMVOC","Gg","219.693798600369"
"EU28","2009","N14 M_Other","NMVOC","Gg","1.865895287252"
"EU28","2009","N14 O_AviCruise","NMVOC","Gg","11.9449808663071"
"EU28","2009","N14 P_IntShipping","NMVOC","Gg","60.2458878414005"
"EU28","2009","N14 N_Natural","NMVOC","Gg","2401.99768090749"
"EU28","2009","N14 z_Memo","NMVOC","Gg","1529.97695004522"
"DK","1992","N14 A_PublicPower","NMVOC","Gg","0.583046348290357"
"DK","1992","N14 B_Industry","NMVOC","Gg","5.60673033845116"
"DK","1992","N14 C_OtherStatComb","NMVOC","Gg","16.1428859745103"
"DK","1992","N14 D_Fugitive","NMVOC","Gg","12.5992087076489"
"DK","1992","N14 E_Solvents","NMVOC","Gg","45.9978669312866"
"DK","1992","N14 F_RoadTransport","NMVOC","Gg","65.8398585261625"
"DK","1992","N14 G_Shipping","NMVOC","Gg","0.554962606878179"
"DK","1992","N14 H_Aviation","NMVOC","Gg","0.22929072255562"
"DK","1992","N14 I_Offroad","NMVOC","Gg","10.6985428111937"
"DK","1992","N14 J_Waste","NMVOC","Gg","1.77279347474678"
"DK","1992","N14 K_AgriLivestock","NMVOC","Gg","38.1979706781074"
"DK","1992","N14 L_AgriOther","NMVOC","Gg","1.4201265875"
"DK","1992","N14 M_Other","NMVOC","Gg","0"
"DK","1992","N14 O_AviCruise","NMVOC","Gg","0.111845196359037"
"DK","1992","N14 P_IntShipping","NMVOC","Gg","1.92811248243724"
"DK","1992","N14 N_Natural","NMVOC","Gg","0"
"DK","1992","N14 z_Memo","NMVOC","Gg","0"
"CA","2011","N14 A_PublicPower","NMVOC","Gg","1.84244898459013"
"CA","2011","N14 B_Industry","NMVOC","Gg","145.557184599458"
"CA","2011","N14 C_OtherStatComb","NMVOC","Gg","238.431767535013"
"CA","2011","N14 D_Fugitive","NMVOC","Gg","645.194398131166"
"CA","2011","N14 E_Solvents","NMVOC","Gg","305.349543134669"
"CA","2011","N14 F_RoadTransport","NMVOC","Gg","184.502998394396"
"CA","2011","N14 G_Shipping","NMVOC","Gg","8.41819538590776"
"CA","2011","N14 H_Aviation","NMVOC","Gg","2.63099595798922"
"CA","2011","N14 I_Offroad","NMVOC","Gg","215.423313743331"
"CA","2011","N14 J_Waste","NMVOC","Gg","10.4894264594569"
"CA","2011","N14 K_AgriLivestock","NMVOC","Gg","114.01173685576"
"CA","2011","N14 L_AgriOther","NMVOC","Gg","2.63506234021965"
"CA","2011","N14 M_Other","NMVOC","Gg","4.1851273414435"
"CA","2011","N14 O_AviCruise","NMVOC","Gg","3.13916407119981"
"CA","2011","N14 P_IntShipping","NMVOC","Gg","0"
"CA","2011","N14 N_Natural","NMVOC","Gg","0"
"CA","2011","N14 z_Memo","NMVOC","Gg","0"
"HR","1996","N14 A_PublicPower","NMVOC","Gg","0.554559393"
"HR","1996","N14 B_Industry","NMVOC","Gg","12.3990019649872"
"HR","1996","N14 C_OtherStatComb","NMVOC","Gg","26.08291067592"
"HR","1996","N14 D_Fugitive","NMVOC","Gg","4.927456922925"
"HR","1996","N14 E_Solvents","NMVOC","Gg","39.3957451530307"
"HR","1996","N14 F_RoadTransport","NMVOC","Gg","28.0475695176955"
"HR","1996","N14 G_Shipping","NMVOC","Gg","0.322571664085"
"HR","1996","N14 H_Aviation","NMVOC","Gg","0.00889088439"
"HR","1996","N14 I_Offroad","NMVOC","Gg","2.4602037353446"
"HR","1996","N14 J_Waste","NMVOC","Gg","1.97677903544"
"HR","1996","N14 K_AgriLivestock","NMVOC","Gg","8.728732743822"
"HR","1996","N14 L_AgriOther","NMVOC","Gg","2.21610906"
"HR","1996","N14 M_Other","NMVOC","Gg","0"
"HR","1996","N14 O_AviCruise","NMVOC","Gg","0.03472110237"
"HR","1996","N14 P_IntShipping","NMVOC","Gg","0.1014900367"
"HR","1996","N14 N_Natural","NMVOC","Gg","0.765"
"HR","1996","N14 z_Memo","NMVOC","Gg","0"
"LV","2008","N14 A_PublicPower","NMVOC","Gg","0.118309763872703"
"LV","2008","N14 B_Industry","NMVOC","Gg","3.77779783529795"
"LV","2008","N14 C_OtherStatComb","NMVOC","Gg","14.1409980984221"
"LV","2008","N14 D_Fugitive","NMVOC","Gg","2.49683922856493"
"LV","2008","N14 E_Solvents","NMVOC","Gg","6.88515288110749"
"LV","2008","N14 F_RoadTransport","NMVOC","Gg","4.9832923513139"
"LV","2008","N14 G_Shipping","NMVOC","Gg","0.0231601903548681"
"LV","2008","N14 H_Aviation","NMVOC","Gg","0.0356436"
"LV","2008","N14 I_Offroad","NMVOC","Gg","1.52695795424031"
"LV","2008","N14 J_Waste","NMVOC","Gg","1.10353984899"
"LV","2008","N14 K_AgriLivestock","NMVOC","Gg","5.93502016903344"
"LV","2008","N14 L_AgriOther","NMVOC","Gg","0.995666"
"LV","2008","N14 M_Other","NMVOC","Gg","0"
"LV","2008","N14 O_AviCruise","NMVOC","Gg","0.0378745371268225"
"LV","2008","N14 P_IntShipping","NMVOC","Gg","0.5715"
"LV","2008","N14 N_Natural","NMVOC","Gg","0.182"
"LV","2008","N14 z_Memo","NMVOC","Gg","0"
"CZ","2004","N14 A_PublicPower","NMVOC","Gg","6.350128763"
"CZ","2004","N14 B_Industry","NMVOC","Gg","4.76951984150763"
"CZ","2004","N14 C_OtherStatComb","NMVOC","Gg","88.5847471359383"
"CZ","2004","N14 D_Fugitive","NMVOC","Gg","12.253966536"
"CZ","2004","N14 E_Solvents","NMVOC","Gg","96.3393125503813"
"CZ","2004","N14 F_RoadTransport","NMVOC","Gg","39.5565860239218"
"CZ","2004","N14 G_Shipping","NMVOC","Gg","0.028109268"
"CZ","2004","N14 H_Aviation","NMVOC","Gg","0.0807847499999999"
"CZ","2004","N14 I_Offroad","NMVOC","Gg","5.254381856"
"CZ","2004","N14 J_Waste","NMVOC","Gg","9.555692878948"
"CZ","2004","N14 K_AgriLivestock","NMVOC","Gg","0"
"CZ","2004","N14 L_AgriOther","NMVOC","Gg","0"
"CZ","2004","N14 M_Other","NMVOC","Gg","0"
"CZ","2004","N14 O_AviCruise","NMVOC","Gg","0.48379275"
"CZ","2004","N14 P_IntShipping","NMVOC","Gg","0"
"CZ","2004","N14 N_Natural","NMVOC","Gg","0.16725"
"CZ","2004","N14 z_Memo","NMVOC","Gg","40.0918039399218"
"LV","2004","N14 A_PublicPower","NMVOC","Gg","0.1223470961664"
"LV","2004","N14 B_Industry","NMVOC","Gg","4.16687528611003"
"LV","2004","N14 C_OtherStatComb","NMVOC","Gg","15.8084212041085"
"LV","2004","N14 D_Fugitive","NMVOC","Gg","2.10988637821242"
"LV","2004","N14 E_Solvents","NMVOC","Gg","8.14419976896166"
"LV","2004","N14 F_RoadTransport","NMVOC","Gg","9.73983627097001"
"LV","2004","N14 G_Shipping","NMVOC","Gg","0.0161273562148212"
"LV","2004","N14 H_Aviation","NMVOC","Gg","0.01736203"
"LV","2004","N14 I_Offroad","NMVOC","Gg","1.42062533285922"
"LV","2004","N14 J_Waste","NMVOC","Gg","0.989091161135"
"LV","2004","N14 K_AgriLivestock","NMVOC","Gg","5.62697903476043"
"LV","2004","N14 L_AgriOther","NMVOC","Gg","1.001691"
"LV","2004","N14 M_Other","NMVOC","Gg","0"
"LV","2004","N14 O_AviCruise","NMVOC","Gg","0.0187003453528049"
"LV","2004","N14 P_IntShipping","NMVOC","Gg","0.561"
"LV","2004","N14 N_Natural","NMVOC","Gg","0.2425"
"LV","2004","N14 z_Memo","NMVOC","Gg","0"
"FR","2017","N14 A_PublicPower","NMVOC","Gg","0.787425912603193"
"FR","2017","N14 B_Industry","NMVOC","Gg","60.5474743271825"
"FR","2017","N14 C_OtherStatComb","NMVOC","Gg","133.799831431604"
"FR","2017","N14 D_Fugitive","NMVOC","Gg","23.1446405688715"
"FR","2017","N14 E_Solvents","NMVOC","Gg","297.24744157263"
"FR","2017","N14 F_RoadTransport","NMVOC","Gg","56.4935185059997"
"FR","2017","N14 G_Shipping","NMVOC","Gg","9.46797506196975"
"FR","2017","N14 H_Aviation","NMVOC","Gg","1.21806727310536"
"FR","2017","N14 I_Offroad","NMVOC","Gg","18.1371429567456"
"FR","2017","N14 J_Waste","NMVOC","Gg","9.36158669613434"
"FR","2017","N14 K_AgriLivestock","NMVOC","Gg","0"
"FR","2017","N14 L_AgriOther","NMVOC","Gg","1.75506879788922"
"FR","2017","N14 M_Other","NMVOC","Gg","0"
"FR","2017","N14 O_AviCruise","NMVOC","Gg","2.3963618192154"
"FR","2017","N14 P_IntShipping","NMVOC","Gg","4.76879499411572"
"FR","2017","N14 N_Natural","NMVOC","Gg","107.849422513496"
"FR","2017","N14 z_Memo","NMVOC","Gg","1610.85734270279"
"LU","2014","N14 A_PublicPower","NMVOC","Gg","0.162827674543833"
"LU","2014","N14 B_Industry","NMVOC","Gg","0.480491026164529"
"LU","2014","N14 C_OtherStatComb","NMVOC","Gg","0.569220485843509"
"LU","2014","N14 D_Fugitive","NMVOC","Gg","0.743264014735906"
"LU","2014","N14 E_Solvents","NMVOC","Gg","4.57322273102984"
"LU","2014","N14 F_RoadTransport","NMVOC","Gg","1.14656435752571"
"LU","2014","N14 G_Shipping","NMVOC","Gg","0.00773841374495717"
"LU","2014","N14 H_Aviation","NMVOC","Gg","0.0465398779590294"
"LU","2014","N14 I_Offroad","NMVOC","Gg","0.16739276668136"
"LU","2014","N14 J_Waste","NMVOC","Gg","0.0201415321674618"
"LU","2014","N14 K_AgriLivestock","NMVOC","Gg","3.08521523108589"
"LU","2014","N14 L_AgriOther","NMVOC","Gg","0.1127260996"
"LU","2014","N14 M_Other","NMVOC","Gg","0"
"LU","2014","N14 O_AviCruise","NMVOC","Gg","0.0732834586333022"
"LU","2014","N14 P_IntShipping","NMVOC","Gg","0"
"LU","2014","N14 N_Natural","NMVOC","Gg","0"
"LU","2014","N14 z_Memo","NMVOC","Gg","0.536370625030269"
"LT","1997","N14 A_PublicPower","NMVOC","Gg","0.3039809"
"LT","1997","N14 B_Industry","NMVOC","Gg","0.268497352250866"
"LT","1997","N14 C_OtherStatComb","NMVOC","Gg","10.8824860766"
"LT","1997","N14 D_Fugitive","NMVOC","Gg","5.92938996187985"
"LT","1997","N14 E_Solvents","NMVOC","Gg","18.2109377379594"
"LT","1997","N14 F_RoadTransport","NMVOC","Gg","22.699479649"
"LT","1997","N14 G_Shipping","NMVOC","Gg","0.0139804013065796"
"LT","1997","N14 H_Aviation","NMVOC","Gg","0.00213688484848483"
"LT","1997","N14 I_Offroad","NMVOC","Gg","3.80435726980711"
"LT","1997","N14 J_Waste","NMVOC","Gg","2.30928220344351"
"LT","1997","N14 K_AgriLivestock","NMVOC","Gg","14.5628128443965"
"LT","1997","N14 L_AgriOther","NMVOC","Gg","0"
"LT","1997","N14 M_Other","NMVOC","Gg","0"
"LT","1997","N14 P_IntShipping","NMVOC","Gg","0.168"
"LT","1997","N14 N_Natural","NMVOC","Gg","0.1132"
"BG","1998","N14 A_PublicPower","NMVOC","Gg","0.058900417"
"BG","1998","N14 B_Industry","NMVOC","Gg","9.62394341"
"BG","1998","N14 C_OtherStatComb","NMVOC","Gg","19.606846144"
"BG","1998","N14 D_Fugitive","NMVOC","Gg","15.38371741"
"BG","1998","N14 E_Solvents","NMVOC","Gg","17.5436178375"
"BG","1998","N14 F_RoadTransport","NMVOC","Gg","32.8623713521999"
"BG","1998","N14 G_Shipping","NMVOC","Gg","0.2043"
"BG","1998","N14 H_Aviation","NMVOC","Gg","0.0105742"
"BG","1998","N14 I_Offroad","NMVOC","Gg","1.03760810142874"
"BG","1998","N14 J_Waste","NMVOC","Gg","7.41427867992093"
"BG","1998","N14 K_AgriLivestock","NMVOC","Gg","12.1650608792717"
"BG","1998","N14 L_AgriOther","NMVOC","Gg","3.23688818674322"
"BG","1998","N14 M_Other","NMVOC","Gg","0"
"BG","1998","N14 O_AviCruise","NMVOC","Gg","0.0651"
"BG","1998","N14 P_IntShipping","NMVOC","Gg","0"
"DK","1986","N14 A_PublicPower","NMVOC","Gg","0.50035276"
"DK","1986","N14 B_Industry","NMVOC","Gg","5.76653064559891"
"DK","1986","N14 C_OtherStatComb","NMVOC","Gg","17.0390320238277"
"DK","1986","N14 D_Fugitive","NMVOC","Gg","10.77024242416"
"DK","1986","N14 E_Solvents","NMVOC","Gg","42.6290168066457"
"DK","1986","N14 F_RoadTransport","NMVOC","Gg","64.7575262686458"
"DK","1986","N14 G_Shipping","NMVOC","Gg","0.462393414102726"
"DK","1986","N14 H_Aviation","NMVOC","Gg","0.257376842115397"
"DK","1986","N14 I_Offroad","NMVOC","Gg","12.0615698533125"
"DK","1986","N14 J_Waste","NMVOC","Gg","0.219856225702314"
"DK","1986","N14 K_AgriLivestock","NMVOC","Gg","40.8970389754506"
"DK","1986","N14 L_AgriOther","NMVOC","Gg","2.128939116575"
"DK","1986","N14 M_Other","NMVOC","Gg","0"
"DK","1986","N14 O_AviCruise","NMVOC","Gg","0.101235418098328"
"DK","1986","N14 P_IntShipping","NMVOC","Gg","0.974215811365702"
"DK","1986","N14 N_Natural","NMVOC","Gg","0"
"DK","1986","N14 z_Memo","NMVOC","Gg","0"
"TR","2005","N14 A_PublicPower","NMVOC","Gg","1.806439810551"
"TR","2005","N14 B_Industry","NMVOC","Gg","122.488536528012"
"TR","2005","N14 C_OtherStatComb","NMVOC","Gg","203.252800369617"
"TR","2005","N14 D_Fugitive","NMVOC","Gg","0"
"TR","2005","N14 E_Solvents","NMVOC","Gg","232.035031523266"
"TR","2005","N14 F_RoadTransport","NMVOC","Gg","63.2875884696349"
"TR","2005","N14 G_Shipping","NMVOC","Gg","1.09485"
"TR","2005","N14 H_Aviation","NMVOC","Gg","2.3924593549529"
"TR","2005","N14 I_Offroad","NMVOC","Gg","0.99045"
"TR","2005","N14 J_Waste","NMVOC","Gg","38.561159305"
"TR","2005","N14 K_AgriLivestock","NMVOC","Gg","158.23323707911"
"TR","2005","N14 L_AgriOther","NMVOC","Gg","173.71756904813"
"TR","2005","N14 M_Other","NMVOC","Gg","0"
"TR","2005","N14 O_AviCruise","NMVOC","Gg","0.657036835968606"
"TR","2005","N14 P_IntShipping","NMVOC","Gg","0"
"TR","2005","N14 N_Natural","NMVOC","Gg","0"
"IE","1991","N14 A_PublicPower","NMVOC","Gg","0.20902777679243"
"IE","1991","N14 B_Industry","NMVOC","Gg","11.5064764981101"
"IE","1991","N14 C_OtherStatComb","NMVOC","Gg","28.2876250885865"
"IE","1991","N14 D_Fugitive","NMVOC","Gg","3.39761878241756"
"IE","1991","N14 E_Solvents","NMVOC","Gg","23.2415478387963"
"IE","1991","N14 F_RoadTransport","NMVOC","Gg","33.9570823088404"
"IE","1991","N14 G_Shipping","NMVOC","Gg","0.0709"
"IE","1991","N14 H_Aviation","NMVOC","Gg","0.110180758451823"
"IE","1991","N14 I_Offroad","NMVOC","Gg","1.58361569370411"
"IE","1991","N14 J_Waste","NMVOC","Gg","1.08826014443175"
"IE","1991","N14 K_AgriLivestock","NMVOC","Gg","37.6759535977541"
"IE","1991","N14 L_AgriOther","NMVOC","Gg","3.819948"
"IE","1991","N14 M_Other","NMVOC","Gg","0"
"IE","1991","N14 O_AviCruise","NMVOC","Gg","0.124011028505925"
"IE","1991","N14 P_IntShipping","NMVOC","Gg","0.093"
"IE","1991","N14 N_Natural","NMVOC","Gg","0"
"IE","1991","N14 z_Memo","NMVOC","Gg","36.4159343397455"
"FR","1981","N14 A_PublicPower","NMVOC","Gg","0"
"FR","1981","N14 B_Industry","NMVOC","Gg","0"
"FR","1981","N14 C_OtherStatComb","NMVOC","Gg","0"
"FR","1981","N14 D_Fugitive","NMVOC","Gg","0"
"FR","1981","N14 E_Solvents","NMVOC","Gg","0"
"FR","1981","N14 F_RoadTransport","NMVOC","Gg","0"
"FR","1981","N14 G_Shipping","NMVOC","Gg","0"
"FR","1981","N14 H_Aviation","NMVOC","Gg","0"
"FR","1981","N14 I_Offroad","NMVOC","Gg","0"
"FR","1981","N14 J_Waste","NMVOC","Gg","0"
"FR","1981","N14 K_AgriLivestock","NMVOC","Gg","0"
"FR","1981","N14 L_AgriOther","NMVOC","Gg","0"
"FR","1981","N14 M_Other","NMVOC","Gg","0"
"FR","1981","N14 O_AviCruise","NMVOC","Gg","0"
"FR","1981","N14 P_IntShipping","NMVOC","Gg","0"
"FR","1981","N14 N_Natural","NMVOC","Gg","0"
"FR","1981","N14 z_Memo","NMVOC","Gg","0"
"FI","2006","N14 A_PublicPower","NMVOC","Gg","1.0884735466144"
"FI","2006","N14 B_Industry","NMVOC","Gg","11.6746429278834"
"FI","2006","N14 C_OtherStatComb","NMVOC","Gg","19.3140592930028"
"FI","2006","N14 D_Fugitive","NMVOC","Gg","8.30262217"
"FI","2006","N14 E_Solvents","NMVOC","Gg","29.358823754"
"FI","2006","N14 F_RoadTransport","NMVOC","Gg","25.2665666087933"
"FI","2006","N14 G_Shipping","NMVOC","Gg","8.26099923413397"
"FI","2006","N14 H_Aviation","NMVOC","Gg","0.137308512739211"
"FI","2006","N14 I_Offroad","NMVOC","Gg","20.3571843783787"
"FI","2006","N14 J_Waste","NMVOC","Gg","0.159834969"
"FI","2006","N14 K_AgriLivestock","NMVOC","Gg","12.4857775915798"
"FI","2006","N14 L_AgriOther","NMVOC","Gg","4.19958077738811"
"FI","2006","N14 M_Other","NMVOC","Gg","0"
"FI","2006","N14 O_AviCruise","NMVOC","Gg","0.192085337425121"
"FI","2006","N14 P_IntShipping","NMVOC","Gg","0.9915"
"FI","2006","N14 N_Natural","NMVOC","Gg","0"
"FI","2006","N14 z_Memo","NMVOC","Gg","0"
"FI","2003","N14 A_PublicPower","NMVOC","Gg","1.00422132615742"
"FI","2003","N14 B_Industry","NMVOC","Gg","13.0233529083088"
"FI","2003","N14 C_OtherStatComb","NMVOC","Gg","18.6612975838672"
"FI","2003","N14 D_Fugitive","NMVOC","Gg","8.99642771"
"FI","2003","N14 E_Solvents","NMVOC","Gg","30.968733148"
"FI","2003","N14 F_RoadTransport","NMVOC","Gg","38.2309658707547"
"FI","2003","N14 G_Shipping","NMVOC","Gg","8.42314100826951"
"FI","2003","N14 H_Aviation","NMVOC","Gg","0.148318305948744"
"FI","2003","N14 I_Offroad","NMVOC","Gg","24.9806029847667"
"FI","2003","N14 J_Waste","NMVOC","Gg","0.179871949"
"FI","2003","N14 K_AgriLivestock","NMVOC","Gg","12.6066060382303"
"FI","2003","N14 L_AgriOther","NMVOC","Gg","4.34502256812521"
"FI","2003","N14 M_Other","NMVOC","Gg","0"
"FI","2003","N14 O_AviCruise","NMVOC","Gg","0.176190215107254"
"FI","2003","N14 P_IntShipping","NMVOC","Gg","1.22"
"FI","2003","N14 N_Natural","NMVOC","Gg","0"
"FI","2003","N14 z_Memo","NMVOC","Gg","0"
"LU","1998","N14 A_PublicPower","NMVOC","Gg","0.0182620847663282"
"LU","1998","N14 B_Industry","NMVOC","Gg","0.688088976358787"
"LU","1998","N14 C_OtherStatComb","NMVOC","Gg","0.542606775117115"
"LU","1998","N14 D_Fugitive","NMVOC","Gg","0.842553725187126"
"LU","1998","N14 E_Solvents","NMVOC","Gg","5.12618025835929"
"LU","1998","N14 F_RoadTransport","NMVOC","Gg","5.86197417161521"
"LU","1998","N14 G_Shipping","NMVOC","Gg","0.019988988700937"
"LU","1998","N14 H_Aviation","NMVOC","Gg","0.025064983778"
"LU","1998","N14 I_Offroad","NMVOC","Gg","0.479744303578827"
"LU","1998","N14 J_Waste","NMVOC","Gg","0.030234572134865"
"LU","1998","N14 K_AgriLivestock","NMVOC","Gg","3.18882913035073"
"LU","1998","N14 L_AgriOther","NMVOC","Gg","0.109336573"
"LU","1998","N14 M_Other","NMVOC","Gg","0"
"LU","1998","N14 O_AviCruise","NMVOC","Gg","0.0561007388935615"
"LU","1998","N14 P_IntShipping","NMVOC","Gg","0"
"LU","1998","N14 N_Natural","NMVOC","Gg","0"
"LU","1998","N14 z_Memo","NMVOC","Gg","2.31211043206032"
"FI","1996","N14 A_PublicPower","NMVOC","Gg","0.626543288661"
"FI","1996","N14 B_Industry","NMVOC","Gg","18.1271019683279"
"FI","1996","N14 C_OtherStatComb","NMVOC","Gg","16.1457788086333"
"FI","1996","N14 D_Fugitive","NMVOC","Gg","11.097611"
"FI","1996","N14 E_Solvents","NMVOC","Gg","33.158915682"
"FI","1996","N14 F_RoadTransport","NMVOC","Gg","64.7669018454741"
"FI","1996","N14 G_Shipping","NMVOC","Gg","9.84503294819084"
"FI","1996","N14 H_Aviation","NMVOC","Gg","0.134385904314829"
"FI","1996","N14 I_Offroad","NMVOC","Gg","22.4114214311668"
"FI","1996","N14 J_Waste","NMVOC","Gg","0.24936177"
"FI","1996","N14 K_AgriLivestock","NMVOC","Gg","12.7171229045011"
"FI","1996","N14 L_AgriOther","NMVOC","Gg","4.24572742835229"
"FI","1996","N14 M_Other","NMVOC","Gg","0"
"FI","1996","N14 O_AviCruise","NMVOC","Gg","0.159631599906715"
"FI","1996","N14 P_IntShipping","NMVOC","Gg","1.0314"
"FI","1996","N14 N_Natural","NMVOC","Gg","0"
"FI","1996","N14 z_Memo","NMVOC","Gg","0"
"PL","2016","N14 A_PublicPower","NMVOC","Gg","2.49069907"
"PL","2016","N14 B_Industry","NMVOC","Gg","97.5819366439381"
"PL","2016","N14 C_OtherStatComb","NMVOC","Gg","118.423819848"
"PL","2016","N14 D_Fugitive","NMVOC","Gg","54.6161629461315"
"PL","2016","N14 E_Solvents","NMVOC","Gg","209.609413708968"
"PL","2016","N14 F_RoadTransport","NMVOC","Gg","76.5520698526795"
"PL","2016","N14 G_Shipping","NMVOC","Gg","0.0184194347645702"
"PL","2016","N14 H_Aviation","NMVOC","Gg","0.0509450674621"
"PL","2016","N14 I_Offroad","NMVOC","Gg","8.14532005025126"
"PL","2016","N14 J_Waste","NMVOC","Gg","9.14877166834207"
"PL","2016","N14 K_AgriLivestock","NMVOC","Gg","91.2515703469"
"PL","2016","N14 L_AgriOther","NMVOC","Gg","6.26919671355892"
"PL","2016","N14 M_Other","NMVOC","Gg","0"
"PL","2016","N14 O_AviCruise","NMVOC","Gg","0.354069989247615"
"PL","2016","N14 P_IntShipping","NMVOC","Gg","0.4914"
"PL","2016","N14 N_Natural","NMVOC","Gg","256.284222905026"
"NO","2001","N14 A_PublicPower","NMVOC","Gg","0.5611894169"
"NO","2001","N14 B_Industry","NMVOC","Gg","8.0178583245"
"NO","2001","N14 C_OtherStatComb","NMVOC","Gg","8.7267977555"
"NO","2001","N14 D_Fugitive","NMVOC","Gg","276.2499114014"
"NO","2001","N14 E_Solvents","NMVOC","Gg","48.1300093348"
"NO","2001","N14 F_RoadTransport","NMVOC","Gg","29.7881761482"
"NO","2001","N14 G_Shipping","NMVOC","Gg","2.882618601"
"NO","2001","N14 H_Aviation","NMVOC","Gg","0.4020582828"
"NO","2001","N14 I_Offroad","NMVOC","Gg","28.8586276856"
"NO","2001","N14 J_Waste","NMVOC","Gg","1.2028464106"
"NO","2001","N14 K_AgriLivestock","NMVOC","Gg","10.141202271"
"NO","2001","N14 L_AgriOther","NMVOC","Gg","0.827904299"
"NO","2001","N14 M_Other","NMVOC","Gg","0"
"NO","2001","N14 O_AviCruise","NMVOC","Gg","1.376258578"
"NO","2001","N14 P_IntShipping","NMVOC","Gg","0.4721471551"
"NO","2001","N14 N_Natural","NMVOC","Gg","0"
"NO","2001","N14 z_Memo","NMVOC","Gg","34.378621318"
"KZ","2016","N14 A_PublicPower","NMVOC","Gg","5.1571674442995"
"KZ","2016","N14 B_Industry","NMVOC","Gg","13.0806580839128"
"KZ","2016","N14 C_OtherStatComb","NMVOC","Gg","77.7138486143264"
"KZ","2016","N14 D_Fugitive","NMVOC","Gg","0"
"KZ","2016","N14 E_Solvents","NMVOC","Gg","36.433978"
"KZ","2016","N14 F_RoadTransport","NMVOC","Gg","52.915030937352"
"KZ","2016","N14 G_Shipping","NMVOC","Gg","0.25798023815"
"KZ","2016","N14 H_Aviation","NMVOC","Gg","0.0556156345853333"
"KZ","2016","N14 I_Offroad","NMVOC","Gg","2.87345546860465e-07"
"KZ","2016","N14 J_Waste","NMVOC","Gg","5.95513121"
"KZ","2016","N14 K_AgriLivestock","NMVOC","Gg","87.033807"
"KZ","2016","N14 L_AgriOther","NMVOC","Gg","18.467293"
"KZ","2016","N14 M_Other","NMVOC","Gg","0"
"KZ","2016","N14 O_AviCruise","NMVOC","Gg","0.0556156345853333"
"KZ","2016","N14 P_IntShipping","NMVOC","Gg","0.082553676208"
"KZ","2016","N14 N_Natural","NMVOC","Gg","2.871"
"HR","2012","N14 A_PublicPower","NMVOC","Gg","0.262416387316"
"HR","2012","N14 B_Industry","NMVOC","Gg","6.82465144452942"
"HR","2012","N14 C_OtherStatComb","NMVOC","Gg","20.280430883665"
"HR","2012","N14 D_Fugitive","NMVOC","Gg","3.88917606365082"
"HR","2012","N14 E_Solvents","NMVOC","Gg","25.5504992250503"
"HR","2012","N14 F_RoadTransport","NMVOC","Gg","7.55325823957985"
"HR","2012","N14 G_Shipping","NMVOC","Gg","0.25470175953"
"HR","2012","N14 H_Aviation","NMVOC","Gg","0.019698770075"
"HR","2012","N14 I_Offroad","NMVOC","Gg","1.20896277349652"
"HR","2012","N14 J_Waste","NMVOC","Gg","3.04774625232"
"HR","2012","N14 K_AgriLivestock","NMVOC","Gg","7.817778475782"
"HR","2012","N14 L_AgriOther","NMVOC","Gg","1.14463678"
"HR","2012","N14 M_Other","NMVOC","Gg","0"
"HR","2012","N14 O_AviCruise","NMVOC","Gg","0.04537988901"
"HR","2012","N14 P_IntShipping","NMVOC","Gg","0"
"HR","2012","N14 N_Natural","NMVOC","Gg","1.7004"
"HR","2012","N14 z_Memo","NMVOC","Gg","0"
"HU","2006","N14 A_PublicPower","NMVOC","Gg","2.89500117948178"
"HU","2006","N14 B_Industry","NMVOC","Gg","14.7811363899578"
"HU","2006","N14 C_OtherStatComb","NMVOC","Gg","26.1986025005"
"HU","2006","N14 D_Fugitive","NMVOC","Gg","3.4093306976203"
"HU","2006","N14 E_Solvents","NMVOC","Gg","44.2071905819707"
"HU","2006","N14 F_RoadTransport","NMVOC","Gg","36.3982619495072"
"HU","2006","N14 G_Shipping","NMVOC","Gg","0.0224"
"HU","2006","N14 H_Aviation","NMVOC","Gg","0.00457304311772388"
"HU","2006","N14 I_Offroad","NMVOC","Gg","2.41920751083927"
"HU","2006","N14 J_Waste","NMVOC","Gg","2.3249665138913"
"HU","2006","N14 K_AgriLivestock","NMVOC","Gg","22.4953786168984"
"HU","2006","N14 L_AgriOther","NMVOC","Gg","3.64071884"
"HU","2006","N14 M_Other","NMVOC","Gg","0"
"HU","2006","N14 O_AviCruise","NMVOC","Gg","0.00970619486504798"
"HU","2006","N14 P_IntShipping","NMVOC","Gg","0"
"HU","2006","N14 N_Natural","NMVOC","Gg","0"
"HU","2006","N14 z_Memo","NMVOC","Gg","0"
"NL","2000","N14 A_PublicPower","NMVOC","Gg","2.19431109"
"NL","2000","N14 B_Industry","NMVOC","Gg","28.945278309"
"NL","2000","N14 C_OtherStatComb","NMVOC","Gg","14.048081844"
"NL","2000","N14 D_Fugitive","NMVOC","Gg","29.205723"
"NL","2000","N14 E_Solvents","NMVOC","Gg","101.236611366"
"NL","2000","N14 F_RoadTransport","NMVOC","Gg","67.617602364"
"NL","2000","N14 G_Shipping","NMVOC","Gg","1.748694504"
"NL","2000","N14 H_Aviation","NMVOC","Gg","0.287700352"
"NL","2000","N14 I_Offroad","NMVOC","Gg","13.226031619"
"NL","2000","N14 J_Waste","NMVOC","Gg","2.022371685"
"NL","2000","N14 K_AgriLivestock","NMVOC","Gg","44.678559713"
"NL","2000","N14 L_AgriOther","NMVOC","Gg","27.115992789"
"NL","2000","N14 M_Other","NMVOC","Gg","0.412479208"
"NL","2000","N14 O_AviCruise","NMVOC","Gg","0"
"NL","2000","N14 P_IntShipping","NMVOC","Gg","3.424593869"
"NL","2000","N14 N_Natural","NMVOC","Gg","0"
"NL","2000","N14 z_Memo","NMVOC","Gg","66.245701137"
"AT","1997","N14 A_PublicPower","NMVOC","Gg","0.225631850436268"
"AT","1997","N14 B_Industry","NMVOC","Gg","5.04462768669777"
"AT","1997","N14 C_OtherStatComb","NMVOC","Gg","35.6516036060514"
"AT","1997","N14 D_Fugitive","NMVOC","Gg","7.95453833531314"
"AT","1997","N14 E_Solvents","NMVOC","Gg","78.2563045534052"
"AT","1997","N14 F_RoadTransport","NMVOC","Gg","36.0213638512999"
"AT","1997","N14 G_Shipping","NMVOC","Gg","0.600132887050005"
"AT","1997","N14 H_Aviation","NMVOC","Gg","0.332056180848183"
"AT","1997","N14 I_Offroad","NMVOC","Gg","9.03536301676274"
"AT","1997","N14 J_Waste","NMVOC","Gg","0.129016125775765"
"AT","1997","N14 K_AgriLivestock","NMVOC","Gg","30.582861031694"
"AT","1997","N14 L_AgriOther","NMVOC","Gg","14.2556821632336"
"AT","1997","N14 M_Other","NMVOC","Gg","0"
"AT","1997","N14 O_AviCruise","NMVOC","Gg","0.368619776007598"
"AT","1997","N14 P_IntShipping","NMVOC","Gg","0"
"AT","1997","N14 N_Natural","NMVOC","Gg","0"
"AT","1997","N14 z_Memo","NMVOC","Gg","38.4833127647168"
"GE","2013","N14 A_PublicPower","NMVOC","Gg","0.0271704"
"GE","2013","N14 B_Industry","NMVOC","Gg","3.1634119437"
"GE","2013","N14 C_OtherStatComb","NMVOC","Gg","12.061786754"
"GE","2013","N14 D_Fugitive","NMVOC","Gg","0.33725925"
"GE","2013","N14 E_Solvents","NMVOC","Gg","4.4621088"
"GE","2013","N14 F_RoadTransport","NMVOC","Gg","13.9314586927094"
"GE","2013","N14 G_Shipping","NMVOC","Gg","0.009685"
"GE","2013","N14 H_Aviation","NMVOC","Gg","0"
"GE","2013","N14 I_Offroad","NMVOC","Gg","0.2523714"
"GE","2013","N14 J_Waste","NMVOC","Gg","0.673007791986063"
"GE","2013","N14 K_AgriLivestock","NMVOC","Gg","8.52500405"
"GE","2013","N14 L_AgriOther","NMVOC","Gg","0.267202"
"GE","2013","N14 M_Other","NMVOC","Gg","0"
"FR","1992","N14 A_PublicPower","NMVOC","Gg","1.70372226916463"
"FR","1992","N14 B_Industry","NMVOC","Gg","90.3983377010914"
"FR","1992","N14 C_OtherStatComb","NMVOC","Gg","594.566971455908"
"FR","1992","N14 D_Fugitive","NMVOC","Gg","152.332794087663"
"FR","1992","N14 E_Solvents","NMVOC","Gg","634.310886824013"
"FR","1992","N14 F_RoadTransport","NMVOC","Gg","876.600197100868"
"FR","1992","N14 G_Shipping","NMVOC","Gg","14.9178673291596"
"FR","1992","N14 H_Aviation","NMVOC","Gg","2.83612187819423"
"FR","1992","N14 I_Offroad","NMVOC","Gg","57.5993110091953"
"FR","1992","N14 J_Waste","NMVOC","Gg","11.6675981366015"
"FR","1992","N14 K_AgriLivestock","NMVOC","Gg","0"
"FR","1992","N14 L_AgriOther","NMVOC","Gg","2.61217007758487"
"FR","1992","N14 M_Other","NMVOC","Gg","0"
"FR","1992","N14 O_AviCruise","NMVOC","Gg","1.22307737755482"
"FR","1992","N14 P_IntShipping","NMVOC","Gg","6.85833953726641"
"FR","1992","N14 N_Natural","NMVOC","Gg","110.724850334161"
"FR","1992","N14 z_Memo","NMVOC","Gg","1421.5098605866"
"BG","2004","N14 A_PublicPower","NMVOC","Gg","0.058806029"
"BG","2004","N14 B_Industry","NMVOC","Gg","5.063248528"
"BG","2004","N14 C_OtherStatComb","NMVOC","Gg","20.671718733"
"BG","2004","N14 D_Fugitive","NMVOC","Gg","9.747905693"
"BG","2004","N14 E_Solvents","NMVOC","Gg","14.68803891397"
"BG","2004","N14 F_RoadTransport","NMVOC","Gg","21.026797913989"
"BG","2004","N14 G_Shipping","NMVOC","Gg","0.33073426813"
"BG","2004","N14 H_Aviation","NMVOC","Gg","0.0115535"
"BG","2004","N14 I_Offroad","NMVOC","Gg","0.896912244196567"
"BG","2004","N14 J_Waste","NMVOC","Gg","5.89550527404548"
"BG","2004","N14 K_AgriLivestock","NMVOC","Gg","12.4438574255"
"BG","2004","N14 L_AgriOther","NMVOC","Gg","3.1787151663404"
"BG","2004","N14 M_Other","NMVOC","Gg","0"
"BG","2004","N14 O_AviCruise","NMVOC","Gg","0.0764"
"BG","2004","N14 P_IntShipping","NMVOC","Gg","0"
"EU28","1996","N14 A_PublicPower","NMVOC","Gg","45.8723032914408"
"EU28","1996","N14 B_Industry","NMVOC","Gg","906.052049370964"
"EU28","1996","N14 C_OtherStatComb","NMVOC","Gg","1525.57697281403"
"EU28","1996","N14 D_Fugitive","NMVOC","Gg","1257.21265464115"
"EU28","1996","N14 E_Solvents","NMVOC","Gg","4018.62066281968"
"EU28","1996","N14 F_RoadTransport","NMVOC","Gg","4061.83229878266"
"EU28","1996","N14 G_Shipping","NMVOC","Gg","104.73054554656"
"EU28","1996","N14 H_Aviation","NMVOC","Gg","10.8114225080938"
"EU28","1996","N14 I_Offroad","NMVOC","Gg","396.699087831962"
"EU28","1996","N14 J_Waste","NMVOC","Gg","100.484269312325"
"EU28","1996","N14 K_AgriLivestock","NMVOC","Gg","966.781643576785"
"EU28","1996","N14 L_AgriOther","NMVOC","Gg","233.139860646115"
"EU28","1996","N14 M_Other","NMVOC","Gg","1.51991673812481"
"EU28","1996","N14 O_AviCruise","NMVOC","Gg","9.24235845865032"
"EU28","1996","N14 P_IntShipping","NMVOC","Gg","42.5891135234007"
"EU28","1996","N14 N_Natural","NMVOC","Gg","2157.86043249703"
"EU28","1996","N14 z_Memo","NMVOC","Gg","1368.30283284042"
"DE","2005","N14 A_PublicPower","NMVOC","Gg","9.54929262238169"
"DE","2005","N14 B_Industry","NMVOC","Gg","43.6035536714577"
"DE","2005","N14 C_OtherStatComb","NMVOC","Gg","38.4754112001284"
"DE","2005","N14 D_Fugitive","NMVOC","Gg","86.3070376175123"
"DE","2005","N14 E_Solvents","NMVOC","Gg","747.292704602475"
"DE","2005","N14 F_RoadTransport","NMVOC","Gg","174.553146664516"
"DE","2005","N14 G_Shipping","NMVOC","Gg","1.34767322635545"
"DE","2005","N14 H_Aviation","NMVOC","Gg","0.940677694164962"
"DE","2005","N14 I_Offroad","NMVOC","Gg","43.9918530609499"
"DE","2005","N14 J_Waste","NMVOC","Gg","0.149202900000005"
"DE","2005","N14 K_AgriLivestock","NMVOC","Gg","193.93618108625"
"DE","2005","N14 L_AgriOther","NMVOC","Gg","9.1724081679269"
"DE","2005","N14 M_Other","NMVOC","Gg","0"
"DE","2005","N14 O_AviCruise","NMVOC","Gg","1.76697097545108"
"DE","2005","N14 P_IntShipping","NMVOC","Gg","3.44687091915628"
"DE","2005","N14 N_Natural","NMVOC","Gg","0.07609001652"
"DE","2005","N14 z_Memo","NMVOC","Gg","0"
"IT","2014","N14 A_PublicPower","NMVOC","Gg","2.23743575286583"
"IT","2014","N14 B_Industry","NMVOC","Gg","42.7635676730123"
"IT","2014","N14 C_OtherStatComb","NMVOC","Gg","179.294486720678"
"IT","2014","N14 D_Fugitive","NMVOC","Gg","49.6846850510394"
"IT","2014","N14 E_Solvents","NMVOC","Gg","348.209413278234"
"IT","2014","N14 F_RoadTransport","NMVOC","Gg","136.974096287175"
"IT","2014","N14 G_Shipping","NMVOC","Gg","17.1919279712159"
"IT","2014","N14 H_Aviation","NMVOC","Gg","0.757767664232943"
"IT","2014","N14 I_Offroad","NMVOC","Gg","13.9293029793911"
"IT","2014","N14 J_Waste","NMVOC","Gg","10.5785677456144"
"IT","2014","N14 K_AgriLivestock","NMVOC","Gg","105.84281131858"
"IT","2014","N14 L_AgriOther","NMVOC","Gg","24.0717494875463"
"IT","2014","N14 M_Other","NMVOC","Gg","0"
"IT","2014","N14 O_AviCruise","NMVOC","Gg","1.25012700859773"
"IT","2014","N14 P_IntShipping","NMVOC","Gg","3.31032586131357"
"IT","2014","N14 N_Natural","NMVOC","Gg","1381.99293532593"
"IT","2014","N14 z_Memo","NMVOC","Gg","0"
"CY","2014","N14 A_PublicPower","NMVOC","Gg","0.075293846445112"
"CY","2014","N14 B_Industry","NMVOC","Gg","0.261528196022149"
"CY","2014","N14 C_OtherStatComb","NMVOC","Gg","0.0456454821038"
"CY","2014","N14 D_Fugitive","NMVOC","Gg","0.797189287235036"
"CY","2014","N14 E_Solvents","NMVOC","Gg","6.285905739723"
"CY","2014","N14 F_RoadTransport","NMVOC","Gg","2.55189943795536"
"CY","2014","N14 G_Shipping","NMVOC","Gg","0.0100221323545277"
"CY","2014","N14 H_Aviation","NMVOC","Gg","0.0237263351019176"
"CY","2014","N14 I_Offroad","NMVOC","Gg","0.0418775721066299"
"CY","2014","N14 J_Waste","NMVOC","Gg","0.621917742979839"
"CY","2014","N14 K_AgriLivestock","NMVOC","Gg","0.937093817855704"
"CY","2014","N14 L_AgriOther","NMVOC","Gg","0.02251967"
"CY","2014","N14 M_Other","NMVOC","Gg","0"
"CY","2014","N14 O_AviCruise","NMVOC","Gg","0.083464671514266"
"CY","2014","N14 P_IntShipping","NMVOC","Gg","0.0769878878285479"
"CY","2014","N14 N_Natural","NMVOC","Gg","0"
"CY","2014","N14 z_Memo","NMVOC","Gg","2.5856479054118"
"HU","2003","N14 A_PublicPower","NMVOC","Gg","1.29212213319162"
"HU","2003","N14 B_Industry","NMVOC","Gg","12.4731823244201"
"HU","2003","N14 C_OtherStatComb","NMVOC","Gg","28.7022694598106"
"HU","2003","N14 D_Fugitive","NMVOC","Gg","3.83715398270956"
"HU","2003","N14 E_Solvents","NMVOC","Gg","50.6432306173058"
"HU","2003","N14 F_RoadTransport","NMVOC","Gg","57.4325196705832"
"HU","2003","N14 G_Shipping","NMVOC","Gg","0.0252"
"HU","2003","N14 H_Aviation","NMVOC","Gg","0.00338973013762071"
"HU","2003","N14 I_Offroad","NMVOC","Gg","2.72231316087164"
"HU","2003","N14 J_Waste","NMVOC","Gg","2.28327485728724"
"HU","2003","N14 K_AgriLivestock","NMVOC","Gg","25.3027451912483"
"HU","2003","N14 L_AgriOther","NMVOC","Gg","3.66247426"
"HU","2003","N14 M_Other","NMVOC","Gg","0"
"HU","2003","N14 O_AviCruise","NMVOC","Gg","0"
"HU","2003","N14 P_IntShipping","NMVOC","Gg","0"
"HU","2003","N14 N_Natural","NMVOC","Gg","0"
"HU","2003","N14 z_Memo","NMVOC","Gg","0"
"SE","1991","N14 A_PublicPower","NMVOC","Gg","3.00568534979763"
"SE","1991","N14 B_Industry","NMVOC","Gg","25.4168700550071"
"SE","1991","N14 C_OtherStatComb","NMVOC","Gg","19.350650976107"
"SE","1991","N14 D_Fugitive","NMVOC","Gg","27.371234583098"
"SE","1991","N14 E_Solvents","NMVOC","Gg","77.7393557697194"
"SE","1991","N14 F_RoadTransport","NMVOC","Gg","131.120778891731"
"SE","1991","N14 G_Shipping","NMVOC","Gg","5.23016387555002"
"SE","1991","N14 H_Aviation","NMVOC","Gg","0.167532042656684"
"SE","1991","N14 I_Offroad","NMVOC","Gg","14.7268441009368"
"SE","1991","N14 J_Waste","NMVOC","Gg","2.23375551547076"
"SE","1991","N14 K_AgriLivestock","NMVOC","Gg","26.2116850420323"
"SE","1991","N14 L_AgriOther","NMVOC","Gg","11.516224994888"
"SE","1991","N14 M_Other","NMVOC","Gg","0"
"SE","1991","N14 O_AviCruise","NMVOC","Gg","1.10355805817595"
"SE","1991","N14 P_IntShipping","NMVOC","Gg","0.892843301008979"
"SE","1991","N14 N_Natural","NMVOC","Gg","0"
"SE","1991","N14 z_Memo","NMVOC","Gg","0"
"MK","1999","N14 A_PublicPower","NMVOC","Gg","0.077299598588212"
"MK","1999","N14 B_Industry","NMVOC","Gg","2.33577447699038"
"MK","1999","N14 C_OtherStatComb","NMVOC","Gg","9.97631115667826"
"MK","1999","N14 D_Fugitive","NMVOC","Gg","2.63784540214612"
"MK","1999","N14 E_Solvents","NMVOC","Gg","7.52294919753506"
"MK","1999","N14 F_RoadTransport","NMVOC","Gg","15.2879350856272"
"MK","1999","N14 G_Shipping","NMVOC","Gg","5.04958970682891e-05"
"MK","1999","N14 H_Aviation","NMVOC","Gg","0.00518586072503513"
"MK","1999","N14 I_Offroad","NMVOC","Gg","0.812338603875479"
"MK","1999","N14 J_Waste","NMVOC","Gg","1.57917657639156"
"MK","1999","N14 K_AgriLivestock","NMVOC","Gg","4.02368166043173"
"MK","1999","N14 L_AgriOther","NMVOC","Gg","1.10424"
"MK","1999","N14 M_Other","NMVOC","Gg","0"
"MK","1999","N14 O_AviCruise","NMVOC","Gg","0.790616520862494"
"MK","1999","N14 P_IntShipping","NMVOC","Gg","0"
"MK","1999","N14 N_Natural","NMVOC","Gg","0"
"MK","1999","N14 z_Memo","NMVOC","Gg","0"
"MK","1994","N14 A_PublicPower","NMVOC","Gg","0.07210886497928"
"MK","1994","N14 B_Industry","NMVOC","Gg","1.58814068663479"
"MK","1994","N14 C_OtherStatComb","NMVOC","Gg","9.80753093520015"
"MK","1994","N14 D_Fugitive","NMVOC","Gg","1.63522862932593"
"MK","1994","N14 E_Solvents","NMVOC","Gg","7.71470519077891"
"MK","1994","N14 F_RoadTransport","NMVOC","Gg","12.8227529430035"
"MK","1994","N14 G_Shipping","NMVOC","Gg","2.80109315812774e-05"
"MK","1994","N14 H_Aviation","NMVOC","Gg","0.00308095337751611"
"MK","1994","N14 I_Offroad","NMVOC","Gg","0.799148322054419"
"MK","1994","N14 J_Waste","NMVOC","Gg","1.12995737525259"
"MK","1994","N14 K_AgriLivestock","NMVOC","Gg","4.53650323472145"
"MK","1994","N14 L_AgriOther","NMVOC","Gg","1.11628"
"MK","1994","N14 M_Other","NMVOC","Gg","0"
"MK","1994","N14 O_AviCruise","NMVOC","Gg","0.469710385493401"
"MK","1994","N14 P_IntShipping","NMVOC","Gg","0"
"MK","1994","N14 N_Natural","NMVOC","Gg","0"
"MK","1994","N14 z_Memo","NMVOC","Gg","0"
"SE","2011","N14 A_PublicPower","NMVOC","Gg","3.28855908749962"
"SE","2011","N14 B_Industry","NMVOC","Gg","11.0861927160335"
"SE","2011","N14 C_OtherStatComb","NMVOC","Gg","13.142598924714"
"SE","2011","N14 D_Fugitive","NMVOC","Gg","14.2096701419755"
"SE","2011","N14 E_Solvents","NMVOC","Gg","61.4143866980708"
"SE","2011","N14 F_RoadTransport","NMVOC","Gg","18.0630082835546"
"SE","2011","N14 G_Shipping","NMVOC","Gg","5.01508934455516"
"SE","2011","N14 H_Aviation","NMVOC","Gg","0.182806364911483"
"SE","2011","N14 I_Offroad","NMVOC","Gg","15.3161084353704"
"SE","2011","N14 J_Waste","NMVOC","Gg","0.926725167215898"
"SE","2011","N14 K_AgriLivestock","NMVOC","Gg","21.0924343985057"
"SE","2011","N14 L_AgriOther","NMVOC","Gg","10.2154552938419"
"SE","2011","N14 M_Other","NMVOC","Gg","0"
"SE","2011","N14 O_AviCruise","NMVOC","Gg","0.583327015775755"
"SE","2011","N14 P_IntShipping","NMVOC","Gg","2.02451542672"
"SE","2011","N14 N_Natural","NMVOC","Gg","0"
"SE","2011","N14 z_Memo","NMVOC","Gg","0"
"MC","1997","N14 A_PublicPower","NMVOC","Gg","0.00019171558423167"
"MC","1997","N14 B_Industry","NMVOC","Gg","5.584e-06"
"MC","1997","N14 C_OtherStatComb","NMVOC","Gg","0.000545740285895751"
"MC","1997","N14 D_Fugitive","NMVOC","Gg","6.98571428571429e-05"
"MC","1997","N14 E_Solvents","NMVOC","Gg","0.0691347469729181"
"MC","1997","N14 F_RoadTransport","NMVOC","Gg","0.355078436173621"
"MC","1997","N14 G_Shipping","NMVOC","Gg","0.0194271267214227"
"MC","1997","N14 H_Aviation","NMVOC","Gg","0.018350618"
"MC","1997","N14 I_Offroad","NMVOC","Gg","0.0125964802838625"
"MC","1997","N14 J_Waste","NMVOC","Gg","9.8095155e-05"
"MC","1997","N14 K_AgriLivestock","NMVOC","Gg","0"
"MC","1997","N14 L_AgriOther","NMVOC","Gg","0"
"MC","1997","N14 M_Other","NMVOC","Gg","0"
"MC","1997","N14 O_AviCruise","NMVOC","Gg","0"
"MC","1997","N14 P_IntShipping","NMVOC","Gg","0.0551430394398005"
"MC","1997","N14 N_Natural","NMVOC","Gg","0"
"MC","1997","N14 z_Memo","NMVOC","Gg","0"
"GR","1994","N14 A_PublicPower","NMVOC","Gg","1.49960261154863"
"GR","1994","N14 B_Industry","NMVOC","Gg","17.7576305333378"
"GR","1994","N14 C_OtherStatComb","NMVOC","Gg","8.734021658196"
"GR","1994","N14 D_Fugitive","NMVOC","Gg","17.23924"
"GR","1994","N14 E_Solvents","NMVOC","Gg","96.631630020367"
"GR","1994","N14 F_RoadTransport","NMVOC","Gg","159.004460523129"
"GR","1994","N14 G_Shipping","NMVOC","Gg","1.6012"
"GR","1994","N14 H_Aviation","NMVOC","Gg","0.0100558083361048"
"GR","1994","N14 I_Offroad","NMVOC","Gg","9.30335392"
"GR","1994","N14 J_Waste","NMVOC","Gg","2.50559594878351"
"GR","1994","N14 K_AgriLivestock","NMVOC","Gg","14.390232093076"
"GR","1994","N14 L_AgriOther","NMVOC","Gg","3.623626965"
"GR","1994","N14 M_Other","NMVOC","Gg","0"
"GR","1994","N14 O_AviCruise","NMVOC","Gg","0.0174949517264739"
"GR","1994","N14 P_IntShipping","NMVOC","Gg","9.1467"
"PT","2011","N14 A_PublicPower","NMVOC","Gg","1.69084992366266"
"PT","2011","N14 B_Industry","NMVOC","Gg","25.263050819859"
"PT","2011","N14 C_OtherStatComb","NMVOC","Gg","15.246193505613"
"PT","2011","N14 D_Fugitive","NMVOC","Gg","8.77956108380719"
"PT","2011","N14 E_Solvents","NMVOC","Gg","77.3720374147739"
"PT","2011","N14 F_RoadTransport","NMVOC","Gg","22.2060577903721"
"PT","2011","N14 G_Shipping","NMVOC","Gg","0.178439909019204"
"PT","2011","N14 H_Aviation","NMVOC","Gg","0.457708151617124"
"PT","2011","N14 I_Offroad","NMVOC","Gg","0.714938493654356"
"PT","2011","N14 J_Waste","NMVOC","Gg","2.36905587887227"
"PT","2011","N14 K_AgriLivestock","NMVOC","Gg","7.76018598081222"
"PT","2011","N14 L_AgriOther","NMVOC","Gg","6.69328775574673"
"PT","2011","N14 M_Other","NMVOC","Gg","0"
"PT","2011","N14 O_AviCruise","NMVOC","Gg","0.371696843724128"
"PT","2011","N14 P_IntShipping","NMVOC","Gg","1.7067691642686"
"PT","2011","N14 N_Natural","NMVOC","Gg","532.894641771392"
"PT","2011","N14 z_Memo","NMVOC","Gg","0"
"DK","1990","N14 A_PublicPower","NMVOC","Gg","0.389397548355396"
"DK","1990","N14 B_Industry","NMVOC","Gg","5.92300574687528"
"DK","1990","N14 C_OtherStatComb","NMVOC","Gg","14.9639713598666"
"DK","1990","N14 D_Fugitive","NMVOC","Gg","12.1708856582861"
"DK","1990","N14 E_Solvents","NMVOC","Gg","38.4935900314066"
"DK","1990","N14 F_RoadTransport","NMVOC","Gg","64.0810773833724"
"DK","1990","N14 G_Shipping","NMVOC","Gg","0.480928089667779"
"DK","1990","N14 H_Aviation","NMVOC","Gg","0.250442815038035"
"DK","1990","N14 I_Offroad","NMVOC","Gg","11.571279744243"
"DK","1990","N14 J_Waste","NMVOC","Gg","1.97570006980845"
"DK","1990","N14 K_AgriLivestock","NMVOC","Gg","38.0097646711651"
"DK","1990","N14 L_AgriOther","NMVOC","Gg","2.00479163875"
"DK","1990","N14 M_Other","NMVOC","Gg","0"
"DK","1990","N14 O_AviCruise","NMVOC","Gg","0.118644468760345"
"DK","1990","N14 P_IntShipping","NMVOC","Gg","2.05988831713085"
"DK","1990","N14 N_Natural","NMVOC","Gg","0"
"DK","1990","N14 z_Memo","NMVOC","Gg","0"
"DK","1985","N14 A_PublicPower","NMVOC","Gg","0.48458114"
"DK","1985","N14 B_Industry","NMVOC","Gg","5.72350292160933"
"DK","1985","N14 C_OtherStatComb","NMVOC","Gg","17.1822808942816"
"DK","1985","N14 D_Fugitive","NMVOC","Gg","10.10666121113"
"DK","1985","N14 E_Solvents","NMVOC","Gg","42.6288751096457"
"DK","1985","N14 F_RoadTransport","NMVOC","Gg","64.689003320826"
"DK","1985","N14 G_Shipping","NMVOC","Gg","0.462167217420843"
"DK","1985","N14 H_Aviation","NMVOC","Gg","0.249036983978603"
"DK","1985","N14 I_Offroad","NMVOC","Gg","12.0861582358449"
"DK","1985","N14 J_Waste","NMVOC","Gg","0.219460925702314"
"DK","1985","N14 K_AgriLivestock","NMVOC","Gg","41.286969277922"
"DK","1985","N14 L_AgriOther","NMVOC","Gg","2.19350927925"
"DK","1985","N14 M_Other","NMVOC","Gg","0"
"DK","1985","N14 O_AviCruise","NMVOC","Gg","0.0963040569002903"
"DK","1985","N14 P_IntShipping","NMVOC","Gg","0.824993481606821"
"DK","1985","N14 N_Natural","NMVOC","Gg","0"
"DK","1985","N14 z_Memo","NMVOC","Gg","0"
"IT","2007","N14 A_PublicPower","NMVOC","Gg","4.09043044013065"
"IT","2007","N14 B_Industry","NMVOC","Gg","58.8638209987467"
"IT","2007","N14 C_OtherStatComb","NMVOC","Gg","199.373923450527"
"IT","2007","N14 D_Fugitive","NMVOC","Gg","77.0818934910034"
"IT","2007","N14 E_Solvents","NMVOC","Gg","488.427934695483"
"IT","2007","N14 F_RoadTransport","NMVOC","Gg","250.697488753446"
"IT","2007","N14 G_Shipping","NMVOC","Gg","40.0871612358467"
"IT","2007","N14 H_Aviation","NMVOC","Gg","0.773491261798606"
"IT","2007","N14 I_Offroad","NMVOC","Gg","23.1183916040284"
"IT","2007","N14 J_Waste","NMVOC","Gg","12.5153672531809"
"IT","2007","N14 K_AgriLivestock","NMVOC","Gg","111.89756843955"
"IT","2007","N14 L_AgriOther","NMVOC","Gg","26.892849014949"
"IT","2007","N14 M_Other","NMVOC","Gg","0"
"IT","2007","N14 O_AviCruise","NMVOC","Gg","1.10063522437822"
"IT","2007","N14 P_IntShipping","NMVOC","Gg","5.75162126392502"
"IT","2007","N14 N_Natural","NMVOC","Gg","1363.9885125734"
"IT","2007","N14 z_Memo","NMVOC","Gg","0"
"FI","1982","N14 A_PublicPower","NMVOC","Gg","0"
"FI","1982","N14 B_Industry","NMVOC","Gg","0"
"FI","1982","N14 C_OtherStatComb","NMVOC","Gg","0"
"FI","1982","N14 D_Fugitive","NMVOC","Gg","0"
"FI","1982","N14 E_Solvents","NMVOC","Gg","0"
"FI","1982","N14 F_RoadTransport","NMVOC","Gg","61.0294801781695"
"FI","1982","N14 G_Shipping","NMVOC","Gg","9.639"
"FI","1982","N14 H_Aviation","NMVOC","Gg","0.0637003215138339"
"FI","1982","N14 I_Offroad","NMVOC","Gg","17.6264497448673"
"FI","1982","N14 J_Waste","NMVOC","Gg","0"
"FI","1982","N14 K_AgriLivestock","NMVOC","Gg","16.3478357564444"
"FI","1982","N14 L_AgriOther","NMVOC","Gg","4.96107897307196"
"FI","1982","N14 M_Other","NMVOC","Gg","0"
"FI","1982","N14 O_AviCruise","NMVOC","Gg","0.0991051967743212"
"FI","1982","N14 P_IntShipping","NMVOC","Gg","0"
"FI","1982","N14 N_Natural","NMVOC","Gg","0"
"FI","1982","N14 z_Memo","NMVOC","Gg","0"
"SI","2005","N14 A_PublicPower","NMVOC","Gg","0.0976429190097365"
"SI","2005","N14 B_Industry","NMVOC","Gg","4.31684629961368"
"SI","2005","N14 C_OtherStatComb","NMVOC","Gg","7.30967965778282"
"SI","2005","N14 D_Fugitive","NMVOC","Gg","2.52683293941118"
"SI","2005","N14 E_Solvents","NMVOC","Gg","13.766410241"
"SI","2005","N14 F_RoadTransport","NMVOC","Gg","7.76741621555624"
"SI","2005","N14 G_Shipping","NMVOC","Gg","0"
"SI","2005","N14 H_Aviation","NMVOC","Gg","0.04629142812"
"SI","2005","N14 I_Offroad","NMVOC","Gg","1.92499159961802"
"SI","2005","N14 J_Waste","NMVOC","Gg","1.1845133988361"
"SI","2005","N14 K_AgriLivestock","NMVOC","Gg","5.64464646907824"
"SI","2005","N14 L_AgriOther","NMVOC","Gg","0.0244971618356613"
"SI","2005","N14 M_Other","NMVOC","Gg","0"
"SI","2005","N14 O_AviCruise","NMVOC","Gg","0"
"SI","2005","N14 P_IntShipping","NMVOC","Gg","0"
"SI","2005","N14 N_Natural","NMVOC","Gg","0"
"SI","2005","N14 z_Memo","NMVOC","Gg","0.00032634"
"IT","2002","N14 A_PublicPower","NMVOC","Gg","4.32542500305"
"IT","2002","N14 B_Industry","NMVOC","Gg","59.5196085322552"
"IT","2002","N14 C_OtherStatComb","NMVOC","Gg","72.2156318454904"
"IT","2002","N14 D_Fugitive","NMVOC","Gg","84.0718946173499"
"IT","2002","N14 E_Solvents","NMVOC","Gg","499.822427376353"
"IT","2002","N14 F_RoadTransport","NMVOC","Gg","487.71577030665"
"IT","2002","N14 G_Shipping","NMVOC","Gg","47.4847275109261"
"IT","2002","N14 H_Aviation","NMVOC","Gg","0.635862459864345"
"IT","2002","N14 I_Offroad","NMVOC","Gg","35.7962263905759"
"IT","2002","N14 J_Waste","NMVOC","Gg","12.9149202851579"
"IT","2002","N14 K_AgriLivestock","NMVOC","Gg","115.091898236685"
"IT","2002","N14 L_AgriOther","NMVOC","Gg","27.8848167596252"
"IT","2002","N14 M_Other","NMVOC","Gg","0"
"IT","2002","N14 O_AviCruise","NMVOC","Gg","0.795431713351068"
"IT","2002","N14 P_IntShipping","NMVOC","Gg","4.06506483121408"
"IT","2002","N14 N_Natural","NMVOC","Gg","1243.55723896739"
"IT","2002","N14 z_Memo","NMVOC","Gg","0"
"EE","1997","N14 A_PublicPower","NMVOC","Gg","0.95"
"EE","1997","N14 B_Industry","NMVOC","Gg","4.15110693"
"EE","1997","N14 C_OtherStatComb","NMVOC","Gg","8.584027"
"EE","1997","N14 D_Fugitive","NMVOC","Gg","2.721"
"EE","1997","N14 E_Solvents","NMVOC","Gg","8.260569"
"EE","1997","N14 F_RoadTransport","NMVOC","Gg","12.119211"
"EE","1997","N14 G_Shipping","NMVOC","Gg","0.0447"
"EE","1997","N14 H_Aviation","NMVOC","Gg","0.008048"
"EE","1997","N14 I_Offroad","NMVOC","Gg","0.851432"
"EE","1997","N14 J_Waste","NMVOC","Gg","1.310996"
"EE","1997","N14 K_AgriLivestock","NMVOC","Gg","4.193484"
"EE","1997","N14 L_AgriOther","NMVOC","Gg","0.363514"
"EE","1997","N14 M_Other","NMVOC","Gg","0"
"EE","1997","N14 O_AviCruise","NMVOC","Gg","0.00897"
"EE","1997","N14 P_IntShipping","NMVOC","Gg","0.2785"
"EE","1997","N14 N_Natural","NMVOC","Gg","0.34395"
"EE","1997","N14 z_Memo","NMVOC","Gg","0"
"CY","2012","N14 A_PublicPower","NMVOC","Gg","0.28420048857148"
"CY","2012","N14 B_Industry","NMVOC","Gg","0.311243344534891"
"CY","2012","N14 C_OtherStatComb","NMVOC","Gg","0.061185783141"
"CY","2012","N14 D_Fugitive","NMVOC","Gg","0.989908243246632"
"CY","2012","N14 E_Solvents","NMVOC","Gg","7.669892569032"
"CY","2012","N14 F_RoadTransport","NMVOC","Gg","2.86863840211391"
"CY","2012","N14 G_Shipping","NMVOC","Gg","0.0092145814123064"
"CY","2012","N14 H_Aviation","NMVOC","Gg","0.0253856023193559"
"CY","2012","N14 I_Offroad","NMVOC","Gg","0.0493762507910588"
"CY","2012","N14 J_Waste","NMVOC","Gg","0.705286253430484"
"CY","2012","N14 K_AgriLivestock","NMVOC","Gg","0.943848076037628"
"CY","2012","N14 L_AgriOther","NMVOC","Gg","0.033642"
"CY","2012","N14 M_Other","NMVOC","Gg","0"
"CY","2012","N14 O_AviCruise","NMVOC","Gg","0.0869453241303231"
"CY","2012","N14 P_IntShipping","NMVOC","Gg","0.0485398480135027"
"CY","2012","N14 N_Natural","NMVOC","Gg","0"
"CY","2012","N14 z_Memo","NMVOC","Gg","2.90323858584557"
"LU","2012","N14 A_PublicPower","NMVOC","Gg","0.163968866351247"
"LU","2012","N14 B_Industry","NMVOC","Gg","0.472218321001296"
"LU","2012","N14 C_OtherStatComb","NMVOC","Gg","0.475983540916377"
"LU","2012","N14 D_Fugitive","NMVOC","Gg","0.894070929889186"
"LU","2012","N14 E_Solvents","NMVOC","Gg","5.09676143457209"
"LU","2012","N14 F_RoadTransport","NMVOC","Gg","1.41365563355794"
"LU","2012","N14 G_Shipping","NMVOC","Gg","0.00871426356780057"
"LU","2012","N14 H_Aviation","NMVOC","Gg","0.0446736715418014"
"LU","2012","N14 I_Offroad","NMVOC","Gg","0.181550899485106"
"LU","2012","N14 J_Waste","NMVOC","Gg","0.0199235161180339"
"LU","2012","N14 K_AgriLivestock","NMVOC","Gg","2.88813078653641"
"LU","2012","N14 L_AgriOther","NMVOC","Gg","0.11308312"
"LU","2012","N14 M_Other","NMVOC","Gg","0"
"LU","2012","N14 O_AviCruise","NMVOC","Gg","0.066821132932452"
"LU","2012","N14 P_IntShipping","NMVOC","Gg","0"
"LU","2012","N14 N_Natural","NMVOC","Gg","0"
"LU","2012","N14 z_Memo","NMVOC","Gg","0.571531721455016"
"IT","2000","N14 A_PublicPower","NMVOC","Gg","4.20314397851"
"IT","2000","N14 B_Industry","NMVOC","Gg","58.3456252867233"
"IT","2000","N14 C_OtherStatComb","NMVOC","Gg","115.184749241967"
"IT","2000","N14 D_Fugitive","NMVOC","Gg","79.3383286006754"
"IT","2000","N14 E_Solvents","NMVOC","Gg","509.721576584957"
"IT","2000","N14 F_RoadTransport","NMVOC","Gg","579.474605269493"
"IT","2000","N14 G_Shipping","NMVOC","Gg","50.1676917059696"
"IT","2000","N14 H_Aviation","NMVOC","Gg","0.613124122759806"
"IT","2000","N14 I_Offroad","NMVOC","Gg","46.9335519335154"
"IT","2000","N14 J_Waste","NMVOC","Gg","12.5664508344466"
"IT","2000","N14 K_AgriLivestock","NMVOC","Gg","117.384452551287"
"IT","2000","N14 L_AgriOther","NMVOC","Gg","28.5178390039188"
"IT","2000","N14 M_Other","NMVOC","Gg","0"
"IT","2000","N14 O_AviCruise","NMVOC","Gg","0.778092313611873"
"IT","2000","N14 P_IntShipping","NMVOC","Gg","3.11387933849215"
"IT","2000","N14 N_Natural","NMVOC","Gg","1246.22953572005"
"IT","2000","N14 z_Memo","NMVOC","Gg","0"
"PL","1997","N14 A_PublicPower","NMVOC","Gg","2.13353076"
"PL","1997","N14 B_Industry","NMVOC","Gg","112.876562414964"
"PL","1997","N14 C_OtherStatComb","NMVOC","Gg","173.5082231178"
"PL","1997","N14 D_Fugitive","NMVOC","Gg","56.0880895023269"
"PL","1997","N14 E_Solvents","NMVOC","Gg","141.453616213913"
"PL","1997","N14 F_RoadTransport","NMVOC","Gg","180.96294129211"
"PL","1997","N14 G_Shipping","NMVOC","Gg","0.0524137290334159"
"PL","1997","N14 H_Aviation","NMVOC","Gg","0.0287679907577587"
"PL","1997","N14 I_Offroad","NMVOC","Gg","11.9382853668342"
"PL","1997","N14 J_Waste","NMVOC","Gg","20.8957030191294"
"PL","1997","N14 K_AgriLivestock","NMVOC","Gg","114.685193976527"
"PL","1997","N14 L_AgriOther","NMVOC","Gg","7.75154426949681"
"PL","1997","N14 M_Other","NMVOC","Gg","0"
"PL","1997","N14 O_AviCruise","NMVOC","Gg","0.216694760759484"
"PL","1997","N14 P_IntShipping","NMVOC","Gg","0.5832"
"PL","1997","N14 N_Natural","NMVOC","Gg","227.036238035636"
"PL","1997","N14 z_Memo","NMVOC","Gg","0"
"SI","1995","N14 A_PublicPower","NMVOC","Gg","0.0831006628373"
"SI","1995","N14 B_Industry","NMVOC","Gg","3.84256732627327"
"SI","1995","N14 C_OtherStatComb","NMVOC","Gg","6.70144585124261"
"SI","1995","N14 D_Fugitive","NMVOC","Gg","4.70024908899159"
"SI","1995","N14 E_Solvents","NMVOC","Gg","11.006798082"
"SI","1995","N14 F_RoadTransport","NMVOC","Gg","26.7585523559256"
"SI","1995","N14 G_Shipping","NMVOC","Gg","0"
"SI","1995","N14 H_Aviation","NMVOC","Gg","0.0454866"
"SI","1995","N14 I_Offroad","NMVOC","Gg","2.73814245818965"
"SI","1995","N14 J_Waste","NMVOC","Gg","1.10528240705025"
"SI","1995","N14 K_AgriLivestock","NMVOC","Gg","5.32020210339723"
"SI","1995","N14 L_AgriOther","NMVOC","Gg","0.0180585845388708"
"SI","1995","N14 M_Other","NMVOC","Gg","0"
"SI","1995","N14 O_AviCruise","NMVOC","Gg","0"
"SI","1995","N14 P_IntShipping","NMVOC","Gg","0"
"SI","1995","N14 N_Natural","NMVOC","Gg","0"
"SI","1995","N14 z_Memo","NMVOC","Gg","0"
"CH","1987","N14 A_PublicPower","NMVOC","Gg","0.476564545268364"
"CH","1987","N14 B_Industry","NMVOC","Gg","8.49089193102829"
"CH","1987","N14 C_OtherStatComb","NMVOC","Gg","9.75641582003244"
"CH","1987","N14 D_Fugitive","NMVOC","Gg","16.316342138629"
"CH","1987","N14 E_Solvents","NMVOC","Gg","144.999692237"
"CH","1987","N14 F_RoadTransport","NMVOC","Gg","99.9571488073688"
"CH","1987","N14 G_Shipping","NMVOC","Gg","1.62808395221791"
"CH","1987","N14 H_Aviation","NMVOC","Gg","0.254125163137626"
"CH","1987","N14 I_Offroad","NMVOC","Gg","7.09473203587174"
"CH","1987","N14 J_Waste","NMVOC","Gg","1.28285620496261"
"CH","1987","N14 K_AgriLivestock","NMVOC","Gg","19.1250146405197"
"CH","1987","N14 L_AgriOther","NMVOC","Gg","2.1470850160132"
"CH","1987","N14 M_Other","NMVOC","Gg","0.12886"
"CH","1987","N14 O_AviCruise","NMVOC","Gg","0.526411399555405"
"CH","1987","N14 P_IntShipping","NMVOC","Gg","0.369664490649763"
"CH","1987","N14 N_Natural","NMVOC","Gg","0.75737275"
"CH","1987","N14 z_Memo","NMVOC","Gg","101.916236619803"
"MC","2003","N14 A_PublicPower","NMVOC","Gg","0.000156878815158505"
"MC","2003","N14 B_Industry","NMVOC","Gg","2.2096e-05"
"MC","2003","N14 C_OtherStatComb","NMVOC","Gg","0.000616020578063751"
"MC","2003","N14 D_Fugitive","NMVOC","Gg","8.57142857142857e-05"
"MC","2003","N14 E_Solvents","NMVOC","Gg","0.0951180531761683"
"MC","2003","N14 F_RoadTransport","NMVOC","Gg","0.204142146568161"
"MC","2003","N14 G_Shipping","NMVOC","Gg","0.0187707680228247"
"MC","2003","N14 H_Aviation","NMVOC","Gg","0.0214318384202"
"MC","2003","N14 I_Offroad","NMVOC","Gg","0.0125964802838625"
"MC","2003","N14 J_Waste","NMVOC","Gg","9.6580755e-05"
"MC","2003","N14 K_AgriLivestock","NMVOC","Gg","0"
"MC","2003","N14 L_AgriOther","NMVOC","Gg","0"
"MC","2003","N14 M_Other","NMVOC","Gg","0"
"MC","2003","N14 O_AviCruise","NMVOC","Gg","0"
"MC","2003","N14 P_IntShipping","NMVOC","Gg","0.0591964639306239"
"MC","2003","N14 N_Natural","NMVOC","Gg","0"
"MC","2003","N14 z_Memo","NMVOC","Gg","0"
"TR","2001","N14 A_PublicPower","NMVOC","Gg","1.595674691769"
"TR","2001","N14 B_Industry","NMVOC","Gg","111.977666544469"
"TR","2001","N14 C_OtherStatComb","NMVOC","Gg","210.906971230841"
"TR","2001","N14 D_Fugitive","NMVOC","Gg","0"
"TR","2001","N14 E_Solvents","NMVOC","Gg","195.760535732074"
"TR","2001","N14 F_RoadTransport","NMVOC","Gg","38.2770184532919"
"TR","2001","N14 G_Shipping","NMVOC","Gg","0.675"
"TR","2001","N14 H_Aviation","NMVOC","Gg","1.96504143352482"
"TR","2001","N14 I_Offroad","NMVOC","Gg","0.76725"
"TR","2001","N14 J_Waste","NMVOC","Gg","38.620061725"
"TR","2001","N14 K_AgriLivestock","NMVOC","Gg","156.893073723"
"TR","2001","N14 L_AgriOther","NMVOC","Gg","172.301738354"
"TR","2001","N14 M_Other","NMVOC","Gg","0"
"TR","2001","N14 O_AviCruise","NMVOC","Gg","0.539655816245112"
"TR","2001","N14 P_IntShipping","NMVOC","Gg","0"
"TR","2001","N14 N_Natural","NMVOC","Gg","0"
"IT","1998","N14 A_PublicPower","NMVOC","Gg","4.1823374605"
"IT","1998","N14 B_Industry","NMVOC","Gg","61.3773356793297"
"IT","1998","N14 C_OtherStatComb","NMVOC","Gg","117.732568209634"
"IT","1998","N14 D_Fugitive","NMVOC","Gg","101.71701911457"
"IT","1998","N14 E_Solvents","NMVOC","Gg","524.370230622578"
"IT","1998","N14 F_RoadTransport","NMVOC","Gg","747.217547372523"
"IT","1998","N14 G_Shipping","NMVOC","Gg","52.6279246928321"
"IT","1998","N14 H_Aviation","NMVOC","Gg","0.497753172278004"
"IT","1998","N14 I_Offroad","NMVOC","Gg","56.9629897655808"
"IT","1998","N14 J_Waste","NMVOC","Gg","13.598564068469"
"IT","1998","N14 K_AgriLivestock","NMVOC","Gg","122.185521483677"
"IT","1998","N14 L_AgriOther","NMVOC","Gg","29.9413271707068"
"IT","1998","N14 M_Other","NMVOC","Gg","0"
"IT","1998","N14 O_AviCruise","NMVOC","Gg","0.631168975374384"
"IT","1998","N14 P_IntShipping","NMVOC","Gg","2.45584417264573"
"IT","1998","N14 N_Natural","NMVOC","Gg","1235.5620713756"
"IT","1998","N14 z_Memo","NMVOC","Gg","0"
"EE","2004","N14 A_PublicPower","NMVOC","Gg","0.78"
"EE","2004","N14 B_Industry","NMVOC","Gg","3.600616291"
"EE","2004","N14 C_OtherStatComb","NMVOC","Gg","5.321118"
"EE","2004","N14 D_Fugitive","NMVOC","Gg","5.184"
"EE","2004","N14 E_Solvents","NMVOC","Gg","7.471786"
"EE","2004","N14 F_RoadTransport","NMVOC","Gg","5.455209"
"EE","2004","N14 G_Shipping","NMVOC","Gg","0.0596"
"EE","2004","N14 H_Aviation","NMVOC","Gg","0.011465"
"EE","2004","N14 I_Offroad","NMVOC","Gg","1.232691"
"EE","2004","N14 J_Waste","NMVOC","Gg","0.933416"
"EE","2004","N14 K_AgriLivestock","NMVOC","Gg","3.957822"
"EE","2004","N14 L_AgriOther","NMVOC","Gg","0.347706"
"EE","2004","N14 M_Other","NMVOC","Gg","0"
"EE","2004","N14 O_AviCruise","NMVOC","Gg","0.012362"
"EE","2004","N14 P_IntShipping","NMVOC","Gg","0.4181"
"EE","2004","N14 N_Natural","NMVOC","Gg","0.11367"
"EE","2004","N14 z_Memo","NMVOC","Gg","0"
"NL","2002","N14 A_PublicPower","NMVOC","Gg","0.90215126"
"NL","2002","N14 B_Industry","NMVOC","Gg","24.790657623"
"NL","2002","N14 C_OtherStatComb","NMVOC","Gg","13.487876547"
"NL","2002","N14 D_Fugitive","NMVOC","Gg","20.1015192"
"NL","2002","N14 E_Solvents","NMVOC","Gg","89.319592302"
"NL","2002","N14 F_RoadTransport","NMVOC","Gg","55.059062512"
"NL","2002","N14 G_Shipping","NMVOC","Gg","1.690534955"
"NL","2002","N14 H_Aviation","NMVOC","Gg","0.242569216"
"NL","2002","N14 I_Offroad","NMVOC","Gg","12.104206264"
"NL","2002","N14 J_Waste","NMVOC","Gg","1.915793336"
"NL","2002","N14 K_AgriLivestock","NMVOC","Gg","44.483894464"
"NL","2002","N14 L_AgriOther","NMVOC","Gg","24.0033889"
"NL","2002","N14 M_Other","NMVOC","Gg","0.412479208"
"NL","2002","N14 O_AviCruise","NMVOC","Gg","0"
"NL","2002","N14 P_IntShipping","NMVOC","Gg","3.52880915"
"NL","2002","N14 N_Natural","NMVOC","Gg","0"
"NL","2002","N14 z_Memo","NMVOC","Gg","53.336490669"
"CZ","1995","N14 A_PublicPower","NMVOC","Gg","6.65267558"
"CZ","1995","N14 B_Industry","NMVOC","Gg","9.274486599"
"CZ","1995","N14 C_OtherStatComb","NMVOC","Gg","120.779204040559"
"CZ","1995","N14 D_Fugitive","NMVOC","Gg","19.128344316"
"CZ","1995","N14 E_Solvents","NMVOC","Gg","126.949272341338"
"CZ","1995","N14 F_RoadTransport","NMVOC","Gg","64.1374929454899"
"CZ","1995","N14 G_Shipping","NMVOC","Gg","0.075239024"
"CZ","1995","N14 H_Aviation","NMVOC","Gg","0.053335"
"CZ","1995","N14 I_Offroad","NMVOC","Gg","9.35401316844444"
"CZ","1995","N14 J_Waste","NMVOC","Gg","0.02607494552"
"CZ","1995","N14 K_AgriLivestock","NMVOC","Gg","0"
"CZ","1995","N14 L_AgriOther","NMVOC","Gg","0"
"CZ","1995","N14 M_Other","NMVOC","Gg","0"
"CZ","1995","N14 O_AviCruise","NMVOC","Gg","0.336915"
"CZ","1995","N14 P_IntShipping","NMVOC","Gg","0"
"CZ","1995","N14 N_Natural","NMVOC","Gg","0"
"CZ","1995","N14 z_Memo","NMVOC","Gg","65.0059967174899"
"CH","2012","N14 A_PublicPower","NMVOC","Gg","0.166432125886607"
"CH","2012","N14 B_Industry","NMVOC","Gg","6.59904888423342"
"CH","2012","N14 C_OtherStatComb","NMVOC","Gg","3.45448318234294"
"CH","2012","N14 D_Fugitive","NMVOC","Gg","3.72965366985335"
"CH","2012","N14 E_Solvents","NMVOC","Gg","39.5994159559468"
"CH","2012","N14 F_RoadTransport","NMVOC","Gg","11.5046780044145"
"CH","2012","N14 G_Shipping","NMVOC","Gg","0.473604873137514"
"CH","2012","N14 H_Aviation","NMVOC","Gg","0.255933801855514"
"CH","2012","N14 I_Offroad","NMVOC","Gg","3.11865400824964"
"CH","2012","N14 J_Waste","NMVOC","Gg","1.07654428637081"
"CH","2012","N14 K_AgriLivestock","NMVOC","Gg","17.4834570649114"
"CH","2012","N14 L_AgriOther","NMVOC","Gg","0.4636727102813"
"CH","2012","N14 M_Other","NMVOC","Gg","0.233537999955206"
"CH","2012","N14 O_AviCruise","NMVOC","Gg","0.531146178856505"
"CH","2012","N14 P_IntShipping","NMVOC","Gg","0.0923892257094826"
"CH","2012","N14 N_Natural","NMVOC","Gg","64.6858988257767"
"CH","2012","N14 z_Memo","NMVOC","Gg","10.9988293855283"
"SE","2013","N14 A_PublicPower","NMVOC","Gg","3.28887065593802"
"SE","2013","N14 B_Industry","NMVOC","Gg","10.9687347555899"
"SE","2013","N14 C_OtherStatComb","NMVOC","Gg","12.1433563669658"
"SE","2013","N14 D_Fugitive","NMVOC","Gg","13.0372347591931"
"SE","2013","N14 E_Solvents","NMVOC","Gg","58.94910178375"
"SE","2013","N14 F_RoadTransport","NMVOC","Gg","11.6539963567669"
"SE","2013","N14 G_Shipping","NMVOC","Gg","4.09109787345859"
"SE","2013","N14 H_Aviation","NMVOC","Gg","0.178899436907338"
"SE","2013","N14 I_Offroad","NMVOC","Gg","13.8012565459768"
"SE","2013","N14 J_Waste","NMVOC","Gg","0.800126628665954"
"SE","2013","N14 K_AgriLivestock","NMVOC","Gg","21.2790650294392"
"SE","2013","N14 L_AgriOther","NMVOC","Gg","10.0539109082077"
"SE","2013","N14 M_Other","NMVOC","Gg","0"
"SE","2013","N14 O_AviCruise","NMVOC","Gg","0.515704023892595"
"SE","2013","N14 P_IntShipping","NMVOC","Gg","1.85305371924"
"SE","2013","N14 N_Natural","NMVOC","Gg","0"
"SE","2013","N14 z_Memo","NMVOC","Gg","0"
"ES","1994","N14 A_PublicPower","NMVOC","Gg","0.74078299656544"
"ES","1994","N14 B_Industry","NMVOC","Gg","63.0689662429463"
"ES","1994","N14 C_OtherStatComb","NMVOC","Gg","35.654268151"
"ES","1994","N14 D_Fugitive","NMVOC","Gg","51.708495201966"
"ES","1994","N14 E_Solvents","NMVOC","Gg","317.208053932"
"ES","1994","N14 F_RoadTransport","NMVOC","Gg","346.715870345"
"ES","1994","N14 G_Shipping","NMVOC","Gg","3.747620289"
"ES","1994","N14 H_Aviation","NMVOC","Gg","0.306268333132278"
"ES","1994","N14 I_Offroad","NMVOC","Gg","19.004532986"
"ES","1994","N14 J_Waste","NMVOC","Gg","6.960580389055"
"ES","1994","N14 K_AgriLivestock","NMVOC","Gg","47.464252703"
"ES","1994","N14 L_AgriOther","NMVOC","Gg","79.617517446"
"ES","1994","N14 M_Other","NMVOC","Gg","0"
"ES","1994","N14 O_AviCruise","NMVOC","Gg","0.500153724568905"
"ES","1994","N14 P_IntShipping","NMVOC","Gg","7.250324458"
"ES","1994","N14 N_Natural","NMVOC","Gg","0"
"ES","1994","N14 z_Memo","NMVOC","Gg","0"
"IE","1997","N14 A_PublicPower","NMVOC","Gg","0.304448275092991"
"IE","1997","N14 B_Industry","NMVOC","Gg","10.8430494507749"
"IE","1997","N14 C_OtherStatComb","NMVOC","Gg","16.1335900237098"
"IE","1997","N14 D_Fugitive","NMVOC","Gg","4.95224715986876"
"IE","1997","N14 E_Solvents","NMVOC","Gg","25.0123296883546"
"IE","1997","N14 F_RoadTransport","NMVOC","Gg","28.5030857353922"
"IE","1997","N14 G_Shipping","NMVOC","Gg","0.093"
"IE","1997","N14 H_Aviation","NMVOC","Gg","0.115742215054684"
"IE","1997","N14 I_Offroad","NMVOC","Gg","1.52875880567689"
"IE","1997","N14 J_Waste","NMVOC","Gg","0.936598401767912"
"IE","1997","N14 K_AgriLivestock","NMVOC","Gg","42.1707893112185"
"IE","1997","N14 L_AgriOther","NMVOC","Gg","3.811176"
"IE","1997","N14 M_Other","NMVOC","Gg","0"
"IE","1997","N14 O_AviCruise","NMVOC","Gg","0.158926506320292"
"IE","1997","N14 P_IntShipping","NMVOC","Gg","0.4179"
"IE","1997","N14 N_Natural","NMVOC","Gg","0"
"IE","1997","N14 z_Memo","NMVOC","Gg","28.0853282240515"
"CA","2013","N14 A_PublicPower","NMVOC","Gg","1.28653666747235"
"CA","2013","N14 B_Industry","NMVOC","Gg","144.418475631416"
"CA","2013","N14 C_OtherStatComb","NMVOC","Gg","236.137044627029"
"CA","2013","N14 D_Fugitive","NMVOC","Gg","752.683365512817"
"CA","2013","N14 E_Solvents","NMVOC","Gg","314.444426186981"
"CA","2013","N14 F_RoadTransport","NMVOC","Gg","165.613393695819"
"CA","2013","N14 G_Shipping","NMVOC","Gg","8.28766308014683"
"CA","2013","N14 H_Aviation","NMVOC","Gg","2.69013979573868"
"CA","2013","N14 I_Offroad","NMVOC","Gg","173.968026362888"
"CA","2013","N14 J_Waste","NMVOC","Gg","10.3751765131281"
"CA","2013","N14 K_AgriLivestock","NMVOC","Gg","115.964912752103"
"CA","2013","N14 L_AgriOther","NMVOC","Gg","2.52362614395128"
"CA","2013","N14 M_Other","NMVOC","Gg","2.00666905249353"
"CA","2013","N14 O_AviCruise","NMVOC","Gg","3.55530407211797"
"CA","2013","N14 P_IntShipping","NMVOC","Gg","0"
"CA","2013","N14 N_Natural","NMVOC","Gg","0"
"CA","2013","N14 z_Memo","NMVOC","Gg","0"
"EU12","2006","N14 A_PublicPower","NMVOC","Gg","27.220469407"
"EU12","2006","N14 B_Industry","NMVOC","Gg","499.652395509608"
"EU12","2006","N14 C_OtherStatComb","NMVOC","Gg","546.929703170399"
"EU12","2006","N14 D_Fugitive","NMVOC","Gg","553.291315911249"
"EU12","2006","N14 E_Solvents","NMVOC","Gg","2756.82407537283"
"EU12","2006","N14 F_RoadTransport","NMVOC","Gg","1069.01298040521"
"EU12","2006","N14 G_Shipping","NMVOC","Gg","75.7479086152955"
"EU12","2006","N14 H_Aviation","NMVOC","Gg","7.87840269054085"
"EU12","2006","N14 I_Offroad","NMVOC","Gg","204.267040294814"
"EU12","2006","N14 J_Waste","NMVOC","Gg","50.8752310883153"
"EU12","2006","N14 K_AgriLivestock","NMVOC","Gg","591.585384400068"
"EU12","2006","N14 L_AgriOther","NMVOC","Gg","167.66391942271"
"EU12","2006","N14 M_Other","NMVOC","Gg","1.854533366416"
"EU12","2006","N14 O_AviCruise","NMVOC","Gg","9.25345398424098"
"EU12","2006","N14 P_IntShipping","NMVOC","Gg","53.7069378388803"
"EU12","2006","N14 N_Natural","NMVOC","Gg","2091.56280462924"
"EU12","2006","N14 z_Memo","NMVOC","Gg","1680.17558154878"
"DE","2001","N14 A_PublicPower","NMVOC","Gg","7.1409300433145"
"DE","2001","N14 B_Industry","NMVOC","Gg","38.9005128017775"
"DE","2001","N14 C_OtherStatComb","NMVOC","Gg","61.4710935278902"
"DE","2001","N14 D_Fugitive","NMVOC","Gg","107.254529457754"
"DE","2001","N14 E_Solvents","NMVOC","Gg","786.144462991375"
"DE","2001","N14 F_RoadTransport","NMVOC","Gg","263.831980098112"
"DE","2001","N14 G_Shipping","NMVOC","Gg","1.39101412730798"
"DE","2001","N14 H_Aviation","NMVOC","Gg","0.951834591057253"
"DE","2001","N14 I_Offroad","NMVOC","Gg","46.7520494508145"
"DE","2001","N14 J_Waste","NMVOC","Gg","0.1614183"
"DE","2001","N14 K_AgriLivestock","NMVOC","Gg","210.356725735544"
"DE","2001","N14 L_AgriOther","NMVOC","Gg","9.47583738426499"
"DE","2001","N14 M_Other","NMVOC","Gg","0"
"DE","2001","N14 O_AviCruise","NMVOC","Gg","1.50088285580386"
"DE","2001","N14 P_IntShipping","NMVOC","Gg","2.8967395539589"
"DE","2001","N14 N_Natural","NMVOC","Gg","0.0493339452"
"DE","2001","N14 z_Memo","NMVOC","Gg","0"
"SK","1995","N14 A_PublicPower","NMVOC","Gg","0.152449149667451"
"SK","1995","N14 B_Industry","NMVOC","Gg","11.6835936434965"
"SK","1995","N14 C_OtherStatComb","NMVOC","Gg","76.7794230470616"
"SK","1995","N14 D_Fugitive","NMVOC","Gg","11.6381945836102"
"SK","1995","N14 E_Solvents","NMVOC","Gg","62.6898229908615"
"SK","1995","N14 F_RoadTransport","NMVOC","Gg","26.6181416470324"
"SK","1995","N14 G_Shipping","NMVOC","Gg","0.0487957872945265"
"SK","1995","N14 H_Aviation","NMVOC","Gg","0.00121812634607671"
"SK","1995","N14 I_Offroad","NMVOC","Gg","1.06193217376523"
"SK","1995","N14 J_Waste","NMVOC","Gg","0.940591346705011"
"SK","1995","N14 K_AgriLivestock","NMVOC","Gg","8.3209968250305"
"SK","1995","N14 L_AgriOther","NMVOC","Gg","3.38536082622001"
"SK","1995","N14 M_Other","NMVOC","Gg","0"
"SK","1995","N14 O_AviCruise","NMVOC","Gg","0.00203890461427619"
"SK","1995","N14 P_IntShipping","NMVOC","Gg","0"
"SK","1995","N14 N_Natural","NMVOC","Gg","0.03521"
"SK","1995","N14 z_Memo","NMVOC","Gg","0"
"IE","2000","N14 A_PublicPower","NMVOC","Gg","0.364925825449605"
"IE","2000","N14 B_Industry","NMVOC","Gg","11.5069767766143"
"IE","2000","N14 C_OtherStatComb","NMVOC","Gg","12.8885917615649"
"IE","2000","N14 D_Fugitive","NMVOC","Gg","6.1868605084272"
"IE","2000","N14 E_Solvents","NMVOC","Gg","21.601837345671"
"IE","2000","N14 F_RoadTransport","NMVOC","Gg","23.0958689397245"
"IE","2000","N14 G_Shipping","NMVOC","Gg","0.131663270255277"
"IE","2000","N14 H_Aviation","NMVOC","Gg","0.142305334610233"
"IE","2000","N14 I_Offroad","NMVOC","Gg","1.5199363161924"
"IE","2000","N14 J_Waste","NMVOC","Gg","0.950522612052249"
"IE","2000","N14 K_AgriLivestock","NMVOC","Gg","39.4460424233218"
"IE","2000","N14 L_AgriOther","NMVOC","Gg","3.821066"
"IE","2000","N14 M_Other","NMVOC","Gg","0"
"IE","2000","N14 O_AviCruise","NMVOC","Gg","0.230022111378866"
"IE","2000","N14 P_IntShipping","NMVOC","Gg","0.4191"
"IE","2000","N14 N_Natural","NMVOC","Gg","0"
"IE","2000","N14 z_Memo","NMVOC","Gg","20.9505084110517"
"EU28","2010","N14 A_PublicPower","NMVOC","Gg","45.877455816601"
"EU28","2010","N14 B_Industry","NMVOC","Gg","636.076204468729"
"EU28","2010","N14 C_OtherStatComb","NMVOC","Gg","1208.6056873968"
"EU28","2010","N14 D_Fugitive","NMVOC","Gg","577.960941163529"
"EU28","2010","N14 E_Solvents","NMVOC","Gg","2976.82886547328"
"EU28","2010","N14 F_RoadTransport","NMVOC","Gg","911.274317590845"
"EU28","2010","N14 G_Shipping","NMVOC","Gg","65.5616982711311"
"EU28","2010","N14 H_Aviation","NMVOC","Gg","7.99132529401785"
"EU28","2010","N14 I_Offroad","NMVOC","Gg","219.796110065974"
"EU28","2010","N14 J_Waste","NMVOC","Gg","85.3395373211973"
"EU28","2010","N14 K_AgriLivestock","NMVOC","Gg","860.0610022176"
"EU28","2010","N14 L_AgriOther","NMVOC","Gg","217.156025091938"
"EU28","2010","N14 M_Other","NMVOC","Gg","1.987764664451"
"EU28","2010","N14 O_AviCruise","NMVOC","Gg","12.20803688865"
"EU28","2010","N14 P_IntShipping","NMVOC","Gg","58.1624063674268"
"EU28","2010","N14 N_Natural","NMVOC","Gg","2397.50904240627"
"EU28","2010","N14 z_Memo","NMVOC","Gg","1432.44870887651"
"CH","1990","N14 A_PublicPower","NMVOC","Gg","0.295111199744"
"CH","1990","N14 B_Industry","NMVOC","Gg","12.7617851186659"
"CH","1990","N14 C_OtherStatComb","NMVOC","Gg","9.25925325306642"
"CH","1990","N14 D_Fugitive","NMVOC","Gg","19.8054209678723"
"CH","1990","N14 E_Solvents","NMVOC","Gg","151.08640573"
"CH","1990","N14 F_RoadTransport","NMVOC","Gg","78.445181922557"
"CH","1990","N14 G_Shipping","NMVOC","Gg","1.64055313945606"
"CH","1990","N14 H_Aviation","NMVOC","Gg","0.306264126688014"
"CH","1990","N14 I_Offroad","NMVOC","Gg","7.43453813438759"
"CH","1990","N14 J_Waste","NMVOC","Gg","0.7443425522252"
"CH","1990","N14 K_AgriLivestock","NMVOC","Gg","18.2862085549863"
"CH","1990","N14 L_AgriOther","NMVOC","Gg","0.4813828348889"
"CH","1990","N14 M_Other","NMVOC","Gg","0.23462522097786"
"CH","1990","N14 O_AviCruise","NMVOC","Gg","0.585614913111021"
"CH","1990","N14 P_IntShipping","NMVOC","Gg","0.410870824231097"
"CH","1990","N14 N_Natural","NMVOC","Gg","62.3203710394302"
"CH","1990","N14 z_Memo","NMVOC","Gg","76.1218845510431"
"CZ","2007","N14 A_PublicPower","NMVOC","Gg","6.44522860226"
"CZ","2007","N14 B_Industry","NMVOC","Gg","4.43402842292579"
"CZ","2007","N14 C_OtherStatComb","NMVOC","Gg","86.1657022050284"
"CZ","2007","N14 D_Fugitive","NMVOC","Gg","12.0005547330001"
"CZ","2007","N14 E_Solvents","NMVOC","Gg","94.120254000274"
"CZ","2007","N14 F_RoadTransport","NMVOC","Gg","32.0688680225954"
"CZ","2007","N14 G_Shipping","NMVOC","Gg","0.02342439"
"CZ","2007","N14 H_Aviation","NMVOC","Gg","0.0867695000000001"
"CZ","2007","N14 I_Offroad","NMVOC","Gg","4.36260773157539"
"CZ","2007","N14 J_Waste","NMVOC","Gg","7.753472225242"
"CZ","2007","N14 K_AgriLivestock","NMVOC","Gg","0"
"CZ","2007","N14 L_AgriOther","NMVOC","Gg","0"
"CZ","2007","N14 M_Other","NMVOC","Gg","0"
"CZ","2007","N14 O_AviCruise","NMVOC","Gg","0.5090355"
"CZ","2007","N14 P_IntShipping","NMVOC","Gg","0"
"CZ","2007","N14 N_Natural","NMVOC","Gg","0.158"
"CZ","2007","N14 z_Memo","NMVOC","Gg","32.6267253225954"
"EU12","1995","N14 A_PublicPower","NMVOC","Gg","25.7260390386659"
"EU12","1995","N14 B_Industry","NMVOC","Gg","643.216068120681"
"EU12","1995","N14 C_OtherStatComb","NMVOC","Gg","855.2809004526"
"EU12","1995","N14 D_Fugitive","NMVOC","Gg","1108.27286393644"
"EU12","1995","N14 E_Solvents","NMVOC","Gg","3330.91537055233"
"EU12","1995","N14 F_RoadTransport","NMVOC","Gg","3508.65462260976"
"EU12","1995","N14 G_Shipping","NMVOC","Gg","85.7539037078576"
"EU12","1995","N14 H_Aviation","NMVOC","Gg","9.93044096177923"
"EU12","1995","N14 I_Offroad","NMVOC","Gg","291.003666598063"
"EU12","1995","N14 J_Waste","NMVOC","Gg","57.0767072307647"
"EU12","1995","N14 K_AgriLivestock","NMVOC","Gg","647.077554921959"
"EU12","1995","N14 L_AgriOther","NMVOC","Gg","171.414144417633"
"EU12","1995","N14 M_Other","NMVOC","Gg","1.339516504501"
"EU12","1995","N14 O_AviCruise","NMVOC","Gg","6.82241344028993"
"EU12","1995","N14 P_IntShipping","NMVOC","Gg","34.8269874885847"
"EU12","1995","N14 N_Natural","NMVOC","Gg","1944.19171892757"
"EU12","1995","N14 z_Memo","NMVOC","Gg","1507.45864017259"
"GB","2009","N14 A_PublicPower","NMVOC","Gg","2.811078732058"
"GB","2009","N14 B_Industry","NMVOC","Gg","120.316790989891"
"GB","2009","N14 C_OtherStatComb","NMVOC","Gg","35.88310755468"
"GB","2009","N14 D_Fugitive","NMVOC","Gg","198.014397175837"
"GB","2009","N14 E_Solvents","NMVOC","Gg","313.565160521681"
"GB","2009","N14 F_RoadTransport","NMVOC","Gg","84.7977508321157"
"GB","2009","N14 G_Shipping","NMVOC","Gg","8.698398040679"
"GB","2009","N14 H_Aviation","NMVOC","Gg","1.933363154191"
"GB","2009","N14 I_Offroad","NMVOC","Gg","36.549487454048"
"GB","2009","N14 J_Waste","NMVOC","Gg","9.223897139977"
"GB","2009","N14 K_AgriLivestock","NMVOC","Gg","84.168837839687"
"GB","2009","N14 L_AgriOther","NMVOC","Gg","8.188528904057"
"GB","2009","N14 M_Other","NMVOC","Gg","1.452057723252"
"GB","2009","N14 O_AviCruise","NMVOC","Gg","1.700263107895"
"GB","2009","N14 P_IntShipping","NMVOC","Gg","10.719330589037"
"GB","2009","N14 N_Natural","NMVOC","Gg","91.750114705882"
"GB","2009","N14 z_Memo","NMVOC","Gg","81.459678919981"
"MT","2002","N14 A_PublicPower","NMVOC","Gg","0.12"
"MT","2002","N14 B_Industry","NMVOC","Gg","0.369508033488372"
"MT","2002","N14 C_OtherStatComb","NMVOC","Gg","0.0064"
"MT","2002","N14 D_Fugitive","NMVOC","Gg","0.15"
"MT","2002","N14 E_Solvents","NMVOC","Gg","1.8983288"
"MT","2002","N14 F_RoadTransport","NMVOC","Gg","1.21279655287749"
"MT","2002","N14 G_Shipping","NMVOC","Gg","0.04965418682"
"MT","2002","N14 H_Aviation","NMVOC","Gg","0"
"MT","2002","N14 I_Offroad","NMVOC","Gg","0.0154759993136"
"MT","2002","N14 J_Waste","NMVOC","Gg","0.00075072"
"MT","2002","N14 K_AgriLivestock","NMVOC","Gg","0"
"MT","2002","N14 L_AgriOther","NMVOC","Gg","0"
"MT","2002","N14 M_Other","NMVOC","Gg","0.001914"
"MT","2002","N14 O_AviCruise","NMVOC","Gg","0"
"MT","2002","N14 P_IntShipping","NMVOC","Gg","0.1549568716"
"LT","1994","N14 A_PublicPower","NMVOC","Gg","0.3819279"
"LT","1994","N14 B_Industry","NMVOC","Gg","0.490637731530009"
"LT","1994","N14 C_OtherStatComb","NMVOC","Gg","9.8562919806"
"LT","1994","N14 D_Fugitive","NMVOC","Gg","6.15126481283247"
"LT","1994","N14 E_Solvents","NMVOC","Gg","18.8528044779487"
"LT","1994","N14 F_RoadTransport","NMVOC","Gg","13.924378016"
"LT","1994","N14 G_Shipping","NMVOC","Gg","0.00274381707886141"
"LT","1994","N14 H_Aviation","NMVOC","Gg","0.00238090303030302"
"LT","1994","N14 I_Offroad","NMVOC","Gg","5.00441111937547"
"LT","1994","N14 J_Waste","NMVOC","Gg","2.13069605714435"
"LT","1994","N14 K_AgriLivestock","NMVOC","Gg","16.6931676806572"
"LT","1994","N14 L_AgriOther","NMVOC","Gg","0"
"LT","1994","N14 M_Other","NMVOC","Gg","0"
"LT","1994","N14 P_IntShipping","NMVOC","Gg","0.419"
"LT","1994","N14 N_Natural","NMVOC","Gg","0.1176"
"MD","1991","N14 A_PublicPower","NMVOC","Gg","0.502116484"
"MD","1991","N14 B_Industry","NMVOC","Gg","8.138338716"
"MD","1991","N14 C_OtherStatComb","NMVOC","Gg","11.49446565"
"MD","1991","N14 D_Fugitive","NMVOC","Gg","0"
"MD","1991","N14 E_Solvents","NMVOC","Gg","34.23131"
"MD","1991","N14 F_RoadTransport","NMVOC","Gg","2.92945445050158"
"MD","1991","N14 G_Shipping","NMVOC","Gg","0.0002128"
"MD","1991","N14 H_Aviation","NMVOC","Gg","0"
"MD","1991","N14 K_AgriLivestock","NMVOC","Gg","20.505371542"
"MD","1991","N14 L_AgriOther","NMVOC","Gg","1.476641724585"
"KZ","2000","N14 A_PublicPower","NMVOC","Gg","3.02463309018"
"KZ","2000","N14 B_Industry","NMVOC","Gg","8.7342878767624"
"KZ","2000","N14 C_OtherStatComb","NMVOC","Gg","42.838033121065"
"KZ","2000","N14 D_Fugitive","NMVOC","Gg","0"
"KZ","2000","N14 E_Solvents","NMVOC","Gg","21.58683356808"
"KZ","2000","N14 F_RoadTransport","NMVOC","Gg","21.2538460298567"
"KZ","2000","N14 G_Shipping","NMVOC","Gg","0.00179662325581395"
"KZ","2000","N14 H_Aviation","NMVOC","Gg","0.16237"
"KZ","2000","N14 I_Offroad","NMVOC","Gg","0.876150544186046"
"KZ","2000","N14 J_Waste","NMVOC","Gg","4.71284"
"KZ","2000","N14 K_AgriLivestock","NMVOC","Gg","52.727164"
"KZ","2000","N14 L_AgriOther","NMVOC","Gg","13.927958"
"KZ","2000","N14 M_Other","NMVOC","Gg","0"
"KZ","2000","N14 N_Natural","NMVOC","Gg","36.921"
"HU","1998","N14 A_PublicPower","NMVOC","Gg","0.593836442466992"
"HU","1998","N14 B_Industry","NMVOC","Gg","13.0845578262514"
"HU","1998","N14 C_OtherStatComb","NMVOC","Gg","17.9194992419442"
"HU","1998","N14 D_Fugitive","NMVOC","Gg","5.38175932336225"
"HU","1998","N14 E_Solvents","NMVOC","Gg","51.4368282096854"
"HU","1998","N14 F_RoadTransport","NMVOC","Gg","70.5600375447399"
"HU","1998","N14 G_Shipping","NMVOC","Gg","0.0252"
"HU","1998","N14 H_Aviation","NMVOC","Gg","0.00323407926395445"
"HU","1998","N14 I_Offroad","NMVOC","Gg","3.4099494235501"
"HU","1998","N14 J_Waste","NMVOC","Gg","2.09716026110614"
"HU","1998","N14 K_AgriLivestock","NMVOC","Gg","24.6732296539809"
"HU","1998","N14 L_AgriOther","NMVOC","Gg","3.59656721453265"
"HU","1998","N14 M_Other","NMVOC","Gg","0"
"HU","1998","N14 O_AviCruise","NMVOC","Gg","0"
"HU","1998","N14 P_IntShipping","NMVOC","Gg","0"
"HU","1998","N14 N_Natural","NMVOC","Gg","0"
"HU","1998","N14 z_Memo","NMVOC","Gg","0"
"EU09","2005","N14 A_PublicPower","NMVOC","Gg","22.6938693387573"
"EU09","2005","N14 B_Industry","NMVOC","Gg","395.878586378635"
"EU09","2005","N14 C_OtherStatComb","NMVOC","Gg","520.111095496191"
"EU09","2005","N14 D_Fugitive","NMVOC","Gg","539.364105383471"
"EU09","2005","N14 E_Solvents","NMVOC","Gg","2275.41748463875"
"EU09","2005","N14 F_RoadTransport","NMVOC","Gg","1073.08515876953"
"EU09","2005","N14 G_Shipping","NMVOC","Gg","77.0640184249869"
"EU09","2005","N14 H_Aviation","NMVOC","Gg","6.79547060860885"
"EU09","2005","N14 I_Offroad","NMVOC","Gg","197.838438956968"
"EU09","2005","N14 J_Waste","NMVOC","Gg","42.7068288998937"
"EU09","2005","N14 K_AgriLivestock","NMVOC","Gg","539.331687674216"
"EU09","2005","N14 L_AgriOther","NMVOC","Gg","76.631397043869"
"EU09","2005","N14 M_Other","NMVOC","Gg","1.941763907529"
"EU09","2005","N14 O_AviCruise","NMVOC","Gg","7.41259753615841"
"EU09","2005","N14 P_IntShipping","NMVOC","Gg","29.6606373778358"
"EU09","2005","N14 N_Natural","NMVOC","Gg","1538.16841036571"
"EU09","2005","N14 z_Memo","NMVOC","Gg","1558.81672716916"
"LI","2008","N14 A_PublicPower","NMVOC","Gg","0.0001381273786368"
"LI","2008","N14 B_Industry","NMVOC","Gg","0.0178237666981789"
"LI","2008","N14 C_OtherStatComb","NMVOC","Gg","0.0116676688193008"
"LI","2008","N14 D_Fugitive","NMVOC","Gg","0.0078495734695"
"LI","2008","N14 E_Solvents","NMVOC","Gg","0.18188736564756"
"LI","2008","N14 F_RoadTransport","NMVOC","Gg","0.0269490802463594"
"LI","2008","N14 G_Shipping","NMVOC","Gg","0"
"LI","2008","N14 H_Aviation","NMVOC","Gg","6.6336e-06"
"LI","2008","N14 I_Offroad","NMVOC","Gg","0.0328542274423908"
"LI","2008","N14 J_Waste","NMVOC","Gg","0.00463044656711156"
"LI","2008","N14 K_AgriLivestock","NMVOC","Gg","0.057832117"
"LI","2008","N14 L_AgriOther","NMVOC","Gg","3.921594e-14"
"LI","2008","N14 M_Other","NMVOC","Gg","0"
"LI","2004","N14 A_PublicPower","NMVOC","Gg","0.0001390152056832"
"LI","2004","N14 B_Industry","NMVOC","Gg","0.0210132429940884"
"LI","2004","N14 C_OtherStatComb","NMVOC","Gg","0.0109786641004845"
"LI","2004","N14 D_Fugitive","NMVOC","Gg","0.0093508541126"
"LI","2004","N14 E_Solvents","NMVOC","Gg","0.192273555811847"
"LI","2004","N14 F_RoadTransport","NMVOC","Gg","0.0415327609354083"
"LI","2004","N14 G_Shipping","NMVOC","Gg","0"
"LI","2004","N14 H_Aviation","NMVOC","Gg","7.5072e-06"
"LI","2004","N14 I_Offroad","NMVOC","Gg","0.0308355634485092"
"LI","2004","N14 J_Waste","NMVOC","Gg","0.00460005112237873"
"LI","2004","N14 K_AgriLivestock","NMVOC","Gg","0.053831336"
"LI","2004","N14 L_AgriOther","NMVOC","Gg","3.9448614e-14"
"LI","2004","N14 M_Other","NMVOC","Gg","0"
"EU12","1998","N14 A_PublicPower","NMVOC","Gg","23.3108900018192"
"EU12","1998","N14 B_Industry","NMVOC","Gg","587.272927698195"
"EU12","1998","N14 C_OtherStatComb","NMVOC","Gg","795.40566592057"
"EU12","1998","N14 D_Fugitive","NMVOC","Gg","954.110735241552"
"EU12","1998","N14 E_Solvents","NMVOC","Gg","3345.26389486874"
"EU12","1998","N14 F_RoadTransport","NMVOC","Gg","2823.72494863687"
"EU12","1998","N14 G_Shipping","NMVOC","Gg","86.9303643326033"
"EU12","1998","N14 H_Aviation","NMVOC","Gg","10.1991291568292"
"EU12","1998","N14 I_Offroad","NMVOC","Gg","271.672702166278"
"EU12","1998","N14 J_Waste","NMVOC","Gg","57.1717426383569"
"EU12","1998","N14 K_AgriLivestock","NMVOC","Gg","657.62445045148"
"EU12","1998","N14 L_AgriOther","NMVOC","Gg","180.770123013696"
"EU12","1998","N14 M_Other","NMVOC","Gg","1.93568882738"
"EU12","1998","N14 O_AviCruise","NMVOC","Gg","7.32682316763796"
"EU12","1998","N14 P_IntShipping","NMVOC","Gg","44.5602364693644"
"EU12","1998","N14 N_Natural","NMVOC","Gg","2008.01204464432"
"EU12","1998","N14 z_Memo","NMVOC","Gg","1415.17700039308"
"PL","2014","N14 A_PublicPower","NMVOC","Gg","2.60541119"
"PL","2014","N14 B_Industry","NMVOC","Gg","93.637450524866"
"PL","2014","N14 C_OtherStatComb","NMVOC","Gg","113.200060335"
"PL","2014","N14 D_Fugitive","NMVOC","Gg","53.1245316180337"
"PL","2014","N14 E_Solvents","NMVOC","Gg","179.320156020681"
"PL","2014","N14 F_RoadTransport","NMVOC","Gg","77.1070189805734"
"PL","2014","N14 G_Shipping","NMVOC","Gg","0.00964007825151285"
"PL","2014","N14 H_Aviation","NMVOC","Gg","0.046483281921573"
"PL","2014","N14 I_Offroad","NMVOC","Gg","7.70838749246231"
"PL","2014","N14 J_Waste","NMVOC","Gg","10.8117478216327"
"PL","2014","N14 K_AgriLivestock","NMVOC","Gg","86.5739961427833"
"PL","2014","N14 L_AgriOther","NMVOC","Gg","7.25563720104046"
"PL","2014","N14 M_Other","NMVOC","Gg","0"
"PL","2014","N14 O_AviCruise","NMVOC","Gg","0.327897082896404"
"PL","2014","N14 P_IntShipping","NMVOC","Gg","0.3996"
"PL","2014","N14 N_Natural","NMVOC","Gg","258.154158517018"
"PL","2014","N14 z_Memo","NMVOC","Gg","0"
"ES","1995","N14 A_PublicPower","NMVOC","Gg","0.8368295152218"
"ES","1995","N14 B_Industry","NMVOC","Gg","64.7109662465341"
"ES","1995","N14 C_OtherStatComb","NMVOC","Gg","33.300770921"
"ES","1995","N14 D_Fugitive","NMVOC","Gg","50.925714661699"
"ES","1995","N14 E_Solvents","NMVOC","Gg","327.074625629"
"ES","1995","N14 F_RoadTransport","NMVOC","Gg","312.52741918"
"ES","1995","N14 G_Shipping","NMVOC","Gg","3.481463834"
"ES","1995","N14 H_Aviation","NMVOC","Gg","0.335286980991467"
"ES","1995","N14 I_Offroad","NMVOC","Gg","19.148197226"
"ES","1995","N14 J_Waste","NMVOC","Gg","6.49737505921"
"ES","1995","N14 K_AgriLivestock","NMVOC","Gg","49.571107184"
"ES","1995","N14 L_AgriOther","NMVOC","Gg","82.309256572"
"ES","1995","N14 M_Other","NMVOC","Gg","0"
"ES","1995","N14 O_AviCruise","NMVOC","Gg","0.547542838096547"
"ES","1995","N14 P_IntShipping","NMVOC","Gg","7.700494893"
"ES","1995","N14 N_Natural","NMVOC","Gg","0"
"ES","1995","N14 z_Memo","NMVOC","Gg","0"
"RO","2004","N14 A_PublicPower","NMVOC","Gg","0.99933003"
"RO","2004","N14 B_Industry","NMVOC","Gg","38.74235164698"
"RO","2004","N14 C_OtherStatComb","NMVOC","Gg","67.9316108"
"RO","2004","N14 D_Fugitive","NMVOC","Gg","31.844736394"
"RO","2004","N14 E_Solvents","NMVOC","Gg","42.364716925"
"RO","2004","N14 F_RoadTransport","NMVOC","Gg","27.1599911926749"
"RO","2004","N14 G_Shipping","NMVOC","Gg","0.056"
"RO","2004","N14 H_Aviation","NMVOC","Gg","0"
"RO","2004","N14 I_Offroad","NMVOC","Gg","24.3643502313314"
"RO","2004","N14 J_Waste","NMVOC","Gg","1.50588668574396"
"RO","2004","N14 K_AgriLivestock","NMVOC","Gg","38.5973313537539"
"RO","2004","N14 L_AgriOther","NMVOC","Gg","5.41306845205966"
"RO","2004","N14 M_Other","NMVOC","Gg","0"
"RO","2004","N14 O_AviCruise","NMVOC","Gg","0"
"RO","2004","N14 P_IntShipping","NMVOC","Gg","0"
"AT","2015","N14 A_PublicPower","NMVOC","Gg","0.400150550284613"
"AT","2015","N14 B_Industry","NMVOC","Gg","4.30127806218156"
"AT","2015","N14 C_OtherStatComb","NMVOC","Gg","26.8063869524736"
"AT","2015","N14 D_Fugitive","NMVOC","Gg","2.31937535534607"
"AT","2015","N14 E_Solvents","NMVOC","Gg","39.5634816578636"
"AT","2015","N14 F_RoadTransport","NMVOC","Gg","9.03915831178489"
"AT","2015","N14 G_Shipping","NMVOC","Gg","0.286260397960629"
"AT","2015","N14 H_Aviation","NMVOC","Gg","0.522017919911089"
"AT","2015","N14 I_Offroad","NMVOC","Gg","3.09046774471158"
"AT","2015","N14 J_Waste","NMVOC","Gg","0.064601454651178"
"AT","2015","N14 K_AgriLivestock","NMVOC","Gg","27.1967430464139"
"AT","2015","N14 L_AgriOther","NMVOC","Gg","10.5084442022243"
"AT","2015","N14 M_Other","NMVOC","Gg","0"
"AT","2015","N14 O_AviCruise","NMVOC","Gg","0.498434525540185"
"AT","2015","N14 P_IntShipping","NMVOC","Gg","0"
"AT","2015","N14 N_Natural","NMVOC","Gg","0"
"AT","2015","N14 z_Memo","NMVOC","Gg","8.92746303563781"
"GR","1997","N14 A_PublicPower","NMVOC","Gg","1.54823977714591"
"GR","1997","N14 B_Industry","NMVOC","Gg","18.6375808434262"
"GR","1997","N14 C_OtherStatComb","NMVOC","Gg","8.3092711973"
"GR","1997","N14 D_Fugitive","NMVOC","Gg","18.26303"
"GR","1997","N14 E_Solvents","NMVOC","Gg","102.978811938787"
"GR","1997","N14 F_RoadTransport","NMVOC","Gg","144.679593485914"
"GR","1997","N14 G_Shipping","NMVOC","Gg","1.5788"
"GR","1997","N14 H_Aviation","NMVOC","Gg","0.0104906254474133"
"GR","1997","N14 I_Offroad","NMVOC","Gg","9.5838344"
"GR","1997","N14 J_Waste","NMVOC","Gg","2.9332294335125"
"GR","1997","N14 K_AgriLivestock","NMVOC","Gg","14.926358002422"
"GR","1997","N14 L_AgriOther","NMVOC","Gg","3.58162843995"
"GR","1997","N14 M_Other","NMVOC","Gg","0"
"GR","1997","N14 O_AviCruise","NMVOC","Gg","0.0172249360943182"
"GR","1997","N14 P_IntShipping","NMVOC","Gg","8.6739"
"MC","2010","N14 A_PublicPower","NMVOC","Gg","0.000166243879665323"
"MC","2010","N14 B_Industry","NMVOC","Gg","1.62784e-05"
"MC","2010","N14 C_OtherStatComb","NMVOC","Gg","0.000574463992075851"
"MC","2010","N14 D_Fugitive","NMVOC","Gg","9.38828571428572e-05"
"MC","2010","N14 E_Solvents","NMVOC","Gg","0.090950386075546"
"MC","2010","N14 F_RoadTransport","NMVOC","Gg","0.105429244001378"
"MC","2010","N14 G_Shipping","NMVOC","Gg","0.0160663583078666"
"MC","2010","N14 H_Aviation","NMVOC","Gg","0.016702474685"
"MC","2010","N14 I_Offroad","NMVOC","Gg","0.0125964802838625"
"MC","2010","N14 J_Waste","NMVOC","Gg","9.13167586736029e-05"
"MC","2010","N14 K_AgriLivestock","NMVOC","Gg","0"
"MC","2010","N14 L_AgriOther","NMVOC","Gg","0"
"MC","2010","N14 M_Other","NMVOC","Gg","0"
"MC","2010","N14 O_AviCruise","NMVOC","Gg","0"
"MC","2010","N14 P_IntShipping","NMVOC","Gg","0.0634441392381781"
"MC","2010","N14 N_Natural","NMVOC","Gg","0"
"MC","2010","N14 z_Memo","NMVOC","Gg","0"
"LT","2005","N14 A_PublicPower","NMVOC","Gg","0.463971040071806"
"LT","2005","N14 B_Industry","NMVOC","Gg","6.4400837308589"
"LT","2005","N14 C_OtherStatComb","NMVOC","Gg","12.2882367446"
"LT","2005","N14 D_Fugitive","NMVOC","Gg","3.5964346606896"
"LT","2005","N14 E_Solvents","NMVOC","Gg","9.529139718687"
"LT","2005","N14 F_RoadTransport","NMVOC","Gg","12.344637373"
"LT","2005","N14 G_Shipping","NMVOC","Gg","0.0150256649556696"
"LT","2005","N14 H_Aviation","NMVOC","Gg","0.0080257"
"LT","2005","N14 I_Offroad","NMVOC","Gg","1.49427794454224"
"LT","2005","N14 J_Waste","NMVOC","Gg","2.174441583"
"LT","2005","N14 K_AgriLivestock","NMVOC","Gg","11.9131734283084"
"LT","2005","N14 L_AgriOther","NMVOC","Gg","1.90065904"
"LT","2005","N14 M_Other","NMVOC","Gg","0"
"LT","2005","N14 P_IntShipping","NMVOC","Gg","0.399"
"LT","2005","N14 N_Natural","NMVOC","Gg","0.03747"
"FI","2000","N14 A_PublicPower","NMVOC","Gg","0.56440717823"
"FI","2000","N14 B_Industry","NMVOC","Gg","13.8652997157556"
"FI","2000","N14 C_OtherStatComb","NMVOC","Gg","16.022930582801"
"FI","2000","N14 D_Fugitive","NMVOC","Gg","8.818268"
"FI","2000","N14 E_Solvents","NMVOC","Gg","35.654592268"
"FI","2000","N14 F_RoadTransport","NMVOC","Gg","50.923680977472"
"FI","2000","N14 G_Shipping","NMVOC","Gg","9.19144617389356"
"FI","2000","N14 H_Aviation","NMVOC","Gg","0.176467462542694"
"FI","2000","N14 I_Offroad","NMVOC","Gg","24.5329250510494"
"FI","2000","N14 J_Waste","NMVOC","Gg","0.2176889"
"FI","2000","N14 K_AgriLivestock","NMVOC","Gg","12.6533739349265"
"FI","2000","N14 L_AgriOther","NMVOC","Gg","4.41023830176609"
"FI","2000","N14 M_Other","NMVOC","Gg","0"
"FI","2000","N14 O_AviCruise","NMVOC","Gg","0.17877230991"
"FI","2000","N14 P_IntShipping","NMVOC","Gg","1.1882"
"FI","2000","N14 N_Natural","NMVOC","Gg","0"
"FI","2000","N14 z_Memo","NMVOC","Gg","0"
"EE","1999","N14 A_PublicPower","NMVOC","Gg","0.93"
"EE","1999","N14 B_Industry","NMVOC","Gg","2.30389469"
"EE","1999","N14 C_OtherStatComb","NMVOC","Gg","6.410761"
"EE","1999","N14 D_Fugitive","NMVOC","Gg","2.74"
"EE","1999","N14 E_Solvents","NMVOC","Gg","8.419197"
"EE","1999","N14 F_RoadTransport","NMVOC","Gg","10.355255"
"EE","1999","N14 G_Shipping","NMVOC","Gg","0.039156"
"EE","1999","N14 H_Aviation","NMVOC","Gg","0.00833"
"EE","1999","N14 I_Offroad","NMVOC","Gg","0.861524"
"EE","1999","N14 J_Waste","NMVOC","Gg","1.026917"
"EE","1999","N14 K_AgriLivestock","NMVOC","Gg","3.554314"
"EE","1999","N14 L_AgriOther","NMVOC","Gg","0.362118"
"EE","1999","N14 M_Other","NMVOC","Gg","0"
"EE","1999","N14 O_AviCruise","NMVOC","Gg","0.008776"
"EE","1999","N14 P_IntShipping","NMVOC","Gg","0.3088"
"EE","1999","N14 N_Natural","NMVOC","Gg","0.33102"
"EE","1999","N14 z_Memo","NMVOC","Gg","0"
"LT","1999","N14 A_PublicPower","NMVOC","Gg","0.2753993"
"LT","1999","N14 B_Industry","NMVOC","Gg","0.257445856073697"
"LT","1999","N14 C_OtherStatComb","NMVOC","Gg","11.7683434652"
"LT","1999","N14 D_Fugitive","NMVOC","Gg","5.114902666543"
"LT","1999","N14 E_Solvents","NMVOC","Gg","19.0573813735077"
"LT","1999","N14 F_RoadTransport","NMVOC","Gg","17.827196256"
"LT","1999","N14 G_Shipping","NMVOC","Gg","0.00829678021465236"
"LT","1999","N14 H_Aviation","NMVOC","Gg","0.0014935"
"LT","1999","N14 I_Offroad","NMVOC","Gg","3.56222112247676"
"LT","1999","N14 J_Waste","NMVOC","Gg","2.30252253572"
"LT","1999","N14 K_AgriLivestock","NMVOC","Gg","12.4570229050927"
"LT","1999","N14 L_AgriOther","NMVOC","Gg","0"
"LT","1999","N14 M_Other","NMVOC","Gg","0"
"LT","1999","N14 P_IntShipping","NMVOC","Gg","0.202"
"LT","1999","N14 N_Natural","NMVOC","Gg","0.17555"
"IS","1998","N14 A_PublicPower","NMVOC","Gg","0.00029167964"
"IS","1998","N14 B_Industry","NMVOC","Gg","0.444297071851321"
"IS","1998","N14 C_OtherStatComb","NMVOC","Gg","0.002156637137"
"IS","1998","N14 D_Fugitive","NMVOC","Gg","0.224587602634276"
"IS","1998","N14 E_Solvents","NMVOC","Gg","1.441375519632"
"IS","1998","N14 F_RoadTransport","NMVOC","Gg","6.125457376"
"IS","1998","N14 G_Shipping","NMVOC","Gg","0.0179214"
"IS","1998","N14 H_Aviation","NMVOC","Gg","0.113453576663091"
"IS","1998","N14 I_Offroad","NMVOC","Gg","0.984211633"
"IS","1998","N14 J_Waste","NMVOC","Gg","0.534282076715471"
"IS","1998","N14 K_AgriLivestock","NMVOC","Gg","1.95749638982496"
"IS","1998","N14 L_AgriOther","NMVOC","Gg","6.97086393120573e-08"
"IS","1998","N14 M_Other","NMVOC","Gg","0"
"IS","1998","N14 O_AviCruise","NMVOC","Gg","0.145810968336909"
"IS","1998","N14 P_IntShipping","NMVOC","Gg","0.0454256"
"IS","1998","N14 N_Natural","NMVOC","Gg","0"
"IS","1998","N14 z_Memo","NMVOC","Gg","0"
"PT","2003","N14 A_PublicPower","NMVOC","Gg","0.673528181211605"
"PT","2003","N14 B_Industry","NMVOC","Gg","25.784742620323"
"PT","2003","N14 C_OtherStatComb","NMVOC","Gg","19.9867122770188"
"PT","2003","N14 D_Fugitive","NMVOC","Gg","12.9542661091357"
"PT","2003","N14 E_Solvents","NMVOC","Gg","100.236514645012"
"PT","2003","N14 F_RoadTransport","NMVOC","Gg","48.2066353579513"
"PT","2003","N14 G_Shipping","NMVOC","Gg","0.18013520963049"
"PT","2003","N14 H_Aviation","NMVOC","Gg","0.766203047226681"
"PT","2003","N14 I_Offroad","NMVOC","Gg","0.757803705277542"
"PT","2003","N14 J_Waste","NMVOC","Gg","2.47147342486296"
"PT","2003","N14 K_AgriLivestock","NMVOC","Gg","8.8276088104474"
"PT","2003","N14 L_AgriOther","NMVOC","Gg","7.205476638039"
"PT","2003","N14 M_Other","NMVOC","Gg","0"
"PT","2003","N14 O_AviCruise","NMVOC","Gg","0.343851208812111"
"PT","2003","N14 P_IntShipping","NMVOC","Gg","1.32903833032051"
"PT","2003","N14 N_Natural","NMVOC","Gg","564.595192694532"
"PT","2003","N14 z_Memo","NMVOC","Gg","0"
"PT","1991","N14 A_PublicPower","NMVOC","Gg","0.394626562105141"
"PT","1991","N14 B_Industry","NMVOC","Gg","17.1374435412403"
"PT","1991","N14 C_OtherStatComb","NMVOC","Gg","28.1289903463565"
"PT","1991","N14 D_Fugitive","NMVOC","Gg","8.76827044776439"
"PT","1991","N14 E_Solvents","NMVOC","Gg","84.9742988724287"
"PT","1991","N14 F_RoadTransport","NMVOC","Gg","96.0975807887034"
"PT","1991","N14 G_Shipping","NMVOC","Gg","0.226763444480205"
"PT","1991","N14 H_Aviation","NMVOC","Gg","1.16662854728255"
"PT","1991","N14 I_Offroad","NMVOC","Gg","1.4321321565181"
"PT","1991","N14 J_Waste","NMVOC","Gg","1.42439190030672"
"PT","1991","N14 K_AgriLivestock","NMVOC","Gg","10.3957637171834"
"PT","1991","N14 L_AgriOther","NMVOC","Gg","8.15153239564217"
"PT","1991","N14 M_Other","NMVOC","Gg","0"
"PT","1991","N14 O_AviCruise","NMVOC","Gg","0.323658230293257"
"PT","1991","N14 P_IntShipping","NMVOC","Gg","1.21662598062319"
"PT","1991","N14 N_Natural","NMVOC","Gg","519.475153470918"
"PT","1991","N14 z_Memo","NMVOC","Gg","0"
"CZ","1999","N14 A_PublicPower","NMVOC","Gg","6.283353802"
"CZ","1999","N14 B_Industry","NMVOC","Gg","6.03605723899999"
"CZ","1999","N14 C_OtherStatComb","NMVOC","Gg","86.1303396612359"
"CZ","1999","N14 D_Fugitive","NMVOC","Gg","12.838247368"
"CZ","1999","N14 E_Solvents","NMVOC","Gg","118.782669128129"
"CZ","1999","N14 F_RoadTransport","NMVOC","Gg","53.1714205278305"
"CZ","1999","N14 G_Shipping","NMVOC","Gg","0.032794146"
"CZ","1999","N14 H_Aviation","NMVOC","Gg","0.0471785"
"CZ","1999","N14 I_Offroad","NMVOC","Gg","8.50741858658348"
"CZ","1999","N14 J_Waste","NMVOC","Gg","0.202408353273"
"CZ","1999","N14 K_AgriLivestock","NMVOC","Gg","0"
"CZ","1999","N14 L_AgriOther","NMVOC","Gg","0"
"CZ","1999","N14 M_Other","NMVOC","Gg","0"
"CZ","1999","N14 O_AviCruise","NMVOC","Gg","0.284686500000001"
"CZ","1999","N14 P_IntShipping","NMVOC","Gg","0"
"CZ","1999","N14 N_Natural","NMVOC","Gg","0.168"
"CZ","1999","N14 z_Memo","NMVOC","Gg","53.7433053638305"
"GB","1995","N14 A_PublicPower","NMVOC","Gg","7.491033841834"
"GB","1995","N14 B_Industry","NMVOC","Gg","256.692537379973"
"GB","1995","N14 C_OtherStatComb","NMVOC","Gg","38.888771376923"
"GB","1995","N14 D_Fugitive","NMVOC","Gg","573.33283508511"
"GB","1995","N14 E_Solvents","NMVOC","Gg","505.900416301547"
"GB","1995","N14 F_RoadTransport","NMVOC","Gg","746.334739613569"
"GB","1995","N14 G_Shipping","NMVOC","Gg","7.703217695655"
"GB","1995","N14 H_Aviation","NMVOC","Gg","3.902258145699"
"GB","1995","N14 I_Offroad","NMVOC","Gg","56.968829463572"
"GB","1995","N14 J_Waste","NMVOC","Gg","15.894576565072"
"GB","1995","N14 K_AgriLivestock","NMVOC","Gg","92.49619926769"
"GB","1995","N14 L_AgriOther","NMVOC","Gg","8.041787459044"
"GB","1995","N14 M_Other","NMVOC","Gg","0.927037296501"
"GB","1995","N14 O_AviCruise","NMVOC","Gg","1.761851375347"
"GB","1995","N14 P_IntShipping","NMVOC","Gg","6.52357013119"
"GB","1995","N14 N_Natural","NMVOC","Gg","93.471617647059"
"GB","1995","N14 z_Memo","NMVOC","Gg","669.487663355645"
"PT","2002","N14 A_PublicPower","NMVOC","Gg","0.836879877024574"
"PT","2002","N14 B_Industry","NMVOC","Gg","25.7967210537688"
"PT","2002","N14 C_OtherStatComb","NMVOC","Gg","20.8722669704979"
"PT","2002","N14 D_Fugitive","NMVOC","Gg","12.4561446603211"
"PT","2002","N14 E_Solvents","NMVOC","Gg","103.80489986551"
"PT","2002","N14 F_RoadTransport","NMVOC","Gg","54.0521800271639"
"PT","2002","N14 G_Shipping","NMVOC","Gg","0.178860592480224"
"PT","2002","N14 H_Aviation","NMVOC","Gg","0.733370720691584"
"PT","2002","N14 I_Offroad","NMVOC","Gg","0.915509686745167"
"PT","2002","N14 J_Waste","NMVOC","Gg","2.34814446045693"
"PT","2002","N14 K_AgriLivestock","NMVOC","Gg","9.37414548540737"
"PT","2002","N14 L_AgriOther","NMVOC","Gg","7.51317773480736"
"PT","2002","N14 M_Other","NMVOC","Gg","0"
"PT","2002","N14 O_AviCruise","NMVOC","Gg","0.320761209904946"
"PT","2002","N14 P_IntShipping","NMVOC","Gg","1.07620258080578"
"PT","2002","N14 N_Natural","NMVOC","Gg","528.841219765084"
"PT","2002","N14 z_Memo","NMVOC","Gg","0"
"HU","2009","N14 A_PublicPower","NMVOC","Gg","2.79778065817611"
"HU","2009","N14 B_Industry","NMVOC","Gg","12.1670305972386"
"HU","2009","N14 C_OtherStatComb","NMVOC","Gg","31.1463578075"
"HU","2009","N14 D_Fugitive","NMVOC","Gg","3.24377041665833"
"HU","2009","N14 E_Solvents","NMVOC","Gg","42.8763533337277"
"HU","2009","N14 F_RoadTransport","NMVOC","Gg","28.1460861799662"
"HU","2009","N14 G_Shipping","NMVOC","Gg","0.0196"
"HU","2009","N14 H_Aviation","NMVOC","Gg","0.00384957118416367"
"HU","2009","N14 I_Offroad","NMVOC","Gg","2.05211343079259"
"HU","2009","N14 J_Waste","NMVOC","Gg","2.3654079375188"
"HU","2009","N14 K_AgriLivestock","NMVOC","Gg","21.4749407441875"
"HU","2009","N14 L_AgriOther","NMVOC","Gg","3.66333512"
"HU","2009","N14 M_Other","NMVOC","Gg","0"
"HU","2009","N14 O_AviCruise","NMVOC","Gg","0.00920007387866278"
"HU","2009","N14 P_IntShipping","NMVOC","Gg","0"
"HU","2009","N14 N_Natural","NMVOC","Gg","0"
"HU","2009","N14 z_Memo","NMVOC","Gg","0"
"MD","2001","N14 A_PublicPower","NMVOC","Gg","0.1688956308"
"MD","2001","N14 B_Industry","NMVOC","Gg","3.44886656"
"MD","2001","N14 C_OtherStatComb","NMVOC","Gg","2.00819594002"
"MD","2001","N14 D_Fugitive","NMVOC","Gg","0"
"MD","2001","N14 E_Solvents","NMVOC","Gg","14.52118"
"MD","2001","N14 F_RoadTransport","NMVOC","Gg","1.26029144697895"
"MD","2001","N14 G_Shipping","NMVOC","Gg","0.0001568"
"MD","2001","N14 H_Aviation","NMVOC","Gg","0.000608"
"MD","2001","N14 K_AgriLivestock","NMVOC","Gg","12.0374729592"
"MD","2001","N14 L_AgriOther","NMVOC","Gg","1.4732770178"
"PT","2014","N14 A_PublicPower","NMVOC","Gg","1.55910480015442"
"PT","2014","N14 B_Industry","NMVOC","Gg","31.1009529448298"
"PT","2014","N14 C_OtherStatComb","NMVOC","Gg","14.990857267429"
"PT","2014","N14 D_Fugitive","NMVOC","Gg","8.28713752800431"
"PT","2014","N14 E_Solvents","NMVOC","Gg","77.1224652619745"
"PT","2014","N14 F_RoadTransport","NMVOC","Gg","19.149698340659"
"PT","2014","N14 G_Shipping","NMVOC","Gg","0.230895124616902"
"PT","2014","N14 H_Aviation","NMVOC","Gg","0.445623043921833"
"PT","2014","N14 I_Offroad","NMVOC","Gg","0.684639156982004"
"PT","2014","N14 J_Waste","NMVOC","Gg","2.26633345223834"
"PT","2014","N14 K_AgriLivestock","NMVOC","Gg","7.26393724908908"
"PT","2014","N14 L_AgriOther","NMVOC","Gg","6.44594692230202"
"PT","2014","N14 M_Other","NMVOC","Gg","0"
"PT","2014","N14 O_AviCruise","NMVOC","Gg","0.476888123756908"
"PT","2014","N14 P_IntShipping","NMVOC","Gg","1.71433855166467"
"PT","2014","N14 N_Natural","NMVOC","Gg","528.830832180064"
"PT","2014","N14 z_Memo","NMVOC","Gg","0"
"BE","2001","N14 A_PublicPower","NMVOC","Gg","0.538194088137944"
"BE","2001","N14 B_Industry","NMVOC","Gg","27.0733347879299"
"BE","2001","N14 C_OtherStatComb","NMVOC","Gg","11.7825052880482"
"BE","2001","N14 D_Fugitive","NMVOC","Gg","21.5364819953758"
"BE","2001","N14 E_Solvents","NMVOC","Gg","77.9684037698171"
"BE","2001","N14 F_RoadTransport","NMVOC","Gg","32.0728561691571"
"BE","2001","N14 G_Shipping","NMVOC","Gg","0.379555235518959"
"BE","2001","N14 H_Aviation","NMVOC","Gg","0.161974719921103"
"BE","2001","N14 I_Offroad","NMVOC","Gg","5.81409484418365"
"BE","2001","N14 J_Waste","NMVOC","Gg","2.32255053956404"
"BE","2001","N14 K_AgriLivestock","NMVOC","Gg","27.4709748241356"
"BE","2001","N14 L_AgriOther","NMVOC","Gg","1.2181622398"
"BE","2001","N14 M_Other","NMVOC","Gg","0"
"BE","2001","N14 O_AviCruise","NMVOC","Gg","0.422965613840272"
"BE","2001","N14 P_IntShipping","NMVOC","Gg","1.06258745795077"
"BE","2001","N14 N_Natural","NMVOC","Gg","48.4881460888"
"BE","2001","N14 z_Memo","NMVOC","Gg","27.4016447462217"
"IE","1994","N14 A_PublicPower","NMVOC","Gg","0.239005560845245"
"IE","1994","N14 B_Industry","NMVOC","Gg","11.4054729526306"
"IE","1994","N14 C_OtherStatComb","NMVOC","Gg","20.5642224079477"
"IE","1994","N14 D_Fugitive","NMVOC","Gg","4.02526285844873"
"IE","1994","N14 E_Solvents","NMVOC","Gg","23.7726134660629"
"IE","1994","N14 F_RoadTransport","NMVOC","Gg","31.559872144877"
"IE","1994","N14 G_Shipping","NMVOC","Gg","0.0899"
"IE","1994","N14 H_Aviation","NMVOC","Gg","0.100657263334374"
"IE","1994","N14 I_Offroad","NMVOC","Gg","1.67237288914752"
"IE","1994","N14 J_Waste","NMVOC","Gg","1.18791966924657"
"IE","1994","N14 K_AgriLivestock","NMVOC","Gg","38.6147398578617"
"IE","1994","N14 L_AgriOther","NMVOC","Gg","3.776002"
"IE","1994","N14 M_Other","NMVOC","Gg","0"
"IE","1994","N14 O_AviCruise","NMVOC","Gg","0.146177566565844"
"IE","1994","N14 P_IntShipping","NMVOC","Gg","0.1072"
"IE","1994","N14 N_Natural","NMVOC","Gg","0"
"IE","1994","N14 z_Memo","NMVOC","Gg","32.4310686839583"
"BE","1994","N14 A_PublicPower","NMVOC","Gg","0.244729306187362"
"BE","1994","N14 B_Industry","NMVOC","Gg","34.7927314491992"
"BE","1994","N14 C_OtherStatComb","NMVOC","Gg","14.1098190020267"
"BE","1994","N14 D_Fugitive","NMVOC","Gg","33.6026450726988"
"BE","1994","N14 E_Solvents","NMVOC","Gg","89.6351174326026"
"BE","1994","N14 F_RoadTransport","NMVOC","Gg","67.8713656720462"
"BE","1994","N14 G_Shipping","NMVOC","Gg","0.324711018947732"
"BE","1994","N14 H_Aviation","NMVOC","Gg","0.107290005022059"
"BE","1994","N14 I_Offroad","NMVOC","Gg","6.25629969112697"
"BE","1994","N14 J_Waste","NMVOC","Gg","2.78971365877428"
"BE","1994","N14 K_AgriLivestock","NMVOC","Gg","28.41688350019"
"BE","1994","N14 L_AgriOther","NMVOC","Gg","1.1658199904"
"BE","1994","N14 M_Other","NMVOC","Gg","0"
"BE","1994","N14 O_AviCruise","NMVOC","Gg","0.16601888065954"
"BE","1994","N14 P_IntShipping","NMVOC","Gg","1.16750773282312"
"BE","1994","N14 N_Natural","NMVOC","Gg","52.876222684"
"BE","1994","N14 z_Memo","NMVOC","Gg","56.4269986674278"
"EU12","1990","N14 A_PublicPower","NMVOC","Gg","21.3029479197573"
"EU12","1990","N14 B_Industry","NMVOC","Gg","763.307378534894"
"EU12","1990","N14 C_OtherStatComb","NMVOC","Gg","1225.90384722999"
"EU12","1990","N14 D_Fugitive","NMVOC","Gg","1460.86898011481"
"EU12","1990","N14 E_Solvents","NMVOC","Gg","3918.22607814998"
"EU12","1990","N14 F_RoadTransport","NMVOC","Gg","4652.06815347626"
"EU12","1990","N14 G_Shipping","NMVOC","Gg","76.3491689886839"
"EU12","1990","N14 H_Aviation","NMVOC","Gg","13.4676852375001"
"EU12","1990","N14 I_Offroad","NMVOC","Gg","340.612166798839"
"EU12","1990","N14 J_Waste","NMVOC","Gg","54.9234526862298"
"EU12","1990","N14 K_AgriLivestock","NMVOC","Gg","687.084511904281"
"EU12","1990","N14 L_AgriOther","NMVOC","Gg","205.386462537573"
"EU12","1990","N14 M_Other","NMVOC","Gg","1.242815475527"
"EU12","1990","N14 O_AviCruise","NMVOC","Gg","7.42712330799473"
"EU12","1990","N14 P_IntShipping","NMVOC","Gg","35.0770585880106"
"EU12","1990","N14 N_Natural","NMVOC","Gg","1917.12043058636"
"EU12","1990","N14 z_Memo","NMVOC","Gg","1447.95698572762"
"HR","1991","N14 A_PublicPower","NMVOC","Gg","0.448309705326"
"HR","1991","N14 B_Industry","NMVOC","Gg","23.4962175832856"
"HR","1991","N14 C_OtherStatComb","NMVOC","Gg","26.91719953298"
"HR","1991","N14 D_Fugitive","NMVOC","Gg","3.821873260351"
"HR","1991","N14 E_Solvents","NMVOC","Gg","41.6374684017072"
"HR","1991","N14 F_RoadTransport","NMVOC","Gg","27.0482329950318"
"HR","1991","N14 G_Shipping","NMVOC","Gg","0.3175421498459"
"HR","1991","N14 H_Aviation","NMVOC","Gg","0.013323143935"
"HR","1991","N14 I_Offroad","NMVOC","Gg","3.03790121739802"
"HR","1991","N14 J_Waste","NMVOC","Gg","1.66084306244"
"HR","1991","N14 K_AgriLivestock","NMVOC","Gg","11.7781469275"
"HR","1991","N14 L_AgriOther","NMVOC","Gg","2.6220669"
"HR","1991","N14 M_Other","NMVOC","Gg","0"
"HR","1991","N14 O_AviCruise","NMVOC","Gg","0.01216344527"
"HR","1991","N14 P_IntShipping","NMVOC","Gg","0.0631002106"
"HR","1991","N14 N_Natural","NMVOC","Gg","1.1415"
"HR","1991","N14 z_Memo","NMVOC","Gg","0"
"SK","2007","N14 A_PublicPower","NMVOC","Gg","0.133698525"
"SK","2007","N14 B_Industry","NMVOC","Gg","6.717289599"
"SK","2007","N14 C_OtherStatComb","NMVOC","Gg","58.3949511855233"
"SK","2007","N14 D_Fugitive","NMVOC","Gg","6.5722948682955"
"SK","2007","N14 E_Solvents","NMVOC","Gg","47.5476010411458"
"SK","2007","N14 F_RoadTransport","NMVOC","Gg","15.6432659113133"
"SK","2007","N14 G_Shipping","NMVOC","Gg","0.0276553398618947"
"SK","2007","N14 H_Aviation","NMVOC","Gg","0.000846261121832339"
"SK","2007","N14 I_Offroad","NMVOC","Gg","0.866258077385284"
"SK","2007","N14 J_Waste","NMVOC","Gg","1.08029894911055"
"SK","2007","N14 K_AgriLivestock","NMVOC","Gg","5.48169893595421"
"SK","2007","N14 L_AgriOther","NMVOC","Gg","2.12901812248225"
"SK","2007","N14 M_Other","NMVOC","Gg","0"
"SK","2007","N14 O_AviCruise","NMVOC","Gg","0.0022956283361619"
"SK","2007","N14 P_IntShipping","NMVOC","Gg","0"
"SK","2007","N14 N_Natural","NMVOC","Gg","0.340035"
"SK","2007","N14 z_Memo","NMVOC","Gg","0"
"FR","2002","N14 A_PublicPower","NMVOC","Gg","1.14955304858953"
"FR","2002","N14 B_Industry","NMVOC","Gg","83.4413803211148"
"FR","2002","N14 C_OtherStatComb","NMVOC","Gg","312.915320340867"
"FR","2002","N14 D_Fugitive","NMVOC","Gg","56.6449779556705"
"FR","2002","N14 E_Solvents","NMVOC","Gg","536.600855343007"
"FR","2002","N14 F_RoadTransport","NMVOC","Gg","349.376794116294"
"FR","2002","N14 G_Shipping","NMVOC","Gg","21.1254488928508"
"FR","2002","N14 H_Aviation","NMVOC","Gg","1.40577015385003"
"FR","2002","N14 I_Offroad","NMVOC","Gg","54.5354879831559"
"FR","2002","N14 J_Waste","NMVOC","Gg","12.6749473868123"
"FR","2002","N14 K_AgriLivestock","NMVOC","Gg","0"
"FR","2002","N14 L_AgriOther","NMVOC","Gg","2.47151442196528"
"FR","2002","N14 M_Other","NMVOC","Gg","0"
"FR","2002","N14 O_AviCruise","NMVOC","Gg","1.984675468552"
"FR","2002","N14 P_IntShipping","NMVOC","Gg","6.65833522103792"
"FR","2002","N14 N_Natural","NMVOC","Gg","109.576533539311"
"FR","2002","N14 z_Memo","NMVOC","Gg","1406.18464580843"
"IE","2004","N14 A_PublicPower","NMVOC","Gg","0.375358357212356"
"IE","2004","N14 B_Industry","NMVOC","Gg","16.3809710915804"
"IE","2004","N14 C_OtherStatComb","NMVOC","Gg","11.1237728756916"
"IE","2004","N14 D_Fugitive","NMVOC","Gg","6.24805701497343"
"IE","2004","N14 E_Solvents","NMVOC","Gg","23.3002587305457"
"IE","2004","N14 F_RoadTransport","NMVOC","Gg","15.9744103988078"
"IE","2004","N14 G_Shipping","NMVOC","Gg","0.197099700143931"
"IE","2004","N14 H_Aviation","NMVOC","Gg","0.135235869454912"
"IE","2004","N14 I_Offroad","NMVOC","Gg","1.29394891987083"
"IE","2004","N14 J_Waste","NMVOC","Gg","1.03047372044459"
"IE","2004","N14 K_AgriLivestock","NMVOC","Gg","39.7491923618424"
"IE","2004","N14 L_AgriOther","NMVOC","Gg","3.7023"
"IE","2004","N14 M_Other","NMVOC","Gg","0"
"IE","2004","N14 O_AviCruise","NMVOC","Gg","0.290133735531707"
"IE","2004","N14 P_IntShipping","NMVOC","Gg","0.4151"
"IE","2004","N14 N_Natural","NMVOC","Gg","0"
"IE","2004","N14 z_Memo","NMVOC","Gg","15.4002403398984"
"EU28","2005","N14 A_PublicPower","NMVOC","Gg","43.2716001110443"
"EU28","2005","N14 B_Industry","NMVOC","Gg","721.922930509949"
"EU28","2005","N14 C_OtherStatComb","NMVOC","Gg","1101.68236744867"
"EU28","2005","N14 D_Fugitive","NMVOC","Gg","737.110923273882"
"EU28","2005","N14 E_Solvents","NMVOC","Gg","3446.4209029636"
"EU28","2005","N14 F_RoadTransport","NMVOC","Gg","1649.41339496143"
"EU28","2005","N14 G_Shipping","NMVOC","Gg","94.2708043674924"
"EU28","2005","N14 H_Aviation","NMVOC","Gg","9.11101136786065"
"EU28","2005","N14 I_Offroad","NMVOC","Gg","327.852373342641"
"EU28","2005","N14 J_Waste","NMVOC","Gg","96.9243427561404"
"EU28","2005","N14 K_AgriLivestock","NMVOC","Gg","877.143408724258"
"EU28","2005","N14 L_AgriOther","NMVOC","Gg","223.111405815415"
"EU28","2005","N14 M_Other","NMVOC","Gg","1.945429907529"
"EU28","2005","N14 O_AviCruise","NMVOC","Gg","11.056015476551"
"EU28","2005","N14 P_IntShipping","NMVOC","Gg","55.6510225487072"
"EU28","2005","N14 N_Natural","NMVOC","Gg","2381.82886418793"
"EU28","2005","N14 z_Memo","NMVOC","Gg","1558.81705350916"
"ES","2004","N14 A_PublicPower","NMVOC","Gg","1.58066977442348"
"ES","2004","N14 B_Industry","NMVOC","Gg","86.9130937323401"
"ES","2004","N14 C_OtherStatComb","NMVOC","Gg","34.974844508"
"ES","2004","N14 D_Fugitive","NMVOC","Gg","28.737262077196"
"ES","2004","N14 E_Solvents","NMVOC","Gg","384.096470459"
"ES","2004","N14 F_RoadTransport","NMVOC","Gg","121.290655365"
"ES","2004","N14 G_Shipping","NMVOC","Gg","2.866320414"
"ES","2004","N14 H_Aviation","NMVOC","Gg","0.575859734853892"
"ES","2004","N14 I_Offroad","NMVOC","Gg","17.222500948"
"ES","2004","N14 J_Waste","NMVOC","Gg","6.026493202565"
"ES","2004","N14 K_AgriLivestock","NMVOC","Gg","57.237114579"
"ES","2004","N14 L_AgriOther","NMVOC","Gg","89.056006901"
"ES","2004","N14 M_Other","NMVOC","Gg","0"
"ES","2004","N14 O_AviCruise","NMVOC","Gg","1.03292655556565"
"ES","2004","N14 P_IntShipping","NMVOC","Gg","17.2000801"
"ES","2004","N14 N_Natural","NMVOC","Gg","0"
"ES","2004","N14 z_Memo","NMVOC","Gg","0"
"GR","1993","N14 A_PublicPower","NMVOC","Gg","1.49998857295559"
"GR","1993","N14 B_Industry","NMVOC","Gg","17.6677194911915"
"GR","1993","N14 C_OtherStatComb","NMVOC","Gg","9.524973649"
"GR","1993","N14 D_Fugitive","NMVOC","Gg","16.7320275"
"GR","1993","N14 E_Solvents","NMVOC","Gg","90.9778436673759"
"GR","1993","N14 F_RoadTransport","NMVOC","Gg","161.359919029558"
"GR","1993","N14 G_Shipping","NMVOC","Gg","1.5227"
"GR","1993","N14 H_Aviation","NMVOC","Gg","0.00977396919632449"
"GR","1993","N14 I_Offroad","NMVOC","Gg","9.25380848"
"GR","1993","N14 J_Waste","NMVOC","Gg","2.31987240047355"
"GR","1993","N14 K_AgriLivestock","NMVOC","Gg","15.406011947652"
"GR","1993","N14 L_AgriOther","NMVOC","Gg","3.608546171445"
"GR","1993","N14 M_Other","NMVOC","Gg","0"
"GR","1993","N14 O_AviCruise","NMVOC","Gg","0.0168223741813092"
"GR","1993","N14 P_IntShipping","NMVOC","Gg","8.6092"
"TR","1999","N14 A_PublicPower","NMVOC","Gg","1.368154291215"
"TR","1999","N14 B_Industry","NMVOC","Gg","119.053653326945"
"TR","1999","N14 C_OtherStatComb","NMVOC","Gg","234.935424554406"
"TR","1999","N14 D_Fugitive","NMVOC","Gg","0"
"TR","1999","N14 E_Solvents","NMVOC","Gg","212.162231295615"
"TR","1999","N14 F_RoadTransport","NMVOC","Gg","35.2415031738523"
"TR","1999","N14 G_Shipping","NMVOC","Gg","0.5562"
"TR","1999","N14 H_Aviation","NMVOC","Gg","1.67522815317424"
"TR","1999","N14 I_Offroad","NMVOC","Gg","1.0036164"
"TR","1999","N14 J_Waste","NMVOC","Gg","38.1625268342059"
"TR","1999","N14 K_AgriLivestock","NMVOC","Gg","169.375104551"
"TR","1999","N14 L_AgriOther","NMVOC","Gg","186.575160753"
"TR","1999","N14 M_Other","NMVOC","Gg","0"
"TR","1999","N14 O_AviCruise","NMVOC","Gg","0.460064913123174"
"TR","1999","N14 P_IntShipping","NMVOC","Gg","0"
"TR","1999","N14 N_Natural","NMVOC","Gg","0"
"GB","2015","N14 A_PublicPower","NMVOC","Gg","2.280191196007"
"GB","2015","N14 B_Industry","NMVOC","Gg","126.694326553532"
"GB","2015","N14 C_OtherStatComb","NMVOC","Gg","44.687004953351"
"GB","2015","N14 D_Fugitive","NMVOC","Gg","145.356938167806"
"GB","2015","N14 E_Solvents","NMVOC","Gg","317.877495882401"
"GB","2015","N14 F_RoadTransport","NMVOC","Gg","37.0791719990618"
"GB","2015","N14 G_Shipping","NMVOC","Gg","8.356260184248"
"GB","2015","N14 H_Aviation","NMVOC","Gg","1.672365714189"
"GB","2015","N14 I_Offroad","NMVOC","Gg","25.18310802539"
"GB","2015","N14 J_Waste","NMVOC","Gg","6.640185677083"
"GB","2015","N14 K_AgriLivestock","NMVOC","Gg","89.517777401872"
"GB","2015","N14 L_AgriOther","NMVOC","Gg","7.861835627243"
"GB","2015","N14 M_Other","NMVOC","Gg","1.533934099406"
"GB","2015","N14 O_AviCruise","NMVOC","Gg","1.614770054543"
"GB","2015","N14 P_IntShipping","NMVOC","Gg","7.587873426773"
"GB","2015","N14 N_Natural","NMVOC","Gg","91.69298372549"
"GB","2015","N14 z_Memo","NMVOC","Gg","34.901215729688"
"GB","2016","N14 A_PublicPower","NMVOC","Gg","1.985987645827"
"GB","2016","N14 B_Industry","NMVOC","Gg","127.896576664218"
"GB","2016","N14 C_OtherStatComb","NMVOC","Gg","46.107406335327"
"GB","2016","N14 D_Fugitive","NMVOC","Gg","130.05074342596"
"GB","2016","N14 E_Solvents","NMVOC","Gg","319.207482526782"
"GB","2016","N14 F_RoadTransport","NMVOC","Gg","34.6646360063224"
"GB","2016","N14 G_Shipping","NMVOC","Gg","8.682656777888"
"GB","2016","N14 H_Aviation","NMVOC","Gg","1.681088486023"
"GB","2016","N14 I_Offroad","NMVOC","Gg","24.097423419806"
"GB","2016","N14 J_Waste","NMVOC","Gg","6.531871102971"
"GB","2016","N14 K_AgriLivestock","NMVOC","Gg","90.805779513413"
"GB","2016","N14 L_AgriOther","NMVOC","Gg","8.058355764838"
"GB","2016","N14 M_Other","NMVOC","Gg","1.533934099406"
"GB","2016","N14 O_AviCruise","NMVOC","Gg","1.541335274341"
"GB","2016","N14 P_IntShipping","NMVOC","Gg","8.031731096131"
"GB","2016","N14 N_Natural","NMVOC","Gg","91.69298372549"
"GB","2016","N14 z_Memo","NMVOC","Gg","32.111669509971"
"EU09","2013","N14 A_PublicPower","NMVOC","Gg","19.8606133040263"
"EU09","2013","N14 B_Industry","NMVOC","Gg","337.574098320646"
"EU09","2013","N14 C_OtherStatComb","NMVOC","Gg","515.101198288572"
"EU09","2013","N14 D_Fugitive","NMVOC","Gg","342.991810549186"
"EU09","2013","N14 E_Solvents","NMVOC","Gg","1758.69189544486"
"EU09","2013","N14 F_RoadTransport","NMVOC","Gg","419.635252905007"
"EU09","2013","N14 G_Shipping","NMVOC","Gg","38.4983397510299"
"EU09","2013","N14 H_Aviation","NMVOC","Gg","5.24626574578127"
"EU09","2013","N14 I_Offroad","NMVOC","Gg","107.875446326005"
"EU09","2013","N14 J_Waste","NMVOC","Gg","32.0974242365577"
"EU09","2013","N14 K_AgriLivestock","NMVOC","Gg","557.157938933714"
"EU09","2013","N14 L_AgriOther","NMVOC","Gg","77.5304275430119"
"EU09","2013","N14 M_Other","NMVOC","Gg","1.961246608888"
"EU09","2013","N14 O_AviCruise","NMVOC","Gg","7.92460450900582"
"EU09","2013","N14 P_IntShipping","NMVOC","Gg","26.6971865644751"
"EU09","2013","N14 N_Natural","NMVOC","Gg","1600.44447290787"
"EU09","2013","N14 z_Memo","NMVOC","Gg","1490.82977118721"
"CZ","2002","N14 A_PublicPower","NMVOC","Gg","6.263605283"
"CZ","2002","N14 B_Industry","NMVOC","Gg","4.59698709424999"
"CZ","2002","N14 C_OtherStatComb","NMVOC","Gg","88.4610283402948"
"CZ","2002","N14 D_Fugitive","NMVOC","Gg","13.67063181"
"CZ","2002","N14 E_Solvents","NMVOC","Gg","102.38477057497"
"CZ","2002","N14 F_RoadTransport","NMVOC","Gg","42.8020916571905"
"CZ","2002","N14 G_Shipping","NMVOC","Gg","0.018739512"
"CZ","2002","N14 H_Aviation","NMVOC","Gg","0.05001825"
"CZ","2002","N14 I_Offroad","NMVOC","Gg","6.610049416"
"CZ","2002","N14 J_Waste","NMVOC","Gg","11.822827293732"
"CZ","2002","N14 K_AgriLivestock","NMVOC","Gg","0"
"CZ","2002","N14 L_AgriOther","NMVOC","Gg","0"
"CZ","2002","N14 M_Other","NMVOC","Gg","0"
"CZ","2002","N14 O_AviCruise","NMVOC","Gg","0.309449250000001"
"CZ","2002","N14 P_IntShipping","NMVOC","Gg","0"
"CZ","2002","N14 N_Natural","NMVOC","Gg","0.089"
"CZ","2002","N14 z_Memo","NMVOC","Gg","43.3112279511905"
"BG","2017","N14 A_PublicPower","NMVOC","Gg","0.039758176"
"BG","2017","N14 B_Industry","NMVOC","Gg","6.458508443166"
"BG","2017","N14 C_OtherStatComb","NMVOC","Gg","22.3040929831039"
"BG","2017","N14 D_Fugitive","NMVOC","Gg","8.591060682"
"BG","2017","N14 E_Solvents","NMVOC","Gg","14.7544633465"
"BG","2017","N14 F_RoadTransport","NMVOC","Gg","9.52650636998498"
"BG","2017","N14 G_Shipping","NMVOC","Gg","0.22905322712"
"BG","2017","N14 H_Aviation","NMVOC","Gg","0.0227175"
"BG","2017","N14 I_Offroad","NMVOC","Gg","0.530706485941177"
"BG","2017","N14 J_Waste","NMVOC","Gg","2.81756777404705"
"BG","2017","N14 K_AgriLivestock","NMVOC","Gg","8.8300972135"
"BG","2017","N14 L_AgriOther","NMVOC","Gg","3.12704769869524"
"BG","2017","N14 M_Other","NMVOC","Gg","0"
"BG","2017","N14 O_AviCruise","NMVOC","Gg","0.1178554"
"BG","2017","N14 P_IntShipping","NMVOC","Gg","0"
"MT","2005","N14 A_PublicPower","NMVOC","Gg","0.055482020161"
"MT","2005","N14 B_Industry","NMVOC","Gg","0.142358911115511"
"MT","2005","N14 C_OtherStatComb","NMVOC","Gg","0.0143048258057694"
"MT","2005","N14 D_Fugitive","NMVOC","Gg","0.138"
"MT","2005","N14 E_Solvents","NMVOC","Gg","0.49041768"
"MT","2005","N14 F_RoadTransport","NMVOC","Gg","1.89589902296987"
"MT","2005","N14 G_Shipping","NMVOC","Gg","0.0112669684385796"
"MT","2005","N14 H_Aviation","NMVOC","Gg","0.02513907"
"MT","2005","N14 I_Offroad","NMVOC","Gg","8.25550144498285e-05"
"MT","2005","N14 J_Waste","NMVOC","Gg","0.391033664215356"
"MT","2005","N14 K_AgriLivestock","NMVOC","Gg","0.558271415967656"
"MT","2005","N14 L_AgriOther","NMVOC","Gg","0.000277845554893617"
"MT","2005","N14 M_Other","NMVOC","Gg","0.003666"
"MT","2005","N14 O_AviCruise","NMVOC","Gg","0.007503908"
"MT","2005","N14 P_IntShipping","NMVOC","Gg","5.89595363437808e-12"
"MC","2000","N14 A_PublicPower","NMVOC","Gg","0.000187623903507425"
"MC","2000","N14 B_Industry","NMVOC","Gg","3.2728e-05"
"MC","2000","N14 C_OtherStatComb","NMVOC","Gg","0.000589168994075751"
"MC","2000","N14 D_Fugitive","NMVOC","Gg","8.38571428571429e-05"
"MC","2000","N14 E_Solvents","NMVOC","Gg","0.0902559010780984"
"MC","2000","N14 F_RoadTransport","NMVOC","Gg","0.265748458284165"
"MC","2000","N14 G_Shipping","NMVOC","Gg","0.0189659274188563"
"MC","2000","N14 H_Aviation","NMVOC","Gg","0.0252358912"
"MC","2000","N14 I_Offroad","NMVOC","Gg","0.0125964802838625"
"MC","2000","N14 J_Waste","NMVOC","Gg","0.000107384025"
"MC","2000","N14 K_AgriLivestock","NMVOC","Gg","0"
"MC","2000","N14 L_AgriOther","NMVOC","Gg","0"
"MC","2000","N14 M_Other","NMVOC","Gg","0"
"MC","2000","N14 O_AviCruise","NMVOC","Gg","0"
"MC","2000","N14 P_IntShipping","NMVOC","Gg","0.0571589790472049"
"MC","2000","N14 N_Natural","NMVOC","Gg","0"
"MC","2000","N14 z_Memo","NMVOC","Gg","0"
"KZ","2011","N14 A_PublicPower","NMVOC","Gg","4.963307268138"
"KZ","2011","N14 B_Industry","NMVOC","Gg","12.6992357025354"
"KZ","2011","N14 C_OtherStatComb","NMVOC","Gg","55.823274656296"
"KZ","2011","N14 D_Fugitive","NMVOC","Gg","0"
"KZ","2011","N14 E_Solvents","NMVOC","Gg","30.365218886802"
"KZ","2011","N14 F_RoadTransport","NMVOC","Gg","53.6345300919585"
"KZ","2011","N14 G_Shipping","NMVOC","Gg","0.0499744911627907"
"KZ","2011","N14 H_Aviation","NMVOC","Gg","0.03436"
"KZ","2011","N14 I_Offroad","NMVOC","Gg","2.12554726325581"
"KZ","2011","N14 J_Waste","NMVOC","Gg","6.2017550857"
"KZ","2011","N14 K_AgriLivestock","NMVOC","Gg","74.760243"
"KZ","2011","N14 L_AgriOther","NMVOC","Gg","18.13138"
"KZ","2011","N14 M_Other","NMVOC","Gg","0"
"KZ","2011","N14 N_Natural","NMVOC","Gg","6.9217"
"CH","1994","N14 A_PublicPower","NMVOC","Gg","0.231959349850564"
"CH","1994","N14 B_Industry","NMVOC","Gg","10.1937945633085"
"CH","1994","N14 C_OtherStatComb","NMVOC","Gg","7.67240652020982"
"CH","1994","N14 D_Fugitive","NMVOC","Gg","13.3580437458503"
"CH","1994","N14 E_Solvents","NMVOC","Gg","107.746118215037"
"CH","1994","N14 F_RoadTransport","NMVOC","Gg","49.5551291212098"
"CH","1994","N14 G_Shipping","NMVOC","Gg","1.52735940933404"
"CH","1994","N14 H_Aviation","NMVOC","Gg","0.245188062570196"
"CH","1994","N14 I_Offroad","NMVOC","Gg","7.76657893649361"
"CH","1994","N14 J_Waste","NMVOC","Gg","0.708447160405846"
"CH","1994","N14 K_AgriLivestock","NMVOC","Gg","18.0044484977918"
"CH","1994","N14 L_AgriOther","NMVOC","Gg","0.4794265669053"
"CH","1994","N14 M_Other","NMVOC","Gg","0.212194401854077"
"CH","1994","N14 O_AviCruise","NMVOC","Gg","0.464439577429174"
"CH","1994","N14 P_IntShipping","NMVOC","Gg","0.413413543806275"
"CH","1994","N14 N_Natural","NMVOC","Gg","67.3915295496597"
"CH","1994","N14 z_Memo","NMVOC","Gg","47.6117708081286"
"CH","1991","N14 A_PublicPower","NMVOC","Gg","0.278766900268513"
"CH","1991","N14 B_Industry","NMVOC","Gg","12.1345933742558"
"CH","1991","N14 C_OtherStatComb","NMVOC","Gg","9.7909196149162"
"CH","1991","N14 D_Fugitive","NMVOC","Gg","20.8363599695647"
"CH","1991","N14 E_Solvents","NMVOC","Gg","138.920430111062"
"CH","1991","N14 F_RoadTransport","NMVOC","Gg","71.9278602704269"
"CH","1991","N14 G_Shipping","NMVOC","Gg","1.61175718910593"
"CH","1991","N14 H_Aviation","NMVOC","Gg","0.277512209796952"
"CH","1991","N14 I_Offroad","NMVOC","Gg","7.51302877377746"
"CH","1991","N14 J_Waste","NMVOC","Gg","0.744912066003904"
"CH","1991","N14 K_AgriLivestock","NMVOC","Gg","18.1525393938666"
"CH","1991","N14 L_AgriOther","NMVOC","Gg","0.4809284415666"
"CH","1991","N14 M_Other","NMVOC","Gg","0.22773788174673"
"CH","1991","N14 O_AviCruise","NMVOC","Gg","0.52982324805763"
"CH","1991","N14 P_IntShipping","NMVOC","Gg","0.378694477661094"
"CH","1991","N14 N_Natural","NMVOC","Gg","60.4444878806502"
"CH","1991","N14 z_Memo","NMVOC","Gg","69.2949621308258"
"PT","2016","N14 A_PublicPower","NMVOC","Gg","1.57060196804041"
"PT","2016","N14 B_Industry","NMVOC","Gg","26.3237171124795"
"PT","2016","N14 C_OtherStatComb","NMVOC","Gg","14.6310379606937"
"PT","2016","N14 D_Fugitive","NMVOC","Gg","9.59459652983775"
"PT","2016","N14 E_Solvents","NMVOC","Gg","78.7689243239429"
"PT","2016","N14 F_RoadTransport","NMVOC","Gg","17.7573160040976"
"PT","2016","N14 G_Shipping","NMVOC","Gg","0.229644077397412"
"PT","2016","N14 H_Aviation","NMVOC","Gg","0.472830690196688"
"PT","2016","N14 I_Offroad","NMVOC","Gg","0.669677647000702"
"PT","2016","N14 J_Waste","NMVOC","Gg","2.18404103943229"
"PT","2016","N14 K_AgriLivestock","NMVOC","Gg","7.66115924535249"
"PT","2016","N14 L_AgriOther","NMVOC","Gg","6.66493892341978"
"PT","2016","N14 M_Other","NMVOC","Gg","0"
"PT","2016","N14 O_AviCruise","NMVOC","Gg","0.403241827964376"
"PT","2016","N14 P_IntShipping","NMVOC","Gg","2.07514094859991"
"PT","2016","N14 N_Natural","NMVOC","Gg","544.820347054733"
"PT","2016","N14 z_Memo","NMVOC","Gg","0"
"ES","2011","N14 A_PublicPower","NMVOC","Gg","3.11439134714019"
"ES","2011","N14 B_Industry","NMVOC","Gg","74.6223578605469"
"ES","2011","N14 C_OtherStatComb","NMVOC","Gg","42.930415856"
"ES","2011","N14 D_Fugitive","NMVOC","Gg","24.416225928899"
"ES","2011","N14 E_Solvents","NMVOC","Gg","267.579672187"
"ES","2011","N14 F_RoadTransport","NMVOC","Gg","38.298681419"
"ES","2011","N14 G_Shipping","NMVOC","Gg","1.310760959"
"ES","2011","N14 H_Aviation","NMVOC","Gg","0.791930807315869"
"ES","2011","N14 I_Offroad","NMVOC","Gg","10.054995208"
"ES","2011","N14 J_Waste","NMVOC","Gg","6.317289938203"
"ES","2011","N14 K_AgriLivestock","NMVOC","Gg","52.785051687"
"ES","2011","N14 L_AgriOther","NMVOC","Gg","84.040147539"
"ES","2011","N14 M_Other","NMVOC","Gg","0"
"ES","2011","N14 O_AviCruise","NMVOC","Gg","1.34058445316382"
"ES","2011","N14 P_IntShipping","NMVOC","Gg","19.888481396"
"ES","2011","N14 N_Natural","NMVOC","Gg","0"
"ES","2011","N14 z_Memo","NMVOC","Gg","0"
"HR","1987","N14 A_PublicPower","NMVOC","Gg","0.161085136"
"HR","1987","N14 B_Industry","NMVOC","Gg","28.6475188100039"
"HR","1987","N14 C_OtherStatComb","NMVOC","Gg","12.9895346047537"
"HR","1987","N14 D_Fugitive","NMVOC","Gg","7.0925805666051"
"HR","1987","N14 E_Solvents","NMVOC","Gg","50.4851886807625"
"HR","1987","N14 F_RoadTransport","NMVOC","Gg","29.5003635087166"
"HR","1987","N14 G_Shipping","NMVOC","Gg","0.206908492655"
"HR","1987","N14 H_Aviation","NMVOC","Gg","0.019723896775"
"HR","1987","N14 I_Offroad","NMVOC","Gg","8.11724085508406"
"HR","1987","N14 J_Waste","NMVOC","Gg","0.859158129295"
"HR","1987","N14 K_AgriLivestock","NMVOC","Gg","11.506542332"
"HR","1987","N14 L_AgriOther","NMVOC","Gg","0.829107294054"
"HR","1987","N14 M_Other","NMVOC","Gg","0"
"HR","1987","N14 O_AviCruise","NMVOC","Gg","0.05876308505"
"HR","1987","N14 P_IntShipping","NMVOC","Gg","0"
"HR","1987","N14 N_Natural","NMVOC","Gg","0.9036"
"HR","1987","N14 z_Memo","NMVOC","Gg","0"
"RS","1993","N14 A_PublicPower","NMVOC","Gg","0.4919068932"
"RS","1993","N14 B_Industry","NMVOC","Gg","15.9435097415427"
"RS","1993","N14 C_OtherStatComb","NMVOC","Gg","29.507394128622"
"RS","1993","N14 D_Fugitive","NMVOC","Gg","30.88018"
"RS","1993","N14 E_Solvents","NMVOC","Gg","19.068871398"
"RS","1993","N14 F_RoadTransport","NMVOC","Gg","21.581511575"
"RS","1993","N14 G_Shipping","NMVOC","Gg","0.0135"
"RS","1993","N14 H_Aviation","NMVOC","Gg","0.004267"
"RS","1993","N14 I_Offroad","NMVOC","Gg","0.34785"
"RS","1993","N14 J_Waste","NMVOC","Gg","0.000171968181481481"
"RS","1993","N14 K_AgriLivestock","NMVOC","Gg","24.27002161875"
"RS","1993","N14 L_AgriOther","NMVOC","Gg","3.1089258"
"RS","1993","N14 M_Other","NMVOC","Gg","0"
"RS","1993","N14 O_AviCruise","NMVOC","Gg","-4.05499999999993e-06"
"RS","1993","N14 P_IntShipping","NMVOC","Gg","0"
"RS","1993","N14 N_Natural","NMVOC","Gg","0"
"RS","1993","N14 z_Memo","NMVOC","Gg","0"
"RS","2010","N14 A_PublicPower","NMVOC","Gg","0.4424659591"
"RS","2010","N14 B_Industry","NMVOC","Gg","11.4324994197001"
"RS","2010","N14 C_OtherStatComb","NMVOC","Gg","29.73652357818"
"RS","2010","N14 D_Fugitive","NMVOC","Gg","35.3123031391863"
"RS","2010","N14 E_Solvents","NMVOC","Gg","17.27890284025"
"RS","2010","N14 F_RoadTransport","NMVOC","Gg","18.476198826"
"RS","2010","N14 G_Shipping","NMVOC","Gg","0.0378"
"RS","2010","N14 H_Aviation","NMVOC","Gg","0.02208"
"RS","2010","N14 I_Offroad","NMVOC","Gg","1.185192"
"RS","2010","N14 J_Waste","NMVOC","Gg","0.00350994883518519"
"RS","2010","N14 K_AgriLivestock","NMVOC","Gg","16.6582381583125"
"RS","2010","N14 L_AgriOther","NMVOC","Gg","3.02794906"
"RS","2010","N14 M_Other","NMVOC","Gg","0"
"RS","2010","N14 O_AviCruise","NMVOC","Gg","0.0022568"
"RS","2010","N14 P_IntShipping","NMVOC","Gg","0"
"RS","2010","N14 N_Natural","NMVOC","Gg","0.17605"
"RS","2010","N14 z_Memo","NMVOC","Gg","0"
"AT","2006","N14 A_PublicPower","NMVOC","Gg","0.281853528606347"
"AT","2006","N14 B_Industry","NMVOC","Gg","4.14568826969197"
"AT","2006","N14 C_OtherStatComb","NMVOC","Gg","24.5088824856347"
"AT","2006","N14 D_Fugitive","NMVOC","Gg","3.35761990574148"
"AT","2006","N14 E_Solvents","NMVOC","Gg","61.1766678549102"
"AT","2006","N14 F_RoadTransport","NMVOC","Gg","17.5395173992414"
"AT","2006","N14 G_Shipping","NMVOC","Gg","0.486603885048518"
"AT","2006","N14 H_Aviation","NMVOC","Gg","0.473383679075962"
"AT","2006","N14 I_Offroad","NMVOC","Gg","6.96728277903787"
"AT","2006","N14 J_Waste","NMVOC","Gg","0.104603581862695"
"AT","2006","N14 K_AgriLivestock","NMVOC","Gg","28.1036637122082"
"AT","2006","N14 L_AgriOther","NMVOC","Gg","11.5776233625048"
"AT","2006","N14 M_Other","NMVOC","Gg","0"
"AT","2006","N14 O_AviCruise","NMVOC","Gg","0.496228972316072"
"AT","2006","N14 P_IntShipping","NMVOC","Gg","0"
"AT","2006","N14 N_Natural","NMVOC","Gg","0"
"AT","2006","N14 z_Memo","NMVOC","Gg","15.7071598088835"
"NL","1999","N14 A_PublicPower","NMVOC","Gg","2.197280319"
"NL","1999","N14 B_Industry","NMVOC","Gg","30.251414282"
"NL","1999","N14 C_OtherStatComb","NMVOC","Gg","14.28094134"
"NL","1999","N14 D_Fugitive","NMVOC","Gg","28.36275014"
"NL","1999","N14 E_Solvents","NMVOC","Gg","110.060520113"
"NL","1999","N14 F_RoadTransport","NMVOC","Gg","81.779653882"
"NL","1999","N14 G_Shipping","NMVOC","Gg","1.74339949"
"NL","1999","N14 H_Aviation","NMVOC","Gg","0.283390469"
"NL","1999","N14 I_Offroad","NMVOC","Gg","13.637535043"
"NL","1999","N14 J_Waste","NMVOC","Gg","2.07175792"
"NL","1999","N14 K_AgriLivestock","NMVOC","Gg","40.6910157"
"NL","1999","N14 L_AgriOther","NMVOC","Gg","28.60981342"
"NL","1999","N14 M_Other","NMVOC","Gg","0.412479208"
"NL","1999","N14 O_AviCruise","NMVOC","Gg","0"
"NL","1999","N14 P_IntShipping","NMVOC","Gg","3.256394538"
"NL","1999","N14 N_Natural","NMVOC","Gg","0"
"NL","1999","N14 z_Memo","NMVOC","Gg","78.495719774"
"HR","2004","N14 A_PublicPower","NMVOC","Gg","0.292666043"
"HR","2004","N14 B_Industry","NMVOC","Gg","9.69952907625297"
"HR","2004","N14 C_OtherStatComb","NMVOC","Gg","25.13675274455"
"HR","2004","N14 D_Fugitive","NMVOC","Gg","5.598268940478"
"HR","2004","N14 E_Solvents","NMVOC","Gg","37.2446070745"
"HR","2004","N14 F_RoadTransport","NMVOC","Gg","20.3466792071263"
"HR","2004","N14 G_Shipping","NMVOC","Gg","0.216792296559"
"HR","2004","N14 H_Aviation","NMVOC","Gg","0.028373043215"
"HR","2004","N14 I_Offroad","NMVOC","Gg","2.48673757326456"
"HR","2004","N14 J_Waste","NMVOC","Gg","2.67870550404"
"HR","2004","N14 K_AgriLivestock","NMVOC","Gg","9.0457724697"
"HR","2004","N14 L_AgriOther","NMVOC","Gg","1.01149846"
"HR","2004","N14 M_Other","NMVOC","Gg","0"
"HR","2004","N14 O_AviCruise","NMVOC","Gg","0.02933544049"
"HR","2004","N14 P_IntShipping","NMVOC","Gg","0.06449996164"
"HR","2004","N14 N_Natural","NMVOC","Gg","0.1065"
"HR","2004","N14 z_Memo","NMVOC","Gg","0"
"LT","1993","N14 A_PublicPower","NMVOC","Gg","0.425477"
"LT","1993","N14 B_Industry","NMVOC","Gg","0.594942291823458"
"LT","1993","N14 C_OtherStatComb","NMVOC","Gg","10.115963823"
"LT","1993","N14 D_Fugitive","NMVOC","Gg","6.70060158946027"
"LT","1993","N14 E_Solvents","NMVOC","Gg","19.9234359015382"
"LT","1993","N14 F_RoadTransport","NMVOC","Gg","17.53652068"
"LT","1993","N14 G_Shipping","NMVOC","Gg","0.00274381707886141"
"LT","1993","N14 H_Aviation","NMVOC","Gg","0.0024622424242424"
"LT","1993","N14 I_Offroad","NMVOC","Gg","5.0741327842725"
"LT","1993","N14 J_Waste","NMVOC","Gg","2.22002273669566"
"LT","1993","N14 K_AgriLivestock","NMVOC","Gg","19.1378552717903"
"LT","1993","N14 L_AgriOther","NMVOC","Gg","0"
"LT","1993","N14 M_Other","NMVOC","Gg","0"
"LT","1993","N14 P_IntShipping","NMVOC","Gg","0.443"
"LT","1993","N14 N_Natural","NMVOC","Gg","0.15225"
"CH","2011","N14 A_PublicPower","NMVOC","Gg","0.16655541424006"
"CH","2011","N14 B_Industry","NMVOC","Gg","7.02045866330472"
"CH","2011","N14 C_OtherStatComb","NMVOC","Gg","3.29676704803634"
"CH","2011","N14 D_Fugitive","NMVOC","Gg","3.6898589184066"
"CH","2011","N14 E_Solvents","NMVOC","Gg","39.5508385628904"
"CH","2011","N14 F_RoadTransport","NMVOC","Gg","12.5127905434681"
"CH","2011","N14 G_Shipping","NMVOC","Gg","0.481577579722531"
"CH","2011","N14 H_Aviation","NMVOC","Gg","0.26821950250311"
"CH","2011","N14 I_Offroad","NMVOC","Gg","3.41977230434704"
"CH","2011","N14 J_Waste","NMVOC","Gg","0.987523084274955"
"CH","2011","N14 K_AgriLivestock","NMVOC","Gg","17.5194375928441"
"CH","2011","N14 L_AgriOther","NMVOC","Gg","0.4644668906851"
"CH","2011","N14 M_Other","NMVOC","Gg","0.212139904001088"
"CH","2011","N14 O_AviCruise","NMVOC","Gg","0.503594871103933"
"CH","2011","N14 P_IntShipping","NMVOC","Gg","0.109414712136872"
"CH","2011","N14 N_Natural","NMVOC","Gg","66.4462843240658"
"CH","2011","N14 z_Memo","NMVOC","Gg","11.9125303569483"
"GR","1990","N14 A_PublicPower","NMVOC","Gg","1.40293703099971"
"GR","1990","N14 B_Industry","NMVOC","Gg","17.6780054293948"
"GR","1990","N14 C_OtherStatComb","NMVOC","Gg","7.4927361404"
"GR","1990","N14 D_Fugitive","NMVOC","Gg","15.83532"
"GR","1990","N14 E_Solvents","NMVOC","Gg","84.7298189875793"
"GR","1990","N14 F_RoadTransport","NMVOC","Gg","170.165992528286"
"GR","1990","N14 G_Shipping","NMVOC","Gg","1.5807"
"GR","1990","N14 H_Aviation","NMVOC","Gg","0.00906230874423094"
"GR","1990","N14 I_Offroad","NMVOC","Gg","9.4795803"
"GR","1990","N14 J_Waste","NMVOC","Gg","2.10549097479649"
"GR","1990","N14 K_AgriLivestock","NMVOC","Gg","15.43016408708"
"GR","1990","N14 L_AgriOther","NMVOC","Gg","3.60960644135"
"GR","1990","N14 M_Other","NMVOC","Gg","0"
"GR","1990","N14 O_AviCruise","NMVOC","Gg","0.0153465574345195"
"GR","1990","N14 P_IntShipping","NMVOC","Gg","6.9981"
"PT","2015","N14 A_PublicPower","NMVOC","Gg","1.62186767144988"
"PT","2015","N14 B_Industry","NMVOC","Gg","26.1056942010346"
"PT","2015","N14 C_OtherStatComb","NMVOC","Gg","14.7574538918022"
"PT","2015","N14 D_Fugitive","NMVOC","Gg","9.60577904835951"
"PT","2015","N14 E_Solvents","NMVOC","Gg","81.7559965732172"
"PT","2015","N14 F_RoadTransport","NMVOC","Gg","18.5623003014221"
"PT","2015","N14 G_Shipping","NMVOC","Gg","0.247882199555179"
"PT","2015","N14 H_Aviation","NMVOC","Gg","0.432590606904618"
"PT","2015","N14 I_Offroad","NMVOC","Gg","0.679679216980931"
"PT","2015","N14 J_Waste","NMVOC","Gg","2.20393959158514"
"PT","2015","N14 K_AgriLivestock","NMVOC","Gg","7.39457423702126"
"PT","2015","N14 L_AgriOther","NMVOC","Gg","6.54767256821804"
"PT","2015","N14 M_Other","NMVOC","Gg","0"
"PT","2015","N14 O_AviCruise","NMVOC","Gg","0.377003329128696"
"PT","2015","N14 P_IntShipping","NMVOC","Gg","1.77098882265968"
"PT","2015","N14 N_Natural","NMVOC","Gg","534.29231497962"
"PT","2015","N14 z_Memo","NMVOC","Gg","0"
"EU09","2016","N14 A_PublicPower","NMVOC","Gg","16.9895277806886"
"EU09","2016","N14 B_Industry","NMVOC","Gg","341.959285002269"
"EU09","2016","N14 C_OtherStatComb","NMVOC","Gg","467.708875891113"
"EU09","2016","N14 D_Fugitive","NMVOC","Gg","305.536498716046"
"EU09","2016","N14 E_Solvents","NMVOC","Gg","1636.39000790224"
"EU09","2016","N14 F_RoadTransport","NMVOC","Gg","356.834464087955"
"EU09","2016","N14 G_Shipping","NMVOC","Gg","37.6989646881962"
"EU09","2016","N14 H_Aviation","NMVOC","Gg","5.32872159151186"
"EU09","2016","N14 I_Offroad","NMVOC","Gg","97.3403205290514"
"EU09","2016","N14 J_Waste","NMVOC","Gg","30.0452709512635"
"EU09","2016","N14 K_AgriLivestock","NMVOC","Gg","570.755337006289"
"EU09","2016","N14 L_AgriOther","NMVOC","Gg","79.3952908444785"
"EU09","2016","N14 M_Other","NMVOC","Gg","1.981632653406"
"EU09","2016","N14 O_AviCruise","NMVOC","Gg","8.50317018865904"
"EU09","2016","N14 P_IntShipping","NMVOC","Gg","27.2267156835876"
"EU09","2016","N14 N_Natural","NMVOC","Gg","1652.51285186464"
"EU09","2016","N14 z_Memo","NMVOC","Gg","1549.78972021578"
"HR","2006","N14 A_PublicPower","NMVOC","Gg","0.2730716048"
"HR","2006","N14 B_Industry","NMVOC","Gg","10.2710276774792"
"HR","2006","N14 C_OtherStatComb","NMVOC","Gg","23.79115015381"
"HR","2006","N14 D_Fugitive","NMVOC","Gg","5.2283432836416"
"HR","2006","N14 E_Solvents","NMVOC","Gg","44.0633539495"
"HR","2006","N14 F_RoadTransport","NMVOC","Gg","16.6144434375486"
"HR","2006","N14 G_Shipping","NMVOC","Gg","0.24659186543"
"HR","2006","N14 H_Aviation","NMVOC","Gg","0.029962064425"
"HR","2006","N14 I_Offroad","NMVOC","Gg","2.328204678787"
"HR","2006","N14 J_Waste","NMVOC","Gg","3.05050820844"
"HR","2006","N14 K_AgriLivestock","NMVOC","Gg","8.80670335902"
"HR","2006","N14 L_AgriOther","NMVOC","Gg","1.05795738"
"HR","2006","N14 M_Other","NMVOC","Gg","0"
"HR","2006","N14 O_AviCruise","NMVOC","Gg","0.03653613288"
"HR","2006","N14 P_IntShipping","NMVOC","Gg","0.0538299565"
"HR","2006","N14 N_Natural","NMVOC","Gg","0.8943"
"HR","2006","N14 z_Memo","NMVOC","Gg","0"
"FR","1997","N14 A_PublicPower","NMVOC","Gg","1.37941210088496"
"FR","1997","N14 B_Industry","NMVOC","Gg","88.145622491231"
"FR","1997","N14 C_OtherStatComb","NMVOC","Gg","460.728428257936"
"FR","1997","N14 D_Fugitive","NMVOC","Gg","104.101855867371"
"FR","1997","N14 E_Solvents","NMVOC","Gg","581.87358013199"
"FR","1997","N14 F_RoadTransport","NMVOC","Gg","580.346919456291"
"FR","1997","N14 G_Shipping","NMVOC","Gg","17.623090332391"
"FR","1997","N14 H_Aviation","NMVOC","Gg","2.06811761232599"
"FR","1997","N14 I_Offroad","NMVOC","Gg","53.7679128333174"
"FR","1997","N14 J_Waste","NMVOC","Gg","12.6363751253909"
"FR","1997","N14 K_AgriLivestock","NMVOC","Gg","0"
"FR","1997","N14 L_AgriOther","NMVOC","Gg","2.62998840939866"
"FR","1997","N14 M_Other","NMVOC","Gg","0"
"FR","1997","N14 O_AviCruise","NMVOC","Gg","1.39833796903744"
"FR","1997","N14 P_IntShipping","NMVOC","Gg","7.05051478680912"
"FR","1997","N14 N_Natural","NMVOC","Gg","113.653433244816"
"FR","1997","N14 z_Memo","NMVOC","Gg","1511.56774005248"
"EU09","2008","N14 A_PublicPower","NMVOC","Gg","23.1653980413266"
"EU09","2008","N14 B_Industry","NMVOC","Gg","364.640855568213"
"EU09","2008","N14 C_OtherStatComb","NMVOC","Gg","562.246769913262"
"EU09","2008","N14 D_Fugitive","NMVOC","Gg","457.4187931986"
"EU09","2008","N14 E_Solvents","NMVOC","Gg","2058.45831435469"
"EU09","2008","N14 F_RoadTransport","NMVOC","Gg","719.247653871115"
"EU09","2008","N14 G_Shipping","NMVOC","Gg","63.0504095598616"
"EU09","2008","N14 H_Aviation","NMVOC","Gg","6.33484481600226"
"EU09","2008","N14 I_Offroad","NMVOC","Gg","165.944514117517"
"EU09","2008","N14 J_Waste","NMVOC","Gg","39.7680804610867"
"EU09","2008","N14 K_AgriLivestock","NMVOC","Gg","541.841846774583"
"EU09","2008","N14 L_AgriOther","NMVOC","Gg","75.3695083480061"
"EU09","2008","N14 M_Other","NMVOC","Gg","1.879454819098"
"EU09","2008","N14 O_AviCruise","NMVOC","Gg","8.25771460659546"
"EU09","2008","N14 P_IntShipping","NMVOC","Gg","34.9833256546619"
"EU09","2008","N14 N_Natural","NMVOC","Gg","1559.08554095467"
"EU09","2008","N14 z_Memo","NMVOC","Gg","1386.19245796322"
"RO","2017","N14 A_PublicPower","NMVOC","Gg","0.71595904182"
"RO","2017","N14 B_Industry","NMVOC","Gg","24.672478909811"
"RO","2017","N14 C_OtherStatComb","NMVOC","Gg","76.46646451319"
"RO","2017","N14 D_Fugitive","NMVOC","Gg","13.6051992485998"
"RO","2017","N14 E_Solvents","NMVOC","Gg","46.84965565012"
"RO","2017","N14 F_RoadTransport","NMVOC","Gg","22.6393322116423"
"RO","2017","N14 G_Shipping","NMVOC","Gg","0.1115884"
"RO","2017","N14 H_Aviation","NMVOC","Gg","0.0653231319546188"
"RO","2017","N14 I_Offroad","NMVOC","Gg","14.447578839465"
"RO","2017","N14 J_Waste","NMVOC","Gg","2.866423279681"
"RO","2017","N14 K_AgriLivestock","NMVOC","Gg","29.6690799510535"
"RO","2017","N14 L_AgriOther","NMVOC","Gg","7.9792330381834"
"RO","2017","N14 M_Other","NMVOC","Gg","0"
"RO","2017","N14 O_AviCruise","NMVOC","Gg","0.10142696609728"
"RO","2017","N14 P_IntShipping","NMVOC","Gg","0.0743229"
"NO","1997","N14 A_PublicPower","NMVOC","Gg","0.441735915"
"NO","1997","N14 B_Industry","NMVOC","Gg","8.5387840303"
"NO","1997","N14 C_OtherStatComb","NMVOC","Gg","8.4557761868"
"NO","1997","N14 D_Fugitive","NMVOC","Gg","236.2702980022"
"NO","1997","N14 E_Solvents","NMVOC","Gg","50.2252186519"
"NO","1997","N14 F_RoadTransport","NMVOC","Gg","43.3932775223"
"NO","1997","N14 G_Shipping","NMVOC","Gg","3.4893339906"
"NO","1997","N14 H_Aviation","NMVOC","Gg","0.3320911071"
"NO","1997","N14 I_Offroad","NMVOC","Gg","30.3333983571"
"NO","1997","N14 J_Waste","NMVOC","Gg","1.2488851132"
"NO","1997","N14 K_AgriLivestock","NMVOC","Gg","10.4502179505"
"NO","1997","N14 L_AgriOther","NMVOC","Gg","0.8450308575"
"NO","1997","N14 M_Other","NMVOC","Gg","0"
"NO","1997","N14 O_AviCruise","NMVOC","Gg","0.8969928652"
"NO","1997","N14 P_IntShipping","NMVOC","Gg","0.5776279559"
"NO","1997","N14 N_Natural","NMVOC","Gg","0"
"NO","1997","N14 z_Memo","NMVOC","Gg","48.06664532"
"AZ","2012","N14 A_PublicPower","NMVOC","Gg","0.55272411"
"AZ","2012","N14 B_Industry","NMVOC","Gg","12.5067235"
"AZ","2012","N14 C_OtherStatComb","NMVOC","Gg","2.565540715"
"AZ","2012","N14 D_Fugitive","NMVOC","Gg","12.39956"
"AZ","2012","N14 E_Solvents","NMVOC","Gg","13.531048"
"AZ","2012","N14 F_RoadTransport","NMVOC","Gg","23.231675844"
"AZ","2012","N14 G_Shipping","NMVOC","Gg","0.34468"
"AZ","2012","N14 H_Aviation","NMVOC","Gg","0"
"AZ","2012","N14 I_Offroad","NMVOC","Gg","4.0730347"
"AZ","2012","N14 J_Waste","NMVOC","Gg","0.00365675"
"AZ","2012","N14 K_AgriLivestock","NMVOC","Gg","24.7561498045"
"AZ","2012","N14 L_AgriOther","NMVOC","Gg","1.41652406"
"AZ","2012","N14 M_Other","NMVOC","Gg","0"
"AZ","2012","N14 O_AviCruise","NMVOC","Gg","0"
"AZ","2012","N14 P_IntShipping","NMVOC","Gg","0"
"AZ","2012","N14 N_Natural","NMVOC","Gg","0"
"AZ","2012","N14 z_Memo","NMVOC","Gg","23.586120844"
"SK","2010","N14 A_PublicPower","NMVOC","Gg","0.161204013"
"SK","2010","N14 B_Industry","NMVOC","Gg","5.14377826334"
"SK","2010","N14 C_OtherStatComb","NMVOC","Gg","55.5168825850383"
"SK","2010","N14 D_Fugitive","NMVOC","Gg","7.69030248197"
"SK","2010","N14 E_Solvents","NMVOC","Gg","43.8445087709795"
"SK","2010","N14 F_RoadTransport","NMVOC","Gg","11.8168088486057"
"SK","2010","N14 G_Shipping","NMVOC","Gg","0.0284976900250517"
"SK","2010","N14 H_Aviation","NMVOC","Gg","0.00128350377978136"
"SK","2010","N14 I_Offroad","NMVOC","Gg","0.96326049807224"
"SK","2010","N14 J_Waste","NMVOC","Gg","1.06733856531"
"SK","2010","N14 K_AgriLivestock","NMVOC","Gg","4.98748938235565"
"SK","2010","N14 L_AgriOther","NMVOC","Gg","1.98086062834662"
"SK","2010","N14 M_Other","NMVOC","Gg","0"
"SK","2010","N14 O_AviCruise","NMVOC","Gg","0.0021719876381673"
"SK","2010","N14 P_IntShipping","NMVOC","Gg","0"
"SK","2010","N14 N_Natural","NMVOC","Gg","0.0959805"
"SK","2010","N14 z_Memo","NMVOC","Gg","0"
"MK","2006","N14 A_PublicPower","NMVOC","Gg","0.0755774633939987"
"MK","2006","N14 B_Industry","NMVOC","Gg","1.75873657111056"
"MK","2006","N14 C_OtherStatComb","NMVOC","Gg","9.69821010781629"
"MK","2006","N14 D_Fugitive","NMVOC","Gg","2.3643082805847"
"MK","2006","N14 E_Solvents","NMVOC","Gg","7.3945519971461"
"MK","2006","N14 F_RoadTransport","NMVOC","Gg","9.71397650539076"
"MK","2006","N14 G_Shipping","NMVOC","Gg","6.04045259269723e-05"
"MK","2006","N14 H_Aviation","NMVOC","Gg","0.0027422220265"
"MK","2006","N14 I_Offroad","NMVOC","Gg","0.701939136633101"
"MK","2006","N14 J_Waste","NMVOC","Gg","2.63607269218794"
"MK","2006","N14 K_AgriLivestock","NMVOC","Gg","3.57911290386465"
"MK","2006","N14 L_AgriOther","NMVOC","Gg","1.0535"
"MK","2006","N14 M_Other","NMVOC","Gg","0"
"MK","2006","N14 O_AviCruise","NMVOC","Gg","0.088732962993"
"MK","2006","N14 P_IntShipping","NMVOC","Gg","0"
"MK","2006","N14 N_Natural","NMVOC","Gg","1.0782"
"MK","2006","N14 z_Memo","NMVOC","Gg","0"
"LV","2001","N14 A_PublicPower","NMVOC","Gg","0.1241144197332"
"LV","2001","N14 B_Industry","NMVOC","Gg","3.59910097460297"
"LV","2001","N14 C_OtherStatComb","NMVOC","Gg","14.9863629544255"
"LV","2001","N14 D_Fugitive","NMVOC","Gg","2.46659036363636"
"LV","2001","N14 E_Solvents","NMVOC","Gg","8.41447443180313"
"LV","2001","N14 F_RoadTransport","NMVOC","Gg","12.8541363690086"
"LV","2001","N14 G_Shipping","NMVOC","Gg","0.0147877885400462"
"LV","2001","N14 H_Aviation","NMVOC","Gg","0.0278852494364801"
"LV","2001","N14 I_Offroad","NMVOC","Gg","1.2096279493131"
"LV","2001","N14 J_Waste","NMVOC","Gg","0.971452837860002"
"LV","2001","N14 K_AgriLivestock","NMVOC","Gg","5.79789906793873"
"LV","2001","N14 L_AgriOther","NMVOC","Gg","0.911241"
"LV","2001","N14 M_Other","NMVOC","Gg","0"
"LV","2001","N14 O_AviCruise","NMVOC","Gg","0.0295745231635199"
"LV","2001","N14 P_IntShipping","NMVOC","Gg","0.5419"
"LV","2001","N14 N_Natural","NMVOC","Gg","0.135"
"LV","2001","N14 z_Memo","NMVOC","Gg","0"
"GB","2008","N14 A_PublicPower","NMVOC","Gg","3.087233718471"
"GB","2008","N14 B_Industry","NMVOC","Gg","126.45913937548"
"GB","2008","N14 C_OtherStatComb","NMVOC","Gg","35.570718303955"
"GB","2008","N14 D_Fugitive","NMVOC","Gg","217.368460400599"
"GB","2008","N14 E_Solvents","NMVOC","Gg","338.59749732646"
"GB","2008","N14 F_RoadTransport","NMVOC","Gg","129.967488820576"
"GB","2008","N14 G_Shipping","NMVOC","Gg","8.650209976801"
"GB","2008","N14 H_Aviation","NMVOC","Gg","2.306037525461"
"GB","2008","N14 I_Offroad","NMVOC","Gg","43.052481728162"
"GB","2008","N14 J_Waste","NMVOC","Gg","10.083291506124"
"GB","2008","N14 K_AgriLivestock","NMVOC","Gg","85.586315812377"
"GB","2008","N14 L_AgriOther","NMVOC","Gg","8.089075435419"
"GB","2008","N14 M_Other","NMVOC","Gg","1.469739255098"
"GB","2008","N14 O_AviCruise","NMVOC","Gg","1.732375378832"
"GB","2008","N14 P_IntShipping","NMVOC","Gg","10.916675978169"
"GB","2008","N14 N_Natural","NMVOC","Gg","91.840793529411"
"GB","2008","N14 z_Memo","NMVOC","Gg","120.875738801677"
"NL","2004","N14 A_PublicPower","NMVOC","Gg","0.517648955"
"NL","2004","N14 B_Industry","NMVOC","Gg","24.857364536"
"NL","2004","N14 C_OtherStatComb","NMVOC","Gg","13.580486189"
"NL","2004","N14 D_Fugitive","NMVOC","Gg","15.30381551"
"NL","2004","N14 E_Solvents","NMVOC","Gg","79.900586014"
"NL","2004","N14 F_RoadTransport","NMVOC","Gg","44.240857965"
"NL","2004","N14 G_Shipping","NMVOC","Gg","1.542669343"
"NL","2004","N14 H_Aviation","NMVOC","Gg","0.278369503"
"NL","2004","N14 I_Offroad","NMVOC","Gg","10.95634137"
"NL","2004","N14 J_Waste","NMVOC","Gg","1.743295503"
"NL","2004","N14 K_AgriLivestock","NMVOC","Gg","42.895808947"
"NL","2004","N14 L_AgriOther","NMVOC","Gg","25.04466611"
"NL","2004","N14 M_Other","NMVOC","Gg","0.412479208"
"NL","2004","N14 O_AviCruise","NMVOC","Gg","0"
"NL","2004","N14 P_IntShipping","NMVOC","Gg","3.626552588"
"NL","2004","N14 N_Natural","NMVOC","Gg","0"
"NL","2004","N14 z_Memo","NMVOC","Gg","43.907488806"
"EE","2000","N14 A_PublicPower","NMVOC","Gg","0.63"
"EE","2000","N14 B_Industry","NMVOC","Gg","2.64949056"
"EE","2000","N14 C_OtherStatComb","NMVOC","Gg","6.177634"
"EE","2000","N14 D_Fugitive","NMVOC","Gg","4.326"
"EE","2000","N14 E_Solvents","NMVOC","Gg","7.501532"
"EE","2000","N14 F_RoadTransport","NMVOC","Gg","10.155368"
"EE","2000","N14 G_Shipping","NMVOC","Gg","0.05215"
"EE","2000","N14 H_Aviation","NMVOC","Gg","0.012153"
"EE","2000","N14 I_Offroad","NMVOC","Gg","0.989142"
"EE","2000","N14 J_Waste","NMVOC","Gg","0.832983"
"EE","2000","N14 K_AgriLivestock","NMVOC","Gg","3.422572"
"EE","2000","N14 L_AgriOther","NMVOC","Gg","0.389183"
"EE","2000","N14 M_Other","NMVOC","Gg","0"
"EE","2000","N14 O_AviCruise","NMVOC","Gg","0.008555"
"EE","2000","N14 P_IntShipping","NMVOC","Gg","0.2931"
"EE","2000","N14 N_Natural","NMVOC","Gg","39.82584"
"EE","2000","N14 z_Memo","NMVOC","Gg","0"
"LT","2014","N14 A_PublicPower","NMVOC","Gg","0.305724911679861"
"LT","2014","N14 B_Industry","NMVOC","Gg","6.6334746187057"
"LT","2014","N14 C_OtherStatComb","NMVOC","Gg","11.702271747"
"LT","2014","N14 D_Fugitive","NMVOC","Gg","2.47183151501451"
"LT","2014","N14 E_Solvents","NMVOC","Gg","8.18380334437192"
"LT","2014","N14 F_RoadTransport","NMVOC","Gg","4.64497357646897"
"LT","2014","N14 G_Shipping","NMVOC","Gg","0.0130004666355576"
"LT","2014","N14 H_Aviation","NMVOC","Gg","0.0099485"
"LT","2014","N14 I_Offroad","NMVOC","Gg","0.710194517734217"
"LT","2014","N14 J_Waste","NMVOC","Gg","1.2028120533"
"LT","2014","N14 K_AgriLivestock","NMVOC","Gg","11.6091086500445"
"LT","2014","N14 L_AgriOther","NMVOC","Gg","2.00876725"
"LT","2014","N14 M_Other","NMVOC","Gg","0"
"LT","2014","N14 P_IntShipping","NMVOC","Gg","0.032"
"LT","2014","N14 N_Natural","NMVOC","Gg","0.099495"
"KZ","2002","N14 C_OtherStatComb","NMVOC","Gg","0"
"KZ","2002","N14 D_Fugitive","NMVOC","Gg","0"
"KZ","2002","N14 E_Solvents","NMVOC","Gg","20.01251580822"
"KZ","2002","N14 F_RoadTransport","NMVOC","Gg","22.9897826715011"
"KZ","2002","N14 G_Shipping","NMVOC","Gg","0.738619701772968"
"KZ","2002","N14 H_Aviation","NMVOC","Gg","0.271898979664"
"KZ","2002","N14 I_Offroad","NMVOC","Gg","1.44935950604651"
"KZ","2002","N14 J_Waste","NMVOC","Gg","4.916975"
"KZ","2002","N14 K_AgriLivestock","NMVOC","Gg","58.428938"
"KZ","2002","N14 L_AgriOther","NMVOC","Gg","15.270418"
"KZ","2002","N14 M_Other","NMVOC","Gg","0"
"KZ","2002","N14 N_Natural","NMVOC","Gg","41.881"
"RU","2010","N14 A_PublicPower","NMVOC","Gg","4.886204591"
"RU","2010","N14 B_Industry","NMVOC","Gg","545.045633724"
"RU","2010","N14 C_OtherStatComb","NMVOC","Gg","13.0059745745437"
"RU","2010","N14 D_Fugitive","NMVOC","Gg","232.2516107"
"RU","2010","N14 E_Solvents","NMVOC","Gg","153.2884716"
"RU","2010","N14 F_RoadTransport","NMVOC","Gg","931.742774876067"
"RU","2010","N14 G_Shipping","NMVOC","Gg","2.2014361"
"RU","2010","N14 H_Aviation","NMVOC","Gg","3.220245"
"RU","2010","N14 I_Offroad","NMVOC","Gg","187.926519391974"
"RU","2010","N14 J_Waste","NMVOC","Gg","22.2"
"RU","2010","N14 K_AgriLivestock","NMVOC","Gg","246.0663646025"
"RU","2010","N14 L_AgriOther","NMVOC","Gg","119.714064"
"RU","2010","N14 M_Other","NMVOC","Gg","27.0828881220001"
"RU","2010","N14 O_AviCruise","NMVOC","Gg","0"
"RU","2010","N14 P_IntShipping","NMVOC","Gg","0"
"RU","2010","N14 N_Natural","NMVOC","Gg","198.10257"
"RU","2010","N14 z_Memo","NMVOC","Gg","0"
"IE","2002","N14 A_PublicPower","NMVOC","Gg","0.379958563573801"
"IE","2002","N14 B_Industry","NMVOC","Gg","14.3649784682556"
"IE","2002","N14 C_OtherStatComb","NMVOC","Gg","12.0034990114152"
"IE","2002","N14 D_Fugitive","NMVOC","Gg","6.26405906788636"
"IE","2002","N14 E_Solvents","NMVOC","Gg","23.1982437186566"
"IE","2002","N14 F_RoadTransport","NMVOC","Gg","19.2262946695944"
"IE","2002","N14 G_Shipping","NMVOC","Gg","0.140289810765832"
"IE","2002","N14 H_Aviation","NMVOC","Gg","0.133804346928019"
"IE","2002","N14 I_Offroad","NMVOC","Gg","1.396894559542"
"IE","2002","N14 J_Waste","NMVOC","Gg","1.07131328702834"
"IE","2002","N14 K_AgriLivestock","NMVOC","Gg","39.8038375576744"
"IE","2002","N14 L_AgriOther","NMVOC","Gg","3.75992"
"IE","2002","N14 M_Other","NMVOC","Gg","0"
"IE","2002","N14 O_AviCruise","NMVOC","Gg","0.314147944559531"
"IE","2002","N14 P_IntShipping","NMVOC","Gg","0.398"
"IE","2002","N14 N_Natural","NMVOC","Gg","0"
"IE","2002","N14 z_Memo","NMVOC","Gg","17.8725829241721"
"MT","2004","N14 A_PublicPower","NMVOC","Gg","0.13"
"MT","2004","N14 B_Industry","NMVOC","Gg","0.235827298098605"
"MT","2004","N14 C_OtherStatComb","NMVOC","Gg","0.03242933721503"
"MT","2004","N14 D_Fugitive","NMVOC","Gg","0.118"
"MT","2004","N14 E_Solvents","NMVOC","Gg","2.0053836"
"MT","2004","N14 F_RoadTransport","NMVOC","Gg","0.918832240729681"
"MT","2004","N14 G_Shipping","NMVOC","Gg","0.0526444796213115"
"MT","2004","N14 H_Aviation","NMVOC","Gg","0.0204661"
"MT","2004","N14 I_Offroad","NMVOC","Gg","0.3359245914403"
"MT","2004","N14 J_Waste","NMVOC","Gg","0.00073865"
"MT","2004","N14 K_AgriLivestock","NMVOC","Gg","0"
"MT","2004","N14 L_AgriOther","NMVOC","Gg","0"
"MT","2004","N14 M_Other","NMVOC","Gg","0.004161"
"MT","2004","N14 O_AviCruise","NMVOC","Gg","0.0075455"
"MT","2004","N14 P_IntShipping","NMVOC","Gg","0.20493286"
"CY","1996","N14 A_PublicPower","NMVOC","Gg","0.067650296888"
"CY","1996","N14 B_Industry","NMVOC","Gg","0.972425091583333"
"CY","1996","N14 C_OtherStatComb","NMVOC","Gg","0.0539065545389765"
"CY","1996","N14 D_Fugitive","NMVOC","Gg","0.972662049382716"
"CY","1996","N14 E_Solvents","NMVOC","Gg","7.3160781878646"
"CY","1996","N14 F_RoadTransport","NMVOC","Gg","6.24563143573936"
"CY","1996","N14 G_Shipping","NMVOC","Gg","0.00274033725625204"
"CY","1996","N14 H_Aviation","NMVOC","Gg","0.0149501021453995"
"CY","1996","N14 I_Offroad","NMVOC","Gg","0.0754857384186143"
"CY","1996","N14 J_Waste","NMVOC","Gg","0.608121041288667"
"CY","1996","N14 K_AgriLivestock","NMVOC","Gg","1.15172745682219"
"CY","1996","N14 L_AgriOther","NMVOC","Gg","0.0630658"
"CY","1996","N14 M_Other","NMVOC","Gg","0"
"CY","1996","N14 O_AviCruise","NMVOC","Gg","0"
"CY","1996","N14 P_IntShipping","NMVOC","Gg","0.118"
"CY","1996","N14 N_Natural","NMVOC","Gg","0"
"CY","1996","N14 z_Memo","NMVOC","Gg","6.26332187514102"
"HR","2014","N14 A_PublicPower","NMVOC","Gg","0.21366918619373"
"HR","2014","N14 B_Industry","NMVOC","Gg","6.98948110507472"
"HR","2014","N14 C_OtherStatComb","NMVOC","Gg","16.11312971885"
"HR","2014","N14 D_Fugitive","NMVOC","Gg","3.2844225923851"
"HR","2014","N14 E_Solvents","NMVOC","Gg","20.8396582276634"
"HR","2014","N14 F_RoadTransport","NMVOC","Gg","6.34692832599422"
"HR","2014","N14 G_Shipping","NMVOC","Gg","0.3128960226"
"HR","2014","N14 H_Aviation","NMVOC","Gg","0.020579380485"
"HR","2014","N14 I_Offroad","NMVOC","Gg","1.06902003842293"
"HR","2014","N14 J_Waste","NMVOC","Gg","2.8598955525"
"HR","2014","N14 K_AgriLivestock","NMVOC","Gg","7.451208311386"
"HR","2014","N14 L_AgriOther","NMVOC","Gg","1.2976411"
"HR","2014","N14 M_Other","NMVOC","Gg","0"
"HR","2014","N14 O_AviCruise","NMVOC","Gg","0.05023250993"
"HR","2014","N14 P_IntShipping","NMVOC","Gg","0"
"HR","2014","N14 N_Natural","NMVOC","Gg","0.0573"
"HR","2014","N14 z_Memo","NMVOC","Gg","0"
"NO","2005","N14 A_PublicPower","NMVOC","Gg","0.7094417457"
"NO","2005","N14 B_Industry","NMVOC","Gg","8.335129005"
"NO","2005","N14 C_OtherStatComb","NMVOC","Gg","9.26715761"
"NO","2005","N14 D_Fugitive","NMVOC","Gg","116.8870029561"
"NO","2005","N14 E_Solvents","NMVOC","Gg","46.1982266647"
"NO","2005","N14 F_RoadTransport","NMVOC","Gg","19.7891682407"
"NO","2005","N14 G_Shipping","NMVOC","Gg","3.1959768014"
"NO","2005","N14 H_Aviation","NMVOC","Gg","0.3412592605"
"NO","2005","N14 I_Offroad","NMVOC","Gg","26.7296080671"
"NO","2005","N14 J_Waste","NMVOC","Gg","1.1207763458"
"NO","2005","N14 K_AgriLivestock","NMVOC","Gg","10.1151108652"
"NO","2005","N14 L_AgriOther","NMVOC","Gg","0.7839339742"
"NO","2005","N14 M_Other","NMVOC","Gg","0"
"NO","2005","N14 O_AviCruise","NMVOC","Gg","1.0461709914"
"NO","2005","N14 P_IntShipping","NMVOC","Gg","0.5038603892"
"NO","2005","N14 N_Natural","NMVOC","Gg","0"
"NO","2005","N14 z_Memo","NMVOC","Gg","24.278555412"
"NL","1990","N14 A_PublicPower","NMVOC","Gg","0.702588403"
"NL","1990","N14 B_Industry","NMVOC","Gg","78.324856988"
"NL","1990","N14 C_OtherStatComb","NMVOC","Gg","14.643650566"
"NL","1990","N14 D_Fugitive","NMVOC","Gg","47.37442255"
"NL","1990","N14 E_Solvents","NMVOC","Gg","157.695330831"
"NL","1990","N14 F_RoadTransport","NMVOC","Gg","188.201082981"
"NL","1990","N14 G_Shipping","NMVOC","Gg","1.997397175"
"NL","1990","N14 H_Aviation","NMVOC","Gg","0.378650882"
"NL","1990","N14 I_Offroad","NMVOC","Gg","12.858837982"
"NL","1990","N14 J_Waste","NMVOC","Gg","2.387104435"
"NL","1990","N14 K_AgriLivestock","NMVOC","Gg","41.81579863"
"NL","1990","N14 L_AgriOther","NMVOC","Gg","57.119362358"
"NL","1990","N14 M_Other","NMVOC","Gg","0.399584682"
"NL","1990","N14 O_AviCruise","NMVOC","Gg","0"
"NL","1990","N14 P_IntShipping","NMVOC","Gg","2.732398341"
"NL","1990","N14 N_Natural","NMVOC","Gg","0"
"NL","1990","N14 z_Memo","NMVOC","Gg","184.965301756"
"LV","2009","N14 A_PublicPower","NMVOC","Gg","0.115150994934175"
"LV","2009","N14 B_Industry","NMVOC","Gg","4.29029515485593"
"LV","2009","N14 C_OtherStatComb","NMVOC","Gg","15.5286133441012"
"LV","2009","N14 D_Fugitive","NMVOC","Gg","2.44458416875142"
"LV","2009","N14 E_Solvents","NMVOC","Gg","5.71543037340008"
"LV","2009","N14 F_RoadTransport","NMVOC","Gg","4.14455655024073"
"LV","2009","N14 G_Shipping","NMVOC","Gg","0.0271550136487716"
"LV","2009","N14 H_Aviation","NMVOC","Gg","0.0379745"
"LV","2009","N14 I_Offroad","NMVOC","Gg","1.48608784968062"
"LV","2009","N14 J_Waste","NMVOC","Gg","0.99822851919"
"LV","2009","N14 K_AgriLivestock","NMVOC","Gg","5.85978624573037"
"LV","2009","N14 L_AgriOther","NMVOC","Gg","1.10803"
"LV","2009","N14 M_Other","NMVOC","Gg","0"
"LV","2009","N14 O_AviCruise","NMVOC","Gg","0.0394406278349919"
"LV","2009","N14 P_IntShipping","NMVOC","Gg","0.7594"
"LV","2009","N14 N_Natural","NMVOC","Gg","0.323"
"LV","2009","N14 z_Memo","NMVOC","Gg","0"
"CZ","2017","N14 A_PublicPower","NMVOC","Gg","4.99872813200001"
"CZ","2017","N14 B_Industry","NMVOC","Gg","4.324528081"
"CZ","2017","N14 C_OtherStatComb","NMVOC","Gg","101.200165554666"
"CZ","2017","N14 D_Fugitive","NMVOC","Gg","6.50683259"
"CZ","2017","N14 E_Solvents","NMVOC","Gg","68.7948155737436"
"CZ","2017","N14 F_RoadTransport","NMVOC","Gg","12.8405768669123"
"CZ","2017","N14 G_Shipping","NMVOC","Gg","0.018739512"
"CZ","2017","N14 H_Aviation","NMVOC","Gg","0.0905632500000001"
"CZ","2017","N14 I_Offroad","NMVOC","Gg","3.22221007722665"
"CZ","2017","N14 J_Waste","NMVOC","Gg","5.34293366413352"
"CZ","2017","N14 K_AgriLivestock","NMVOC","Gg","0"
"CZ","2017","N14 L_AgriOther","NMVOC","Gg","0"
"CZ","2017","N14 M_Other","NMVOC","Gg","0"
"CZ","2017","N14 O_AviCruise","NMVOC","Gg","0.53920425"
"CZ","2017","N14 P_IntShipping","NMVOC","Gg","0"
"CZ","2017","N14 N_Natural","NMVOC","Gg","0.085"
"CZ","2017","N14 z_Memo","NMVOC","Gg","13.3656776917123"
"EU12","1996","N14 A_PublicPower","NMVOC","Gg","26.9269377876466"
"EU12","1996","N14 B_Industry","NMVOC","Gg","625.634018252325"
"EU12","1996","N14 C_OtherStatComb","NMVOC","Gg","888.504668263567"
"EU12","1996","N14 D_Fugitive","NMVOC","Gg","1049.74448443074"
"EU12","1996","N14 E_Solvents","NMVOC","Gg","3312.5685790029"
"EU12","1996","N14 F_RoadTransport","NMVOC","Gg","3339.24060726874"
"EU12","1996","N14 G_Shipping","NMVOC","Gg","87.8550396462861"
"EU12","1996","N14 H_Aviation","NMVOC","Gg","9.98901505581727"
"EU12","1996","N14 I_Offroad","NMVOC","Gg","286.901866400236"
"EU12","1996","N14 J_Waste","NMVOC","Gg","57.2028441170802"
"EU12","1996","N14 K_AgriLivestock","NMVOC","Gg","652.155305990687"
"EU12","1996","N14 L_AgriOther","NMVOC","Gg","174.483955367071"
"EU12","1996","N14 M_Other","NMVOC","Gg","1.518245174205"
"EU12","1996","N14 O_AviCruise","NMVOC","Gg","7.13212922363498"
"EU12","1996","N14 P_IntShipping","NMVOC","Gg","38.7438621362947"
"EU12","1996","N14 N_Natural","NMVOC","Gg","1928.2529649675"
"EU12","1996","N14 z_Memo","NMVOC","Gg","1368.30283284042"
"MK","1991","N14 A_PublicPower","NMVOC","Gg","0.07102361972748"
"MK","1991","N14 B_Industry","NMVOC","Gg","1.69714450608976"
"MK","1991","N14 C_OtherStatComb","NMVOC","Gg","8.42708400045628"
"MK","1991","N14 D_Fugitive","NMVOC","Gg","2.50395877666042"
"MK","1991","N14 E_Solvents","NMVOC","Gg","9.03446036670293"
"MK","1991","N14 F_RoadTransport","NMVOC","Gg","11.7640433994311"
"MK","1991","N14 G_Shipping","NMVOC","Gg","4.38266276441755e-05"
"MK","1991","N14 H_Aviation","NMVOC","Gg","0.00242532649878069"
"MK","1991","N14 I_Offroad","NMVOC","Gg","0.924636497800333"
"MK","1991","N14 J_Waste","NMVOC","Gg","1.37304763499992"
"MK","1991","N14 K_AgriLivestock","NMVOC","Gg","4.50709060540181"
"MK","1991","N14 L_AgriOther","NMVOC","Gg","1.1137"
"MK","1991","N14 M_Other","NMVOC","Gg","0"
"MK","1991","N14 O_AviCruise","NMVOC","Gg","0.369756015460406"
"MK","1991","N14 P_IntShipping","NMVOC","Gg","0"
"MK","1991","N14 N_Natural","NMVOC","Gg","0"
"MK","1991","N14 z_Memo","NMVOC","Gg","0"
"CA","1991","N14 A_PublicPower","NMVOC","Gg","2.65746125949412"
"CA","1991","N14 B_Industry","NMVOC","Gg","274.773129333773"
"CA","1991","N14 C_OtherStatComb","NMVOC","Gg","354.126590878774"
"CA","1991","N14 D_Fugitive","NMVOC","Gg","613.402032400909"
"CA","1991","N14 E_Solvents","NMVOC","Gg","356.099804742292"
"CA","1991","N14 F_RoadTransport","NMVOC","Gg","395.907672387221"
"CA","1991","N14 G_Shipping","NMVOC","Gg","5.92285379107885"
"CA","1991","N14 H_Aviation","NMVOC","Gg","2.00195884789906"
"CA","1991","N14 I_Offroad","NMVOC","Gg","796.879412402582"
"CA","1991","N14 J_Waste","NMVOC","Gg","16.0824250207342"
"CA","1991","N14 K_AgriLivestock","NMVOC","Gg","103.533728924913"
"CA","1991","N14 L_AgriOther","NMVOC","Gg","1.83682397978482"
"CA","1991","N14 M_Other","NMVOC","Gg","44.7351447058088"
"CA","1991","N14 O_AviCruise","NMVOC","Gg","2.22641315018373"
"CA","1991","N14 P_IntShipping","NMVOC","Gg","0"
"CA","1991","N14 N_Natural","NMVOC","Gg","0"
"CA","1991","N14 z_Memo","NMVOC","Gg","0"
"FI","1994","N14 A_PublicPower","NMVOC","Gg","0.543075376900001"
"FI","1994","N14 B_Industry","NMVOC","Gg","20.3899087642698"
"FI","1994","N14 C_OtherStatComb","NMVOC","Gg","14.8951961051889"
"FI","1994","N14 D_Fugitive","NMVOC","Gg","15.29345168"
"FI","1994","N14 E_Solvents","NMVOC","Gg","37.819321541731"
"FI","1994","N14 F_RoadTransport","NMVOC","Gg","68.8797408072687"
"FI","1994","N14 G_Shipping","NMVOC","Gg","9.80969151484171"
"FI","1994","N14 H_Aviation","NMVOC","Gg","0.0937050710047092"
"FI","1994","N14 I_Offroad","NMVOC","Gg","22.1126817369569"
"FI","1994","N14 J_Waste","NMVOC","Gg","0.258393445"
"FI","1994","N14 K_AgriLivestock","NMVOC","Gg","12.9575838415821"
"FI","1994","N14 L_AgriOther","NMVOC","Gg","4.2398067266754"
"FI","1994","N14 M_Other","NMVOC","Gg","0"
"FI","1994","N14 O_AviCruise","NMVOC","Gg","0.134331227226499"
"FI","1994","N14 P_IntShipping","NMVOC","Gg","1.1212"
"FI","1994","N14 N_Natural","NMVOC","Gg","0"
"FI","1994","N14 z_Memo","NMVOC","Gg","0"
"EU27","2017","N14 A_PublicPower","NMVOC","Gg","39.2232148738336"
"EU27","2017","N14 B_Industry","NMVOC","Gg","662.306209470448"
"EU27","2017","N14 C_OtherStatComb","NMVOC","Gg","1013.63865647091"
"EU27","2017","N14 D_Fugitive","NMVOC","Gg","468.911440967467"
"EU27","2017","N14 E_Solvents","NMVOC","Gg","2612.09337319436"
"EU27","2017","N14 F_RoadTransport","NMVOC","Gg","565.232180516624"
"EU27","2017","N14 G_Shipping","NMVOC","Gg","45.7857779951889"
"EU27","2017","N14 H_Aviation","NMVOC","Gg","7.53697805185821"
"EU27","2017","N14 I_Offroad","NMVOC","Gg","159.32967370392"
"EU27","2017","N14 J_Waste","NMVOC","Gg","65.2608305309404"
"EU27","2017","N14 K_AgriLivestock","NMVOC","Gg","887.167186370598"
"EU27","2017","N14 L_AgriOther","NMVOC","Gg","223.721766323586"
"EU27","2017","N14 M_Other","NMVOC","Gg","1.982357906406"
"EU27","2017","N14 O_AviCruise","NMVOC","Gg","12.8706740163102"
"EU27","2017","N14 P_IntShipping","NMVOC","Gg","50.1308838453255"
"EU27","2017","N14 N_Natural","NMVOC","Gg","2567.10573810883"
"EU27","2017","N14 z_Memo","NMVOC","Gg","1610.85776615924"
"BE","2010","N14 A_PublicPower","NMVOC","Gg","0.551649433743003"
"BE","2010","N14 B_Industry","NMVOC","Gg","20.8655627976177"
"BE","2010","N14 C_OtherStatComb","NMVOC","Gg","16.8313866531165"
"BE","2010","N14 D_Fugitive","NMVOC","Gg","8.78259545366995"
"BE","2010","N14 E_Solvents","NMVOC","Gg","47.0031145286643"
"BE","2010","N14 F_RoadTransport","NMVOC","Gg","12.0647612333417"
"BE","2010","N14 G_Shipping","NMVOC","Gg","0.300108511883804"
"BE","2010","N14 H_Aviation","NMVOC","Gg","0.156409450654067"
"BE","2010","N14 I_Offroad","NMVOC","Gg","5.00234614034899"
"BE","2010","N14 J_Waste","NMVOC","Gg","1.0619684649794"
"BE","2010","N14 K_AgriLivestock","NMVOC","Gg","24.490800123"
"BE","2010","N14 L_AgriOther","NMVOC","Gg","1.213487753"
"BE","2010","N14 M_Other","NMVOC","Gg","0"
"BE","2010","N14 O_AviCruise","NMVOC","Gg","0.955494809345931"
"BE","2010","N14 P_IntShipping","NMVOC","Gg","0.746856559315819"
"BE","2010","N14 N_Natural","NMVOC","Gg","46.6965723724"
"BE","2010","N14 z_Memo","NMVOC","Gg","11.1335159582668"
"FI","2010","N14 A_PublicPower","NMVOC","Gg","1.37672008276096"
"FI","2010","N14 B_Industry","NMVOC","Gg","9.89334052016719"
"FI","2010","N14 C_OtherStatComb","NMVOC","Gg","25.240242613478"
"FI","2010","N14 D_Fugitive","NMVOC","Gg","9.00069503"
"FI","2010","N14 E_Solvents","NMVOC","Gg","20.903265232"
"FI","2010","N14 F_RoadTransport","NMVOC","Gg","13.708472841066"
"FI","2010","N14 G_Shipping","NMVOC","Gg","4.33063921262079"
"FI","2010","N14 H_Aviation","NMVOC","Gg","0.145786271154337"
"FI","2010","N14 I_Offroad","NMVOC","Gg","12.3356149901423"
"FI","2010","N14 J_Waste","NMVOC","Gg","0.140249353"
"FI","2010","N14 K_AgriLivestock","NMVOC","Gg","12.8155625841998"
"FI","2010","N14 L_AgriOther","NMVOC","Gg","3.96191597310821"
"FI","2010","N14 M_Other","NMVOC","Gg","0"
"FI","2010","N14 O_AviCruise","NMVOC","Gg","0.184913683438391"
"FI","2010","N14 P_IntShipping","NMVOC","Gg","0.4265"
"FI","2010","N14 N_Natural","NMVOC","Gg","0"
"FI","2010","N14 z_Memo","NMVOC","Gg","0"
"KZ","1993","N14 C_OtherStatComb","NMVOC","Gg","0"
"KZ","1993","N14 D_Fugitive","NMVOC","Gg","0"
"KZ","1993","N14 E_Solvents","NMVOC","Gg","21.97861855536"
"KZ","1993","N14 F_RoadTransport","NMVOC","Gg","35.4515849566507"
"KZ","1993","N14 G_Shipping","NMVOC","Gg","7.49460738994359"
"KZ","1993","N14 H_Aviation","NMVOC","Gg","0.169234132392"
"KZ","1993","N14 I_Offroad","NMVOC","Gg","1.43658462976744"
"KZ","1993","N14 J_Waste","NMVOC","Gg","5.47056"
"KZ","1993","N14 K_AgriLivestock","NMVOC","Gg","115.536321"
"KZ","1993","N14 L_AgriOther","NMVOC","Gg","25.851944"
"KZ","1993","N14 M_Other","NMVOC","Gg","0"
"KZ","1993","N14 N_Natural","NMVOC","Gg","3.838"
"MK","1992","N14 A_PublicPower","NMVOC","Gg","0.06820584579866"
"MK","1992","N14 B_Industry","NMVOC","Gg","1.85842686572912"
"MK","1992","N14 C_OtherStatComb","NMVOC","Gg","9.19225254622804"
"MK","1992","N14 D_Fugitive","NMVOC","Gg","1.96483923132931"
"MK","1992","N14 E_Solvents","NMVOC","Gg","8.83220043943881"
"MK","1992","N14 F_RoadTransport","NMVOC","Gg","14.3862932292421"
"MK","1992","N14 G_Shipping","NMVOC","Gg","3.06786393509228e-05"
"MK","1992","N14 H_Aviation","NMVOC","Gg","0.00226265216044784"
"MK","1992","N14 I_Offroad","NMVOC","Gg","1.08623075384848"
"MK","1992","N14 J_Waste","NMVOC","Gg","1.20939544591916"
"MK","1992","N14 K_AgriLivestock","NMVOC","Gg","4.49048642711237"
"MK","1992","N14 L_AgriOther","NMVOC","Gg","1.12488"
"MK","1992","N14 M_Other","NMVOC","Gg","0"
"MK","1992","N14 O_AviCruise","NMVOC","Gg","0.344955307106354"
"MK","1992","N14 P_IntShipping","NMVOC","Gg","0"
"MK","1992","N14 N_Natural","NMVOC","Gg","0"
"MK","1992","N14 z_Memo","NMVOC","Gg","0"
"EU12","2005","N14 A_PublicPower","NMVOC","Gg","25.6036211839795"
"EU12","2005","N14 B_Industry","NMVOC","Gg","504.693820225316"
"EU12","2005","N14 C_OtherStatComb","NMVOC","Gg","573.482959543183"
"EU12","2005","N14 D_Fugitive","NMVOC","Gg","578.796876091194"
"EU12","2005","N14 E_Solvents","NMVOC","Gg","2747.61162207073"
"EU12","2005","N14 F_RoadTransport","NMVOC","Gg","1219.69747305889"
"EU12","2005","N14 G_Shipping","NMVOC","Gg","80.0500248622336"
"EU12","2005","N14 H_Aviation","NMVOC","Gg","7.99861150628661"
"EU12","2005","N14 I_Offroad","NMVOC","Gg","215.436584247815"
"EU12","2005","N14 J_Waste","NMVOC","Gg","51.3220557247537"
"EU12","2005","N14 K_AgriLivestock","NMVOC","Gg","603.74327149251"
"EU12","2005","N14 L_AgriOther","NMVOC","Gg","170.406927794703"
"EU12","2005","N14 M_Other","NMVOC","Gg","1.941763907529"
"EU12","2005","N14 O_AviCruise","NMVOC","Gg","8.78625487975873"
"EU12","2005","N14 P_IntShipping","NMVOC","Gg","49.9366259926786"
"EU12","2005","N14 N_Natural","NMVOC","Gg","2101.9941549187"
"EU12","2005","N14 z_Memo","NMVOC","Gg","1558.81672716916"
"EU15","2012","N14 A_PublicPower","NMVOC","Gg","29.7655666966973"
"EU15","2012","N14 B_Industry","NMVOC","Gg","469.78182162542"
"EU15","2012","N14 C_OtherStatComb","NMVOC","Gg","618.305693142716"
"EU15","2012","N14 D_Fugitive","NMVOC","Gg","432.10468096448"
"EU15","2012","N14 E_Solvents","NMVOC","Gg","2268.83224662258"
"EU15","2012","N14 F_RoadTransport","NMVOC","Gg","538.488167579565"
"EU15","2012","N14 G_Shipping","NMVOC","Gg","49.1867348556649"
"EU15","2012","N14 H_Aviation","NMVOC","Gg","7.33227539965128"
"EU15","2012","N14 I_Offroad","NMVOC","Gg","157.134440795459"
"EU15","2012","N14 J_Waste","NMVOC","Gg","43.6257662072945"
"EU15","2012","N14 K_AgriLivestock","NMVOC","Gg","668.415605983685"
"EU15","2012","N14 L_AgriOther","NMVOC","Gg","189.527714305125"
"EU15","2012","N14 M_Other","NMVOC","Gg","1.938239584834"
"EU15","2012","N14 O_AviCruise","NMVOC","Gg","10.9848238037181"
"EU15","2012","N14 P_IntShipping","NMVOC","Gg","52.1233068999852"
"EU15","2012","N14 N_Natural","NMVOC","Gg","2171.65641429943"
"EU15","2012","N14 z_Memo","NMVOC","Gg","1474.42172005109"
"IE","1992","N14 A_PublicPower","NMVOC","Gg","0.214543523412999"
"IE","1992","N14 B_Industry","NMVOC","Gg","11.2396040383598"
"IE","1992","N14 C_OtherStatComb","NMVOC","Gg","24.005074563322"
"IE","1992","N14 D_Fugitive","NMVOC","Gg","3.69826045346803"
"IE","1992","N14 E_Solvents","NMVOC","Gg","23.265642364371"
"IE","1992","N14 F_RoadTransport","NMVOC","Gg","34.4251478812991"
"IE","1992","N14 G_Shipping","NMVOC","Gg","0.0791"
"IE","1992","N14 H_Aviation","NMVOC","Gg","0.102155392543501"
"IE","1992","N14 I_Offroad","NMVOC","Gg","1.54918405626643"
"IE","1992","N14 J_Waste","NMVOC","Gg","1.12803586390753"
"IE","1992","N14 K_AgriLivestock","NMVOC","Gg","38.0861461654352"
"IE","1992","N14 L_AgriOther","NMVOC","Gg","3.795352"
"IE","1992","N14 M_Other","NMVOC","Gg","0"
"IE","1992","N14 O_AviCruise","NMVOC","Gg","0.106076467642122"
"IE","1992","N14 P_IntShipping","NMVOC","Gg","0.0464"
"IE","1992","N14 N_Natural","NMVOC","Gg","0"
"IE","1992","N14 z_Memo","NMVOC","Gg","36.5879207764582"
"CY","2008","N14 A_PublicPower","NMVOC","Gg","0.117345850132"
"CY","2008","N14 B_Industry","NMVOC","Gg","0.36813979625"
"CY","2008","N14 C_OtherStatComb","NMVOC","Gg","0.0523078913848"
"CY","2008","N14 D_Fugitive","NMVOC","Gg","1.0874"
"CY","2008","N14 E_Solvents","NMVOC","Gg","13.9236045346876"
"CY","2008","N14 F_RoadTransport","NMVOC","Gg","3.8624166063478"
"CY","2008","N14 G_Shipping","NMVOC","Gg","0.00584758937337131"
"CY","2008","N14 H_Aviation","NMVOC","Gg","0.0191460313776864"
"CY","2008","N14 I_Offroad","NMVOC","Gg","0.0739946201056355"
"CY","2008","N14 J_Waste","NMVOC","Gg","0.828825847422097"
"CY","2008","N14 K_AgriLivestock","NMVOC","Gg","1.03521655298147"
"CY","2008","N14 L_AgriOther","NMVOC","Gg","0.034443"
"CY","2008","N14 M_Other","NMVOC","Gg","0"
"CY","2008","N14 O_AviCruise","NMVOC","Gg","0.0639012562255617"
"CY","2008","N14 P_IntShipping","NMVOC","Gg","0.101944480250093"
"CY","2008","N14 N_Natural","NMVOC","Gg","0"
"CY","2008","N14 z_Memo","NMVOC","Gg","3.88741022709887"
"EU28","2007","N14 A_PublicPower","NMVOC","Gg","44.2295030560227"
"EU28","2007","N14 B_Industry","NMVOC","Gg","701.416188362745"
"EU28","2007","N14 C_OtherStatComb","NMVOC","Gg","1095.3933720721"
"EU28","2007","N14 D_Fugitive","NMVOC","Gg","685.268817392857"
"EU28","2007","N14 E_Solvents","NMVOC","Gg","3385.37811262385"
"EU28","2007","N14 F_RoadTransport","NMVOC","Gg","1287.09810343357"
"EU28","2007","N14 G_Shipping","NMVOC","Gg","85.842484715295"
"EU28","2007","N14 H_Aviation","NMVOC","Gg","8.95227187128882"
"EU28","2007","N14 I_Offroad","NMVOC","Gg","300.687032029033"
"EU28","2007","N14 J_Waste","NMVOC","Gg","96.9452790532251"
"EU28","2007","N14 K_AgriLivestock","NMVOC","Gg","873.038618857676"
"EU28","2007","N14 L_AgriOther","NMVOC","Gg","223.036548799584"
"EU28","2007","N14 M_Other","NMVOC","Gg","1.861575057546"
"EU28","2007","N14 O_AviCruise","NMVOC","Gg","12.2204239251698"
"EU28","2007","N14 P_IntShipping","NMVOC","Gg","61.2413762069359"
"EU28","2007","N14 N_Natural","NMVOC","Gg","2417.84558185932"
"EU28","2007","N14 z_Memo","NMVOC","Gg","1386.25881325216"
"TR","2013","N14 A_PublicPower","NMVOC","Gg","3.086159308"
"TR","2013","N14 B_Industry","NMVOC","Gg","140.767904086163"
"TR","2013","N14 C_OtherStatComb","NMVOC","Gg","152.1438244418"
"TR","2013","N14 D_Fugitive","NMVOC","Gg","0"
"TR","2013","N14 E_Solvents","NMVOC","Gg","247.865430490183"
"TR","2013","N14 F_RoadTransport","NMVOC","Gg","41.1533849303541"
"TR","2013","N14 G_Shipping","NMVOC","Gg","1.0368"
"TR","2013","N14 H_Aviation","NMVOC","Gg","4.54558608335425"
"TR","2013","N14 I_Offroad","NMVOC","Gg","0.68490975"
"TR","2013","N14 J_Waste","NMVOC","Gg","41.785957815"
"TR","2013","N14 K_AgriLivestock","NMVOC","Gg","196.40521120212"
"TR","2013","N14 L_AgriOther","NMVOC","Gg","209.70344318897"
"TR","2013","N14 O_AviCruise","NMVOC","Gg","0.0573230245624706"
"TR","2013","N14 P_IntShipping","NMVOC","Gg","0"
"TR","2013","N14 N_Natural","NMVOC","Gg","0"
"EU15","2005","N14 A_PublicPower","NMVOC","Gg","29.6067644595859"
"EU15","2005","N14 B_Industry","NMVOC","Gg","534.268234137235"
"EU15","2005","N14 C_OtherStatComb","NMVOC","Gg","631.194444741488"
"EU15","2005","N14 D_Fugitive","NMVOC","Gg","603.580758275958"
"EU15","2005","N14 E_Solvents","NMVOC","Gg","2902.23663699425"
"EU15","2005","N14 F_RoadTransport","NMVOC","Gg","1307.2644651578"
"EU15","2005","N14 G_Shipping","NMVOC","Gg","93.4304713362277"
"EU15","2005","N14 H_Aviation","NMVOC","Gg","8.7768666129011"
"EU15","2005","N14 I_Offroad","NMVOC","Gg","261.413750252249"
"EU15","2005","N14 J_Waste","NMVOC","Gg","53.0753427186201"
"EU15","2005","N14 K_AgriLivestock","NMVOC","Gg","666.648120399041"
"EU15","2005","N14 L_AgriOther","NMVOC","Gg","196.923704490236"
"EU15","2005","N14 M_Other","NMVOC","Gg","1.941763907529"
"EU15","2005","N14 O_AviCruise","NMVOC","Gg","10.0893452247161"
"EU15","2005","N14 P_IntShipping","NMVOC","Gg","53.1203160390386"
"EU15","2005","N14 N_Natural","NMVOC","Gg","2101.9941549187"
"EU15","2005","N14 z_Memo","NMVOC","Gg","1558.81672716916"
"HU","2007","N14 A_PublicPower","NMVOC","Gg","2.80709232148106"
"HU","2007","N14 B_Industry","NMVOC","Gg","13.1695118705352"
"HU","2007","N14 C_OtherStatComb","NMVOC","Gg","25.8310796615"
"HU","2007","N14 D_Fugitive","NMVOC","Gg","3.36288707585708"
"HU","2007","N14 E_Solvents","NMVOC","Gg","45.8741906875251"
"HU","2007","N14 F_RoadTransport","NMVOC","Gg","33.37451361637"
"HU","2007","N14 G_Shipping","NMVOC","Gg","0.0214666666666667"
"HU","2007","N14 H_Aviation","NMVOC","Gg","0.00445646829693359"
"HU","2007","N14 I_Offroad","NMVOC","Gg","2.30078880277985"
"HU","2007","N14 J_Waste","NMVOC","Gg","2.38469703654553"
"HU","2007","N14 K_AgriLivestock","NMVOC","Gg","22.39610049367"
"HU","2007","N14 L_AgriOther","NMVOC","Gg","3.68811774"
"HU","2007","N14 M_Other","NMVOC","Gg","0"
"HU","2007","N14 O_AviCruise","NMVOC","Gg","0.0100239388876183"
"HU","2007","N14 P_IntShipping","NMVOC","Gg","0"
"HU","2007","N14 N_Natural","NMVOC","Gg","0"
"HU","2007","N14 z_Memo","NMVOC","Gg","0"
"GR","2004","N14 A_PublicPower","NMVOC","Gg","1.69906840513308"
"GR","2004","N14 B_Industry","NMVOC","Gg","18.43363031538"
"GR","2004","N14 C_OtherStatComb","NMVOC","Gg","7.85945205836"
"GR","2004","N14 D_Fugitive","NMVOC","Gg","21.5256075"
"GR","2004","N14 E_Solvents","NMVOC","Gg","132.907039577147"
"GR","2004","N14 F_RoadTransport","NMVOC","Gg","104.66317980916"
"GR","2004","N14 G_Shipping","NMVOC","Gg","1.8749"
"GR","2004","N14 H_Aviation","NMVOC","Gg","0.0115910004805351"
"GR","2004","N14 I_Offroad","NMVOC","Gg","7.73405344"
"GR","2004","N14 J_Waste","NMVOC","Gg","4.96061097383658"
"GR","2004","N14 K_AgriLivestock","NMVOC","Gg","14.882993220746"
"GR","2004","N14 L_AgriOther","NMVOC","Gg","3.47505017256"
"GR","2004","N14 M_Other","NMVOC","Gg","0"
"GR","2004","N14 O_AviCruise","NMVOC","Gg","0.018301779109418"
"GR","2004","N14 P_IntShipping","NMVOC","Gg","8.9059"
"PT","2009","N14 A_PublicPower","NMVOC","Gg","1.27930100407934"
"PT","2009","N14 B_Industry","NMVOC","Gg","25.125944089882"
"PT","2009","N14 C_OtherStatComb","NMVOC","Gg","15.1291626485271"
"PT","2009","N14 D_Fugitive","NMVOC","Gg","9.39236602051839"
"PT","2009","N14 E_Solvents","NMVOC","Gg","78.8701346185697"
"PT","2009","N14 F_RoadTransport","NMVOC","Gg","27.4202323481925"
"PT","2009","N14 G_Shipping","NMVOC","Gg","0.198460672904608"
"PT","2009","N14 H_Aviation","NMVOC","Gg","0.459920466505113"
"PT","2009","N14 I_Offroad","NMVOC","Gg","0.777044414740515"
"PT","2009","N14 J_Waste","NMVOC","Gg","2.42294649199702"
"PT","2009","N14 K_AgriLivestock","NMVOC","Gg","7.87055859175667"
"PT","2009","N14 L_AgriOther","NMVOC","Gg","6.67220984078175"
"PT","2009","N14 M_Other","NMVOC","Gg","0"
"PT","2009","N14 O_AviCruise","NMVOC","Gg","0.326273228430287"
"PT","2009","N14 P_IntShipping","NMVOC","Gg","1.57349384298567"
"PT","2009","N14 N_Natural","NMVOC","Gg","532.669938383036"
"PT","2009","N14 z_Memo","NMVOC","Gg","0"
"SE","2012","N14 A_PublicPower","NMVOC","Gg","3.31880270659957"
"SE","2012","N14 B_Industry","NMVOC","Gg","11.2372722588208"
"SE","2012","N14 C_OtherStatComb","NMVOC","Gg","12.3906941453233"
"SE","2012","N14 D_Fugitive","NMVOC","Gg","13.709952689388"
"SE","2012","N14 E_Solvents","NMVOC","Gg","59.5024740251629"
"SE","2012","N14 F_RoadTransport","NMVOC","Gg","12.8997088219693"
"SE","2012","N14 G_Shipping","NMVOC","Gg","4.53597032305325"
"SE","2012","N14 H_Aviation","NMVOC","Gg","0.175334077874189"
"SE","2012","N14 I_Offroad","NMVOC","Gg","14.5140221082645"
"SE","2012","N14 J_Waste","NMVOC","Gg","0.853276959587466"
"SE","2012","N14 K_AgriLivestock","NMVOC","Gg","20.8967133304767"
"SE","2012","N14 L_AgriOther","NMVOC","Gg","10.1624292452107"
"SE","2012","N14 M_Other","NMVOC","Gg","0"
"SE","2012","N14 O_AviCruise","NMVOC","Gg","0.531115879069447"
"SE","2012","N14 P_IntShipping","NMVOC","Gg","1.96918946736"
"SE","2012","N14 N_Natural","NMVOC","Gg","0"
"SE","2012","N14 z_Memo","NMVOC","Gg","0"
"EU15","2000","N14 A_PublicPower","NMVOC","Gg","28.8847822219083"
"EU15","2000","N14 B_Industry","NMVOC","Gg","569.928909103539"
"EU15","2000","N14 C_OtherStatComb","NMVOC","Gg","754.884718767112"
"EU15","2000","N14 D_Fugitive","NMVOC","Gg","825.681980797243"
"EU15","2000","N14 E_Solvents","NMVOC","Gg","3261.28698877554"
"EU15","2000","N14 F_RoadTransport","NMVOC","Gg","2319.64012638797"
"EU15","2000","N14 G_Shipping","NMVOC","Gg","98.2630550444343"
"EU15","2000","N14 H_Aviation","NMVOC","Gg","10.1245038453408"
"EU15","2000","N14 I_Offroad","NMVOC","Gg","306.607509386032"
"EU15","2000","N14 J_Waste","NMVOC","Gg","57.3555305404892"
"EU15","2000","N14 K_AgriLivestock","NMVOC","Gg","703.74221620556"
"EU15","2000","N14 L_AgriOther","NMVOC","Gg","205.64810529676"
"EU15","2000","N14 M_Other","NMVOC","Gg","1.960425104047"
"EU15","2000","N14 O_AviCruise","NMVOC","Gg","9.66388489611816"
"EU15","2000","N14 P_IntShipping","NMVOC","Gg","46.6257445545882"
"EU15","2000","N14 N_Natural","NMVOC","Gg","2025.36311721233"
"EU15","2000","N14 z_Memo","NMVOC","Gg","1475.79131907043"
"UA","2017","N14 A_PublicPower","NMVOC","Gg","28.1004572259978"
"UA","2017","N14 B_Industry","NMVOC","Gg","71.2961058068294"
"UA","2017","N14 C_OtherStatComb","NMVOC","Gg","16.5892015160059"
"UA","2017","N14 D_Fugitive","NMVOC","Gg","21.4831664451626"
"UA","2017","N14 E_Solvents","NMVOC","Gg","45.3341485236872"
"UA","2017","N14 F_RoadTransport","NMVOC","Gg","49.026133"
"UA","2017","N14 G_Shipping","NMVOC","Gg","0.130060232368434"
"UA","2017","N14 H_Aviation","NMVOC","Gg","0.12255904267"
"UA","2017","N14 I_Offroad","NMVOC","Gg","0.901463490913668"
"UA","2017","N14 J_Waste","NMVOC","Gg","3.31415389141978"
"UA","2017","N14 K_AgriLivestock","NMVOC","Gg","0.161478329659839"
"UA","2017","N14 L_AgriOther","NMVOC","Gg","0.00542312358227044"
"UA","2017","N14 M_Other","NMVOC","Gg","0"
"NL","2005","N14 A_PublicPower","NMVOC","Gg","0.560181343"
"NL","2005","N14 B_Industry","NMVOC","Gg","27.031707127"
"NL","2005","N14 C_OtherStatComb","NMVOC","Gg","13.598670662"
"NL","2005","N14 D_Fugitive","NMVOC","Gg","20.84605349"
"NL","2005","N14 E_Solvents","NMVOC","Gg","81.410004715"
"NL","2005","N14 F_RoadTransport","NMVOC","Gg","41.28018823"
"NL","2005","N14 G_Shipping","NMVOC","Gg","1.45238348"
"NL","2005","N14 H_Aviation","NMVOC","Gg","0.269729946"
"NL","2005","N14 I_Offroad","NMVOC","Gg","10.466257322"
"NL","2005","N14 J_Waste","NMVOC","Gg","1.688654963"
"NL","2005","N14 K_AgriLivestock","NMVOC","Gg","42.555313271"
"NL","2005","N14 L_AgriOther","NMVOC","Gg","24.094123155"
"NL","2005","N14 M_Other","NMVOC","Gg","0.409569864"
"NL","2005","N14 O_AviCruise","NMVOC","Gg","0"
"NL","2005","N14 P_IntShipping","NMVOC","Gg","3.701894094"
"NL","2005","N14 N_Natural","NMVOC","Gg","0"
"NL","2005","N14 z_Memo","NMVOC","Gg","40.704274552"
"EU28","2011","N14 A_PublicPower","NMVOC","Gg","44.9725320640809"
"EU28","2011","N14 B_Industry","NMVOC","Gg","638.929358245774"
"EU28","2011","N14 C_OtherStatComb","NMVOC","Gg","1035.59924045253"
"EU28","2011","N14 D_Fugitive","NMVOC","Gg","564.136248123209"
"EU28","2011","N14 E_Solvents","NMVOC","Gg","2844.6628796793"
"EU28","2011","N14 F_RoadTransport","NMVOC","Gg","820.089075254867"
"EU28","2011","N14 G_Shipping","NMVOC","Gg","58.9275801016359"
"EU28","2011","N14 H_Aviation","NMVOC","Gg","8.07771609627509"
"EU28","2011","N14 I_Offroad","NMVOC","Gg","213.468458682241"
"EU28","2011","N14 J_Waste","NMVOC","Gg","81.408563427283"
"EU28","2011","N14 K_AgriLivestock","NMVOC","Gg","856.314645626488"
"EU28","2011","N14 L_AgriOther","NMVOC","Gg","216.805783385259"
"EU28","2011","N14 M_Other","NMVOC","Gg","1.96516150681"
"EU28","2011","N14 O_AviCruise","NMVOC","Gg","12.4982764741668"
"EU28","2011","N14 P_IntShipping","NMVOC","Gg","58.6059856645889"
"EU28","2011","N14 N_Natural","NMVOC","Gg","2425.32817507962"
"EU28","2011","N14 z_Memo","NMVOC","Gg","1528.27289068388"
"IS","1997","N14 A_PublicPower","NMVOC","Gg","0.000216817"
"IS","1997","N14 B_Industry","NMVOC","Gg","0.45056798628254"
"IS","1997","N14 C_OtherStatComb","NMVOC","Gg","0.002053978553"
"IS","1997","N14 D_Fugitive","NMVOC","Gg","0.21592940270737"
"IS","1997","N14 E_Solvents","NMVOC","Gg","1.359866317621"
"IS","1997","N14 F_RoadTransport","NMVOC","Gg","5.97740024"
"IS","1997","N14 G_Shipping","NMVOC","Gg","0.0234172"
"IS","1997","N14 H_Aviation","NMVOC","Gg","0.0999980500506037"
"IS","1997","N14 I_Offroad","NMVOC","Gg","0.994898224"
"IS","1997","N14 J_Waste","NMVOC","Gg","0.53355365153384"
"IS","1997","N14 K_AgriLivestock","NMVOC","Gg","1.94890877394137"
"IS","1997","N14 L_AgriOther","NMVOC","Gg","6.91169709600254e-08"
"IS","1997","N14 M_Other","NMVOC","Gg","0"
"IS","1997","N14 O_AviCruise","NMVOC","Gg","0.126029299949396"
"IS","1997","N14 P_IntShipping","NMVOC","Gg","0.0335456"
"IS","1997","N14 N_Natural","NMVOC","Gg","0"
"IS","1997","N14 z_Memo","NMVOC","Gg","0"
"SK","1993","N14 A_PublicPower","NMVOC","Gg","0.172123016127467"
"SK","1993","N14 B_Industry","NMVOC","Gg","12.2475188947242"
"SK","1993","N14 C_OtherStatComb","NMVOC","Gg","110.06286483954"
"SK","1993","N14 D_Fugitive","NMVOC","Gg","11.1752498402491"
"SK","1993","N14 E_Solvents","NMVOC","Gg","64.718050743213"
"SK","1993","N14 F_RoadTransport","NMVOC","Gg","26.0186866241415"
"SK","1993","N14 G_Shipping","NMVOC","Gg","0.0378156456690038"
"SK","1993","N14 H_Aviation","NMVOC","Gg","0.00144635926802889"
"SK","1993","N14 I_Offroad","NMVOC","Gg","1.10527259239084"
"SK","1993","N14 J_Waste","NMVOC","Gg","0.959492850026517"
"SK","1993","N14 K_AgriLivestock","NMVOC","Gg","8.5292783434586"
"SK","1993","N14 L_AgriOther","NMVOC","Gg","3.60382101723984"
"SK","1993","N14 M_Other","NMVOC","Gg","0"
"SK","1993","N14 O_AviCruise","NMVOC","Gg","0.00242092142480669"
"SK","1993","N14 P_IntShipping","NMVOC","Gg","0"
"SK","1993","N14 N_Natural","NMVOC","Gg","0.577"
"SK","1993","N14 z_Memo","NMVOC","Gg","0"
"PL","2008","N14 A_PublicPower","NMVOC","Gg","2.30958916"
"PL","2008","N14 B_Industry","NMVOC","Gg","80.390942783397"
"PL","2008","N14 C_OtherStatComb","NMVOC","Gg","145.8332143715"
"PL","2008","N14 D_Fugitive","NMVOC","Gg","50.4222339550326"
"PL","2008","N14 E_Solvents","NMVOC","Gg","237.010539398481"
"PL","2008","N14 F_RoadTransport","NMVOC","Gg","108.329507455415"
"PL","2008","N14 G_Shipping","NMVOC","Gg","0.0199659157149439"
"PL","2008","N14 H_Aviation","NMVOC","Gg","0.0385083350745938"
"PL","2008","N14 I_Offroad","NMVOC","Gg","8.02725192964824"
"PL","2008","N14 J_Waste","NMVOC","Gg","16.6311211424907"
"PL","2008","N14 K_AgriLivestock","NMVOC","Gg","91.44574565775"
"PL","2008","N14 L_AgriOther","NMVOC","Gg","7.05148522256202"
"PL","2008","N14 M_Other","NMVOC","Gg","0"
"PL","2008","N14 O_AviCruise","NMVOC","Gg","0.267401208635049"
"PL","2008","N14 P_IntShipping","NMVOC","Gg","0.7614"
"PL","2008","N14 N_Natural","NMVOC","Gg","248.905547405897"
"PL","2008","N14 z_Memo","NMVOC","Gg","0"
"SE","2007","N14 A_PublicPower","NMVOC","Gg","2.97216824479712"
"SE","2007","N14 B_Industry","NMVOC","Gg","13.5662237218111"
"SE","2007","N14 C_OtherStatComb","NMVOC","Gg","13.1372253068859"
"SE","2007","N14 D_Fugitive","NMVOC","Gg","14.7713661379981"
"SE","2007","N14 E_Solvents","NMVOC","Gg","67.8131799799999"
"SE","2007","N14 F_RoadTransport","NMVOC","Gg","30.4721017381421"
"SE","2007","N14 G_Shipping","NMVOC","Gg","5.31012959438068"
"SE","2007","N14 H_Aviation","NMVOC","Gg","0.161142134267519"
"SE","2007","N14 I_Offroad","NMVOC","Gg","17.0603910952162"
"SE","2007","N14 J_Waste","NMVOC","Gg","1.30902896313542"
"SE","2007","N14 K_AgriLivestock","NMVOC","Gg","21.7294908606301"
"SE","2007","N14 L_AgriOther","NMVOC","Gg","10.188990244637"
"SE","2007","N14 M_Other","NMVOC","Gg","0"
"SE","2007","N14 O_AviCruise","NMVOC","Gg","0.699092943568819"
"SE","2007","N14 P_IntShipping","NMVOC","Gg","2.59289179524"
"SE","2007","N14 N_Natural","NMVOC","Gg","0"
"SE","2007","N14 z_Memo","NMVOC","Gg","0"
"IE","1996","N14 A_PublicPower","NMVOC","Gg","0.281019802930259"
"IE","1996","N14 B_Industry","NMVOC","Gg","11.3551907707038"
"IE","1996","N14 C_OtherStatComb","NMVOC","Gg","18.4691648042414"
"IE","1996","N14 D_Fugitive","NMVOC","Gg","4.11565255463711"
"IE","1996","N14 E_Solvents","NMVOC","Gg","24.1931811101156"
"IE","1996","N14 F_RoadTransport","NMVOC","Gg","30.8828808976215"
"IE","1996","N14 G_Shipping","NMVOC","Gg","0.0903"
"IE","1996","N14 H_Aviation","NMVOC","Gg","0.112888936856608"
"IE","1996","N14 I_Offroad","NMVOC","Gg","1.5367251090638"
"IE","1996","N14 J_Waste","NMVOC","Gg","1.13464018964468"
"IE","1996","N14 K_AgriLivestock","NMVOC","Gg","40.7627238453773"
"IE","1996","N14 L_AgriOther","NMVOC","Gg","3.733604"
"IE","1996","N14 M_Other","NMVOC","Gg","0"
"IE","1996","N14 O_AviCruise","NMVOC","Gg","0.125452806580295"
"IE","1996","N14 P_IntShipping","NMVOC","Gg","0.4366"
"IE","1996","N14 N_Natural","NMVOC","Gg","0"
"IE","1996","N14 z_Memo","NMVOC","Gg","31.7268162543367"
"CY","2000","N14 A_PublicPower","NMVOC","Gg","0.086718472694"
"CY","2000","N14 B_Industry","NMVOC","Gg","1.11623467625"
"CY","2000","N14 C_OtherStatComb","NMVOC","Gg","0.0430956657526987"
"CY","2000","N14 D_Fugitive","NMVOC","Gg","1.14578719588477"
"CY","2000","N14 E_Solvents","NMVOC","Gg","8.9826389698454"
"CY","2000","N14 F_RoadTransport","NMVOC","Gg","5.15414447335746"
"CY","2000","N14 G_Shipping","NMVOC","Gg","0.00274033725625204"
"CY","2000","N14 H_Aviation","NMVOC","Gg","0.0182375995131676"
"CY","2000","N14 I_Offroad","NMVOC","Gg","0.0828803295786143"
"CY","2000","N14 J_Waste","NMVOC","Gg","0.661207980303967"
"CY","2000","N14 K_AgriLivestock","NMVOC","Gg","1.1050248816376"
"CY","2000","N14 L_AgriOther","NMVOC","Gg","0.0519948"
"CY","2000","N14 M_Other","NMVOC","Gg","0"
"CY","2000","N14 O_AviCruise","NMVOC","Gg","0"
"CY","2000","N14 P_IntShipping","NMVOC","Gg","0.118"
"CY","2000","N14 N_Natural","NMVOC","Gg","0"
"CY","2000","N14 z_Memo","NMVOC","Gg","5.17512241012688"
"FR","1991","N14 A_PublicPower","NMVOC","Gg","1.69715001326885"
"FR","1991","N14 B_Industry","NMVOC","Gg","90.2391028550719"
"FR","1991","N14 C_OtherStatComb","NMVOC","Gg","625.445446094898"
"FR","1991","N14 D_Fugitive","NMVOC","Gg","168.364342450617"
"FR","1991","N14 E_Solvents","NMVOC","Gg","645.73972399584"
"FR","1991","N14 F_RoadTransport","NMVOC","Gg","886.930012775608"
"FR","1991","N14 G_Shipping","NMVOC","Gg","14.4685885065002"
"FR","1991","N14 H_Aviation","NMVOC","Gg","3.05023431371233"
"FR","1991","N14 I_Offroad","NMVOC","Gg","58.6064101389193"
"FR","1991","N14 J_Waste","NMVOC","Gg","11.4483897191523"
"FR","1991","N14 K_AgriLivestock","NMVOC","Gg","0"
"FR","1991","N14 L_AgriOther","NMVOC","Gg","2.5101155288428"
"FR","1991","N14 M_Other","NMVOC","Gg","0"
"FR","1991","N14 O_AviCruise","NMVOC","Gg","1.12216915864477"
"FR","1991","N14 P_IntShipping","NMVOC","Gg","7.07973449625345"
"FR","1991","N14 N_Natural","NMVOC","Gg","109.841824776307"
"FR","1991","N14 z_Memo","NMVOC","Gg","1423.51919657751"
"MK","2001","N14 A_PublicPower","NMVOC","Gg","0.0894327976432657"
"MK","2001","N14 B_Industry","NMVOC","Gg","2.31601498052299"
"MK","2001","N14 C_OtherStatComb","NMVOC","Gg","9.02005222207712"
"MK","2001","N14 D_Fugitive","NMVOC","Gg","3.75006496284238"
"MK","2001","N14 E_Solvents","NMVOC","Gg","7.45610374066497"
"MK","2001","N14 F_RoadTransport","NMVOC","Gg","9.82859867568677"
"MK","2001","N14 G_Shipping","NMVOC","Gg","2.22944149320371e-05"
"MK","2001","N14 H_Aviation","NMVOC","Gg","0.00254452218978892"
"MK","2001","N14 I_Offroad","NMVOC","Gg","0.788950758352409"
"MK","2001","N14 J_Waste","NMVOC","Gg","1.86122081423737"
"MK","2001","N14 K_AgriLivestock","NMVOC","Gg","3.79694528794723"
"MK","2001","N14 L_AgriOther","NMVOC","Gg","1.06984"
"MK","2001","N14 M_Other","NMVOC","Gg","0"
"MK","2001","N14 O_AviCruise","NMVOC","Gg","0.476970409725603"
"MK","2001","N14 P_IntShipping","NMVOC","Gg","0"
"MK","2001","N14 N_Natural","NMVOC","Gg","1.5765"
"MK","2001","N14 z_Memo","NMVOC","Gg","0"
"EU15","2016","N14 A_PublicPower","NMVOC","Gg","28.0663791374683"
"EU15","2016","N14 B_Industry","NMVOC","Gg","470.675991764684"
"EU15","2016","N14 C_OtherStatComb","NMVOC","Gg","585.874254065153"
"EU15","2016","N14 D_Fugitive","NMVOC","Gg","360.180750293221"
"EU15","2016","N14 E_Solvents","NMVOC","Gg","2093.75603734139"
"EU15","2016","N14 F_RoadTransport","NMVOC","Gg","423.570779981865"
"EU15","2016","N14 G_Shipping","NMVOC","Gg","45.0957962772356"
"EU15","2016","N14 H_Aviation","NMVOC","Gg","7.03893877665939"
"EU15","2016","N14 I_Offroad","NMVOC","Gg","127.750162206496"
"EU15","2016","N14 J_Waste","NMVOC","Gg","39.5726664955964"
"EU15","2016","N14 K_AgriLivestock","NMVOC","Gg","694.687844801796"
"EU15","2016","N14 L_AgriOther","NMVOC","Gg","196.119396499558"
"EU15","2016","N14 M_Other","NMVOC","Gg","1.981632653406"
"EU15","2016","N14 O_AviCruise","NMVOC","Gg","11.2170162663722"
"EU15","2016","N14 P_IntShipping","NMVOC","Gg","50.0620242398675"
"EU15","2016","N14 N_Natural","NMVOC","Gg","2197.33319891938"
"EU15","2016","N14 z_Memo","NMVOC","Gg","1549.78972021578"
"IE","2017","N14 A_PublicPower","NMVOC","Gg","0.301196593127712"
"IE","2017","N14 B_Industry","NMVOC","Gg","29.8217263193939"
"IE","2017","N14 C_OtherStatComb","NMVOC","Gg","7.86288070641984"
"IE","2017","N14 D_Fugitive","NMVOC","Gg","4.48972529749362"
"IE","2017","N14 E_Solvents","NMVOC","Gg","18.6418118354226"
"IE","2017","N14 F_RoadTransport","NMVOC","Gg","4.40623902052567"
"IE","2017","N14 G_Shipping","NMVOC","Gg","0.205366169443204"
"IE","2017","N14 H_Aviation","NMVOC","Gg","0.160340455663701"
"IE","2017","N14 I_Offroad","NMVOC","Gg","0.457492615103645"
"IE","2017","N14 J_Waste","NMVOC","Gg","0.530469462552338"
"IE","2017","N14 K_AgriLivestock","NMVOC","Gg","42.6268123139915"
"IE","2017","N14 L_AgriOther","NMVOC","Gg","3.84463"
"IE","2017","N14 M_Other","NMVOC","Gg","0"
"IE","2017","N14 O_AviCruise","NMVOC","Gg","0.311183000902997"
"IE","2017","N14 P_IntShipping","NMVOC","Gg","0.4221454"
"IE","2017","N14 N_Natural","NMVOC","Gg","0"
"IE","2017","N14 z_Memo","NMVOC","Gg","4.91236702338199"
"EU15","2013","N14 A_PublicPower","NMVOC","Gg","30.1954905913618"
"EU15","2013","N14 B_Industry","NMVOC","Gg","459.358915906379"
"EU15","2013","N14 C_OtherStatComb","NMVOC","Gg","636.745640162032"
"EU15","2013","N14 D_Fugitive","NMVOC","Gg","400.514250632053"
"EU15","2013","N14 E_Solvents","NMVOC","Gg","2199.95833958634"
"EU15","2013","N14 F_RoadTransport","NMVOC","Gg","496.844087579648"
"EU15","2013","N14 G_Shipping","NMVOC","Gg","47.3222402330126"
"EU15","2013","N14 H_Aviation","NMVOC","Gg","7.12939849466048"
"EU15","2013","N14 I_Offroad","NMVOC","Gg","144.199428038437"
"EU15","2013","N14 J_Waste","NMVOC","Gg","41.6676434853249"
"EU15","2013","N14 K_AgriLivestock","NMVOC","Gg","676.872925808296"
"EU15","2013","N14 L_AgriOther","NMVOC","Gg","190.366889757658"
"EU15","2013","N14 M_Other","NMVOC","Gg","1.961246608888"
"EU15","2013","N14 O_AviCruise","NMVOC","Gg","10.6910715915412"
"EU15","2013","N14 P_IntShipping","NMVOC","Gg","47.895530915056"
"EU15","2013","N14 N_Natural","NMVOC","Gg","2144.05409812647"
"EU15","2013","N14 z_Memo","NMVOC","Gg","1490.82977118721"
"EU09","1997","N14 A_PublicPower","NMVOC","Gg","23.0919445274897"
"EU09","1997","N14 B_Industry","NMVOC","Gg","512.520554450422"
"EU09","1997","N14 C_OtherStatComb","NMVOC","Gg","759.542318238319"
"EU09","1997","N14 D_Fugitive","NMVOC","Gg","981.646688721078"
"EU09","1997","N14 E_Solvents","NMVOC","Gg","2873.37554276602"
"EU09","1997","N14 F_RoadTransport","NMVOC","Gg","2698.94425951759"
"EU09","1997","N14 G_Shipping","NMVOC","Gg","83.3349435150291"
"EU09","1997","N14 H_Aviation","NMVOC","Gg","8.4583866917455"
"EU09","1997","N14 I_Offroad","NMVOC","Gg","256.162516332478"
"EU09","1997","N14 J_Waste","NMVOC","Gg","49.3527173749237"
"EU09","1997","N14 K_AgriLivestock","NMVOC","Gg","586.149233854232"
"EU09","1997","N14 L_AgriOther","NMVOC","Gg","83.4833595704309"
"EU09","1997","N14 M_Other","NMVOC","Gg","1.729301277352"
"EU09","1997","N14 O_AviCruise","NMVOC","Gg","6.0553941656132"
"EU09","1997","N14 P_IntShipping","NMVOC","Gg","28.2748605112449"
"EU09","1997","N14 N_Natural","NMVOC","Gg","1468.97730147606"
"EU09","1997","N14 z_Memo","NMVOC","Gg","1511.56774005248"
"EU15","2015","N14 A_PublicPower","NMVOC","Gg","27.6451202631227"
"EU15","2015","N14 B_Industry","NMVOC","Gg","468.520777258864"
"EU15","2015","N14 C_OtherStatComb","NMVOC","Gg","575.93342291507"
"EU15","2015","N14 D_Fugitive","NMVOC","Gg","382.469311081957"
"EU15","2015","N14 E_Solvents","NMVOC","Gg","2107.2415500058"
"EU15","2015","N14 F_RoadTransport","NMVOC","Gg","444.723087939867"
"EU15","2015","N14 G_Shipping","NMVOC","Gg","45.6246438077454"
"EU15","2015","N14 H_Aviation","NMVOC","Gg","7.20678703406676"
"EU15","2015","N14 I_Offroad","NMVOC","Gg","136.72316171819"
"EU15","2015","N14 J_Waste","NMVOC","Gg","39.8149076231254"
"EU15","2015","N14 K_AgriLivestock","NMVOC","Gg","687.204345553169"
"EU15","2015","N14 L_AgriOther","NMVOC","Gg","193.067756260218"
"EU15","2015","N14 M_Other","NMVOC","Gg","1.943718265406"
"EU15","2015","N14 O_AviCruise","NMVOC","Gg","11.0008640850445"
"EU15","2015","N14 P_IntShipping","NMVOC","Gg","47.7007596091237"
"EU15","2015","N14 N_Natural","NMVOC","Gg","2173.70258989335"
"EU15","2015","N14 z_Memo","NMVOC","Gg","1598.19265920344"
"LU","2000","N14 A_PublicPower","NMVOC","Gg","0.0242268149412244"
"LU","2000","N14 B_Industry","NMVOC","Gg","0.495692503512931"
"LU","2000","N14 C_OtherStatComb","NMVOC","Gg","0.458338388769258"
"LU","2000","N14 D_Fugitive","NMVOC","Gg","0.911487041217769"
"LU","2000","N14 E_Solvents","NMVOC","Gg","4.93916916814832"
"LU","2000","N14 F_RoadTransport","NMVOC","Gg","4.9926290242152"
"LU","2000","N14 G_Shipping","NMVOC","Gg","0.0161833913706535"
"LU","2000","N14 H_Aviation","NMVOC","Gg","0.035404309658"
"LU","2000","N14 I_Offroad","NMVOC","Gg","0.472035187178189"
"LU","2000","N14 J_Waste","NMVOC","Gg","0.029012476821659"
"LU","2000","N14 K_AgriLivestock","NMVOC","Gg","3.14717686034456"
"LU","2000","N14 L_AgriOther","NMVOC","Gg","0.1097732638"
"LU","2000","N14 M_Other","NMVOC","Gg","0"
"LU","2000","N14 O_AviCruise","NMVOC","Gg","0.0585496373288362"
"LU","2000","N14 P_IntShipping","NMVOC","Gg","0"
"LU","2000","N14 N_Natural","NMVOC","Gg","0"
"LU","2000","N14 z_Memo","NMVOC","Gg","1.77976910080148"
"LU","1994","N14 A_PublicPower","NMVOC","Gg","0.00262716205688352"
"LU","1994","N14 B_Industry","NMVOC","Gg","0.772555751092817"
"LU","1994","N14 C_OtherStatComb","NMVOC","Gg","0.564163630469602"
"LU","1994","N14 D_Fugitive","NMVOC","Gg","0.775646302590086"
"LU","1994","N14 E_Solvents","NMVOC","Gg","4.97056255389699"
"LU","1994","N14 F_RoadTransport","NMVOC","Gg","10.7049481792339"
"LU","1994","N14 G_Shipping","NMVOC","Gg","0.0266604708354663"
"LU","1994","N14 H_Aviation","NMVOC","Gg","0.0163627531034483"
"LU","1994","N14 I_Offroad","NMVOC","Gg","0.527317755062834"
"LU","1994","N14 J_Waste","NMVOC","Gg","0.0296063128122866"
"LU","1994","N14 K_AgriLivestock","NMVOC","Gg","3.09283442120591"
"LU","1994","N14 L_AgriOther","NMVOC","Gg","0.1090179"
"LU","1994","N14 M_Other","NMVOC","Gg","0"
"LU","1994","N14 O_AviCruise","NMVOC","Gg","0.0313859131525163"
"LU","1994","N14 P_IntShipping","NMVOC","Gg","0"
"LU","1994","N14 N_Natural","NMVOC","Gg","0"
"LU","1994","N14 z_Memo","NMVOC","Gg","3.87536043299173"
"LT","2002","N14 A_PublicPower","NMVOC","Gg","0.2532962"
"LT","2002","N14 B_Industry","NMVOC","Gg","0.60433584870737"
"LT","2002","N14 C_OtherStatComb","NMVOC","Gg","12.0313094994"
"LT","2002","N14 D_Fugitive","NMVOC","Gg","3.76832628901431"
"LT","2002","N14 E_Solvents","NMVOC","Gg","16.1090735909147"
"LT","2002","N14 F_RoadTransport","NMVOC","Gg","11.14475287"
"LT","2002","N14 G_Shipping","NMVOC","Gg","0.010648623425105"
"LT","2002","N14 H_Aviation","NMVOC","Gg","0.001236"
"LT","2002","N14 I_Offroad","NMVOC","Gg","1.40302979689467"
"LT","2002","N14 J_Waste","NMVOC","Gg","2.3253077678"
"LT","2002","N14 K_AgriLivestock","NMVOC","Gg","10.9834634766516"
"LT","2002","N14 L_AgriOther","NMVOC","Gg","0"
"LT","2002","N14 M_Other","NMVOC","Gg","0"
"LT","2002","N14 P_IntShipping","NMVOC","Gg","0.305"
"LT","2002","N14 N_Natural","NMVOC","Gg","0.3607"
"IS","1999","N14 A_PublicPower","NMVOC","Gg","0.00020035192"
"IS","1999","N14 B_Industry","NMVOC","Gg","0.439828737314308"
"IS","1999","N14 C_OtherStatComb","NMVOC","Gg","0.002196284915"
"IS","1999","N14 D_Fugitive","NMVOC","Gg","0.234073879219769"
"IS","1999","N14 E_Solvents","NMVOC","Gg","1.341462608449"
"IS","1999","N14 F_RoadTransport","NMVOC","Gg","3.619234602"
"IS","1999","N14 G_Shipping","NMVOC","Gg","0.0159412"
"IS","1999","N14 H_Aviation","NMVOC","Gg","0.119396271660237"
"IS","1999","N14 I_Offroad","NMVOC","Gg","0.988743172"
"IS","1999","N14 J_Waste","NMVOC","Gg","0.538112099868388"
"IS","1999","N14 K_AgriLivestock","NMVOC","Gg","1.9192353194308"
"IS","1999","N14 L_AgriOther","NMVOC","Gg","7.55719638815492e-08"
"IS","1999","N14 M_Other","NMVOC","Gg","0"
"IS","1999","N14 O_AviCruise","NMVOC","Gg","0.156616438339763"
"IS","1999","N14 P_IntShipping","NMVOC","Gg","0.0343725"
"IS","1999","N14 N_Natural","NMVOC","Gg","0"
"IS","1999","N14 z_Memo","NMVOC","Gg","0"
"IS","2002","N14 A_PublicPower","NMVOC","Gg","0.00018905912"
"IS","2002","N14 B_Industry","NMVOC","Gg","0.473199338699098"
"IS","2002","N14 C_OtherStatComb","NMVOC","Gg","0.001917118534"
"IS","2002","N14 D_Fugitive","NMVOC","Gg","0.2200491693327"
"IS","2002","N14 E_Solvents","NMVOC","Gg","1.323508555671"
"IS","2002","N14 F_RoadTransport","NMVOC","Gg","2.48874801948236"
"IS","2002","N14 G_Shipping","NMVOC","Gg","0.0162048"
"IS","2002","N14 H_Aviation","NMVOC","Gg","0.0980462864152087"
"IS","2002","N14 I_Offroad","NMVOC","Gg","0.920376061"
"IS","2002","N14 J_Waste","NMVOC","Gg","0.542175809511186"
"IS","2002","N14 K_AgriLivestock","NMVOC","Gg","1.77028409871534"
"IS","2002","N14 L_AgriOther","NMVOC","Gg","6.59608513377689e-08"
"IS","2002","N14 M_Other","NMVOC","Gg","0"
"IS","2002","N14 O_AviCruise","NMVOC","Gg","0.133434013584791"
"IS","2002","N14 P_IntShipping","NMVOC","Gg","0.0750656"
"IS","2002","N14 N_Natural","NMVOC","Gg","0"
"IS","2002","N14 z_Memo","NMVOC","Gg","0"
"NO","2013","N14 A_PublicPower","NMVOC","Gg","1.8458315569"
"NO","2013","N14 B_Industry","NMVOC","Gg","8.3041539961"
"NO","2013","N14 C_OtherStatComb","NMVOC","Gg","7.6919464731"
"NO","2013","N14 D_Fugitive","NMVOC","Gg","47.9993987013"
"NO","2013","N14 E_Solvents","NMVOC","Gg","45.6508125849"
"NO","2013","N14 F_RoadTransport","NMVOC","Gg","8.4283261635"
"NO","2013","N14 G_Shipping","NMVOC","Gg","4.3102158525"
"NO","2013","N14 H_Aviation","NMVOC","Gg","0.4365653999"
"NO","2013","N14 I_Offroad","NMVOC","Gg","19.9188741084"
"NO","2013","N14 J_Waste","NMVOC","Gg","0.8685236101"
"NO","2013","N14 K_AgriLivestock","NMVOC","Gg","10.2130426806"
"NO","2013","N14 L_AgriOther","NMVOC","Gg","0.713757438"
"NO","2013","N14 M_Other","NMVOC","Gg","0"
"NO","2013","N14 O_AviCruise","NMVOC","Gg","1.4134349353"
"NO","2013","N14 P_IntShipping","NMVOC","Gg","0.1875125925"
"NO","2013","N14 N_Natural","NMVOC","Gg","0"
"NO","2013","N14 z_Memo","NMVOC","Gg","14.431072428"
"EU15","1999","N14 A_PublicPower","NMVOC","Gg","27.2089316673284"
"EU15","1999","N14 B_Industry","NMVOC","Gg","581.084427752019"
"EU15","1999","N14 C_OtherStatComb","NMVOC","Gg","819.922627242645"
"EU15","1999","N14 D_Fugitive","NMVOC","Gg","884.885911523594"
"EU15","1999","N14 E_Solvents","NMVOC","Gg","3380.67551959761"
"EU15","1999","N14 F_RoadTransport","NMVOC","Gg","2719.05369861946"
"EU15","1999","N14 G_Shipping","NMVOC","Gg","101.282488062431"
"EU15","1999","N14 H_Aviation","NMVOC","Gg","11.0911391849928"
"EU15","1999","N14 I_Offroad","NMVOC","Gg","313.371986135508"
"EU15","1999","N14 J_Waste","NMVOC","Gg","58.4099736829412"
"EU15","1999","N14 K_AgriLivestock","NMVOC","Gg","716.272409165068"
"EU15","1999","N14 L_AgriOther","NMVOC","Gg","209.375468686375"
"EU15","1999","N14 M_Other","NMVOC","Gg","2.003833816506"
"EU15","1999","N14 O_AviCruise","NMVOC","Gg","9.44470091357635"
"EU15","1999","N14 P_IntShipping","NMVOC","Gg","45.6802268771762"
"EU15","1999","N14 N_Natural","NMVOC","Gg","1994.58583632595"
"EU15","1999","N14 z_Memo","NMVOC","Gg","1543.18304412669"
"BE","2002","N14 A_PublicPower","NMVOC","Gg","0.617084148509429"
"BE","2002","N14 B_Industry","NMVOC","Gg","27.6434888704573"
"BE","2002","N14 C_OtherStatComb","NMVOC","Gg","10.5343073629132"
"BE","2002","N14 D_Fugitive","NMVOC","Gg","19.573509919336"
"BE","2002","N14 E_Solvents","NMVOC","Gg","71.9018608975066"
"BE","2002","N14 F_RoadTransport","NMVOC","Gg","27.8432995709667"
"BE","2002","N14 G_Shipping","NMVOC","Gg","0.381302703821249"
"BE","2002","N14 H_Aviation","NMVOC","Gg","0.141732576936305"
"BE","2002","N14 I_Offroad","NMVOC","Gg","5.64987680729125"
"BE","2002","N14 J_Waste","NMVOC","Gg","2.22778157532322"
"BE","2002","N14 K_AgriLivestock","NMVOC","Gg","26.3903460473833"
"BE","2002","N14 L_AgriOther","NMVOC","Gg","1.2232632238"
"BE","2002","N14 M_Other","NMVOC","Gg","0"
"BE","2002","N14 O_AviCruise","NMVOC","Gg","0.439926784423004"
"BE","2002","N14 P_IntShipping","NMVOC","Gg","1.05738952483663"
"BE","2002","N14 N_Natural","NMVOC","Gg","49.1286459938"
"BE","2002","N14 z_Memo","NMVOC","Gg","24.1186081331766"
"EU12","2010","N14 A_PublicPower","NMVOC","Gg","26.3460815295025"
"EU12","2010","N14 B_Industry","NMVOC","Gg","448.596743033912"
"EU12","2010","N14 C_OtherStatComb","NMVOC","Gg","627.557951207911"
"EU12","2010","N14 D_Fugitive","NMVOC","Gg","436.300616765952"
"EU12","2010","N14 E_Solvents","NMVOC","Gg","2339.73124903903"
"EU12","2010","N14 F_RoadTransport","NMVOC","Gg","623.535975444289"
"EU12","2010","N14 G_Shipping","NMVOC","Gg","54.4897122883135"
"EU12","2010","N14 H_Aviation","NMVOC","Gg","6.82748947131942"
"EU12","2010","N14 I_Offroad","NMVOC","Gg","153.032905138785"
"EU12","2010","N14 J_Waste","NMVOC","Gg","44.0890550992554"
"EU12","2010","N14 K_AgriLivestock","NMVOC","Gg","606.705044049659"
"EU12","2010","N14 L_AgriOther","NMVOC","Gg","165.867576521371"
"EU12","2010","N14 M_Other","NMVOC","Gg","1.984284664451"
"EU12","2010","N14 O_AviCruise","NMVOC","Gg","9.9021435252711"
"EU12","2010","N14 P_IntShipping","NMVOC","Gg","52.902131577277"
"EU12","2010","N14 N_Natural","NMVOC","Gg","2108.4655037331"
"EU12","2010","N14 z_Memo","NMVOC","Gg","1432.44842798169"
"NL","1995","N14 A_PublicPower","NMVOC","Gg","1.073337702"
"NL","1995","N14 B_Industry","NMVOC","Gg","47.355077733"
"NL","1995","N14 C_OtherStatComb","NMVOC","Gg","15.277652231"
"NL","1995","N14 D_Fugitive","NMVOC","Gg","33.51303407"
"NL","1995","N14 E_Solvents","NMVOC","Gg","129.340891511"
"NL","1995","N14 F_RoadTransport","NMVOC","Gg","120.6199855"
"NL","1995","N14 G_Shipping","NMVOC","Gg","1.790281628"
"NL","1995","N14 H_Aviation","NMVOC","Gg","0.337735852"
"NL","1995","N14 I_Offroad","NMVOC","Gg","13.610810994"
"NL","1995","N14 J_Waste","NMVOC","Gg","2.278085783"
"NL","1995","N14 K_AgriLivestock","NMVOC","Gg","40.93184957"
"NL","1995","N14 L_AgriOther","NMVOC","Gg","25.75164257"
"NL","1995","N14 M_Other","NMVOC","Gg","0.412479208"
"NL","1995","N14 O_AviCruise","NMVOC","Gg","0"
"NL","1995","N14 P_IntShipping","NMVOC","Gg","2.807843901"
"NL","1995","N14 N_Natural","NMVOC","Gg","0"
"NL","1995","N14 z_Memo","NMVOC","Gg","112.294322116"
"EE","1996","N14 A_PublicPower","NMVOC","Gg","1.02"
"EE","1996","N14 B_Industry","NMVOC","Gg","4.37808076"
"EE","1996","N14 C_OtherStatComb","NMVOC","Gg","8.455856"
"EE","1996","N14 D_Fugitive","NMVOC","Gg","1.911"
"EE","1996","N14 E_Solvents","NMVOC","Gg","8.225001"
"EE","1996","N14 F_RoadTransport","NMVOC","Gg","11.335198"
"EE","1996","N14 G_Shipping","NMVOC","Gg","0.05215"
"EE","1996","N14 H_Aviation","NMVOC","Gg","0.008606"
"EE","1996","N14 I_Offroad","NMVOC","Gg","0.866958"
"EE","1996","N14 J_Waste","NMVOC","Gg","1.163693"
"EE","1996","N14 K_AgriLivestock","NMVOC","Gg","4.191286"
"EE","1996","N14 L_AgriOther","NMVOC","Gg","0.305849"
"EE","1996","N14 M_Other","NMVOC","Gg","0"
"EE","1996","N14 O_AviCruise","NMVOC","Gg","0.005731"
"EE","1996","N14 P_IntShipping","NMVOC","Gg","0.2546"
"EE","1996","N14 N_Natural","NMVOC","Gg","0.1737"
"EE","1996","N14 z_Memo","NMVOC","Gg","0"
"LT","2001","N14 A_PublicPower","NMVOC","Gg","0.25569198"
"LT","2001","N14 B_Industry","NMVOC","Gg","0.239607137952714"
"LT","2001","N14 C_OtherStatComb","NMVOC","Gg","12.1117235372"
"LT","2001","N14 D_Fugitive","NMVOC","Gg","4.0225816400169"
"LT","2001","N14 E_Solvents","NMVOC","Gg","17.8449059697672"
"LT","2001","N14 F_RoadTransport","NMVOC","Gg","11.489492762"
"LT","2001","N14 G_Shipping","NMVOC","Gg","0.00934204386374242"
"LT","2001","N14 H_Aviation","NMVOC","Gg","0.001475"
"LT","2001","N14 I_Offroad","NMVOC","Gg","1.45079004520785"
"LT","2001","N14 J_Waste","NMVOC","Gg","2.35594709672"
"LT","2001","N14 K_AgriLivestock","NMVOC","Gg","10.718071125284"
"LT","2001","N14 L_AgriOther","NMVOC","Gg","0"
"LT","2001","N14 M_Other","NMVOC","Gg","0"
"LT","2001","N14 P_IntShipping","NMVOC","Gg","0.276"
"LT","2001","N14 N_Natural","NMVOC","Gg","0.0555"
"CA","1994","N14 A_PublicPower","NMVOC","Gg","3.52946236355559"
"CA","1994","N14 B_Industry","NMVOC","Gg","297.581867541848"
"CA","1994","N14 C_OtherStatComb","NMVOC","Gg","361.369008680415"
"CA","1994","N14 D_Fugitive","NMVOC","Gg","666.622115939703"
"CA","1994","N14 E_Solvents","NMVOC","Gg","368.25320456918"
"CA","1994","N14 F_RoadTransport","NMVOC","Gg","395.678891211571"
"CA","1994","N14 G_Shipping","NMVOC","Gg","6.37892518091956"
"CA","1994","N14 H_Aviation","NMVOC","Gg","1.76876978286172"
"CA","1994","N14 I_Offroad","NMVOC","Gg","830.389952462574"
"CA","1994","N14 J_Waste","NMVOC","Gg","15.8340291064064"
"CA","1994","N14 K_AgriLivestock","NMVOC","Gg","107.406162660577"
"CA","1994","N14 L_AgriOther","NMVOC","Gg","2.24897959177429"
"CA","1994","N14 M_Other","NMVOC","Gg","39.3052468999768"
"CA","1994","N14 O_AviCruise","NMVOC","Gg","2.37601433063017"
"CA","1994","N14 P_IntShipping","NMVOC","Gg","0"
"CA","1994","N14 N_Natural","NMVOC","Gg","0"
"CA","1994","N14 z_Memo","NMVOC","Gg","0"
"MC","2013","N14 A_PublicPower","NMVOC","Gg","0.000169218352783268"
"MC","2013","N14 B_Industry","NMVOC","Gg","1.31008e-05"
"MC","2013","N14 C_OtherStatComb","NMVOC","Gg","0.0005765734136844"
"MC","2013","N14 D_Fugitive","NMVOC","Gg","0.000102857142857143"
"MC","2013","N14 E_Solvents","NMVOC","Gg","0.100998423457443"
"MC","2013","N14 F_RoadTransport","NMVOC","Gg","0.1037000075747"
"MC","2013","N14 G_Shipping","NMVOC","Gg","0.0161414225356793"
"MC","2013","N14 H_Aviation","NMVOC","Gg","0.0199416317464"
"MC","2013","N14 I_Offroad","NMVOC","Gg","0.0055037959978785"
"MC","2013","N14 J_Waste","NMVOC","Gg","9.7209615e-05"
"MC","2013","N14 K_AgriLivestock","NMVOC","Gg","0"
"MC","2013","N14 L_AgriOther","NMVOC","Gg","0"
"MC","2013","N14 M_Other","NMVOC","Gg","0"
"MC","2013","N14 O_AviCruise","NMVOC","Gg","0"
"MC","2013","N14 P_IntShipping","NMVOC","Gg","0.0659490629186453"
"MC","2013","N14 N_Natural","NMVOC","Gg","0"
"MC","2013","N14 z_Memo","NMVOC","Gg","0"
"CH","1988","N14 A_PublicPower","NMVOC","Gg","0.423248141204687"
"CH","1988","N14 B_Industry","NMVOC","Gg","8.79785792560957"
"CH","1988","N14 C_OtherStatComb","NMVOC","Gg","10.0207119785225"
"CH","1988","N14 D_Fugitive","NMVOC","Gg","17.4570622354706"
"CH","1988","N14 E_Solvents","NMVOC","Gg","146.84823816"
"CH","1988","N14 F_RoadTransport","NMVOC","Gg","91.8674010913944"
"CH","1988","N14 G_Shipping","NMVOC","Gg","1.63223861146625"
"CH","1988","N14 H_Aviation","NMVOC","Gg","0.270923309237314"
"CH","1988","N14 I_Offroad","NMVOC","Gg","7.20803536560298"
"CH","1988","N14 J_Waste","NMVOC","Gg","1.1028840010431"
"CH","1988","N14 K_AgriLivestock","NMVOC","Gg","18.8609057596898"
"CH","1988","N14 L_AgriOther","NMVOC","Gg","2.1576133911198"
"CH","1988","N14 M_Other","NMVOC","Gg","0.12888"
"CH","1988","N14 O_AviCruise","NMVOC","Gg","0.56174904617373"
"CH","1988","N14 P_IntShipping","NMVOC","Gg","0.37479370901645"
"CH","1988","N14 N_Natural","NMVOC","Gg","0.75737275"
"CH","1988","N14 z_Memo","NMVOC","Gg","93.8497513680321"
"IE","1987","N14 A_PublicPower","NMVOC","Gg","0.211"
"IE","1987","N14 B_Industry","NMVOC","Gg","0.39"
"IE","1987","N14 C_OtherStatComb","NMVOC","Gg","11.437"
"IE","1987","N14 D_Fugitive","NMVOC","Gg","3.527"
"IE","1987","N14 E_Solvents","NMVOC","Gg","25.818"
"IE","1987","N14 F_RoadTransport","NMVOC","Gg","32.7941094822053"
"IE","1987","N14 G_Shipping","NMVOC","Gg","0.051"
"IE","1987","N14 H_Aviation","NMVOC","Gg","0.719"
"IE","1987","N14 I_Offroad","NMVOC","Gg","1.478"
"IE","1987","N14 J_Waste","NMVOC","Gg","0"
"IE","1987","N14 K_AgriLivestock","NMVOC","Gg","0"
"IE","1987","N14 L_AgriOther","NMVOC","Gg","0"
"IE","1987","N14 M_Other","NMVOC","Gg","0"
"IE","1987","N14 O_AviCruise","NMVOC","Gg","0.094"
"IE","1987","N14 P_IntShipping","NMVOC","Gg","0.057"
"IE","1987","N14 N_Natural","NMVOC","Gg","0"
"IE","1987","N14 z_Memo","NMVOC","Gg","36.9017312452202"
"EU12","2015","N14 A_PublicPower","NMVOC","Gg","23.3363542242518"
"EU12","2015","N14 B_Industry","NMVOC","Gg","445.051074844292"
"EU12","2015","N14 C_OtherStatComb","NMVOC","Gg","517.263524339763"
"EU12","2015","N14 D_Fugitive","NMVOC","Gg","360.464706508424"
"EU12","2015","N14 E_Solvents","NMVOC","Gg","1993.26540838735"
"EU12","2015","N14 F_RoadTransport","NMVOC","Gg","418.172350356737"
"EU12","2015","N14 G_Shipping","NMVOC","Gg","38.7414949958582"
"EU12","2015","N14 H_Aviation","NMVOC","Gg","6.41067824245621"
"EU12","2015","N14 I_Offroad","NMVOC","Gg","112.894500561496"
"EU12","2015","N14 J_Waste","NMVOC","Gg","38.9634024157452"
"EU12","2015","N14 K_AgriLivestock","NMVOC","Gg","625.639245921883"
"EU12","2015","N14 L_AgriOther","NMVOC","Gg","168.683522443486"
"EU12","2015","N14 M_Other","NMVOC","Gg","1.943718265406"
"EU12","2015","N14 O_AviCruise","NMVOC","Gg","9.83342299857014"
"EU12","2015","N14 P_IntShipping","NMVOC","Gg","45.1975886049637"
"EU12","2015","N14 N_Natural","NMVOC","Gg","2173.70258989335"
"EU12","2015","N14 z_Memo","NMVOC","Gg","1598.19265920344"
"DK","2012","N14 A_PublicPower","NMVOC","Gg","1.41989899660897"
"DK","2012","N14 B_Industry","NMVOC","Gg","3.80499689839597"
"DK","2012","N14 C_OtherStatComb","NMVOC","Gg","14.6492494723354"
"DK","2012","N14 D_Fugitive","NMVOC","Gg","10.3129605205187"
"DK","2012","N14 E_Solvents","NMVOC","Gg","26.9383421257272"
"DK","2012","N14 F_RoadTransport","NMVOC","Gg","10.6847016746336"
"DK","2012","N14 G_Shipping","NMVOC","Gg","0.453181067421339"
"DK","2012","N14 H_Aviation","NMVOC","Gg","0.159395801543069"
"DK","2012","N14 I_Offroad","NMVOC","Gg","5.37034660509505"
"DK","2012","N14 J_Waste","NMVOC","Gg","0.552215119185606"
"DK","2012","N14 K_AgriLivestock","NMVOC","Gg","35.6628668960315"
"DK","2012","N14 L_AgriOther","NMVOC","Gg","1.684071655"
"DK","2012","N14 M_Other","NMVOC","Gg","0"
"DK","2012","N14 O_AviCruise","NMVOC","Gg","0.157027922844685"
"DK","2012","N14 P_IntShipping","NMVOC","Gg","1.19864537391473"
"DK","2012","N14 N_Natural","NMVOC","Gg","0"
"DK","2012","N14 z_Memo","NMVOC","Gg","0"
"FI","2009","N14 A_PublicPower","NMVOC","Gg","1.14632653656218"
"FI","2009","N14 B_Industry","NMVOC","Gg","9.31614515808619"
"FI","2009","N14 C_OtherStatComb","NMVOC","Gg","22.3753933190324"
"FI","2009","N14 D_Fugitive","NMVOC","Gg","7.51168332"
"FI","2009","N14 E_Solvents","NMVOC","Gg","22.006204303"
"FI","2009","N14 F_RoadTransport","NMVOC","Gg","15.7749653226064"
"FI","2009","N14 G_Shipping","NMVOC","Gg","4.23470947498009"
"FI","2009","N14 H_Aviation","NMVOC","Gg","0.13711080776803"
"FI","2009","N14 I_Offroad","NMVOC","Gg","12.8363971581223"
"FI","2009","N14 J_Waste","NMVOC","Gg","0.139058807"
"FI","2009","N14 K_AgriLivestock","NMVOC","Gg","12.5049592906887"
"FI","2009","N14 L_AgriOther","NMVOC","Gg","4.17590439400167"
"FI","2009","N14 M_Other","NMVOC","Gg","0"
"FI","2009","N14 O_AviCruise","NMVOC","Gg","0.181707343125967"
"FI","2009","N14 P_IntShipping","NMVOC","Gg","0.4944"
"FI","2009","N14 N_Natural","NMVOC","Gg","0"
"FI","2009","N14 z_Memo","NMVOC","Gg","0"
"AZ","2002","N14 A_PublicPower","NMVOC","Gg","0.386522136"
"AZ","2002","N14 B_Industry","NMVOC","Gg","0.004905"
"AZ","2002","N14 C_OtherStatComb","NMVOC","Gg","0"
"AZ","2002","N14 D_Fugitive","NMVOC","Gg","5.2032"
"AZ","2002","N14 E_Solvents","NMVOC","Gg","22.11678"
"AZ","2002","N14 F_RoadTransport","NMVOC","Gg","7.8637428215"
"AZ","2002","N14 G_Shipping","NMVOC","Gg","0"
"AZ","2002","N14 H_Aviation","NMVOC","Gg","0"
"AZ","2002","N14 I_Offroad","NMVOC","Gg","0"
"AZ","2002","N14 J_Waste","NMVOC","Gg","0"
"AZ","2002","N14 K_AgriLivestock","NMVOC","Gg","19.31450355"
"AZ","2002","N14 L_AgriOther","NMVOC","Gg","1.05170088"
"AZ","2002","N14 M_Other","NMVOC","Gg","0"
"AZ","2002","N14 O_AviCruise","NMVOC","Gg","0"
"AZ","2002","N14 P_IntShipping","NMVOC","Gg","0"
"AZ","2002","N14 N_Natural","NMVOC","Gg","0"
"AZ","2002","N14 z_Memo","NMVOC","Gg","4.66258"
"DK","1991","N14 A_PublicPower","NMVOC","Gg","0.542841813915321"
"DK","1991","N14 B_Industry","NMVOC","Gg","5.7365650072817"
"DK","1991","N14 C_OtherStatComb","NMVOC","Gg","16.3635161136248"
"DK","1991","N14 D_Fugitive","NMVOC","Gg","12.243694464719"
"DK","1991","N14 E_Solvents","NMVOC","Gg","43.425734468192"
"DK","1991","N14 F_RoadTransport","NMVOC","Gg","66.6812291903209"
"DK","1991","N14 G_Shipping","NMVOC","Gg","0.547565233571167"
"DK","1991","N14 H_Aviation","NMVOC","Gg","0.235780707698162"
"DK","1991","N14 I_Offroad","NMVOC","Gg","11.3008354055967"
"DK","1991","N14 J_Waste","NMVOC","Gg","1.86682914702749"
"DK","1991","N14 K_AgriLivestock","NMVOC","Gg","37.5251638246464"
"DK","1991","N14 L_AgriOther","NMVOC","Gg","1.818690318125"
"DK","1991","N14 M_Other","NMVOC","Gg","0"
"DK","1991","N14 O_AviCruise","NMVOC","Gg","0.109327581756358"
"DK","1991","N14 P_IntShipping","NMVOC","Gg","1.83845509663931"
"DK","1991","N14 N_Natural","NMVOC","Gg","0"
"DK","1991","N14 z_Memo","NMVOC","Gg","0"
"CH","1999","N14 A_PublicPower","NMVOC","Gg","0.223433502807077"
"CH","1999","N14 B_Industry","NMVOC","Gg","8.54354928726535"
"CH","1999","N14 C_OtherStatComb","NMVOC","Gg","6.49229561120002"
"CH","1999","N14 D_Fugitive","NMVOC","Gg","7.90380457240736"
"CH","1999","N14 E_Solvents","NMVOC","Gg","70.9243963463144"
"CH","1999","N14 F_RoadTransport","NMVOC","Gg","34.5278251622603"
"CH","1999","N14 G_Shipping","NMVOC","Gg","1.08409995888247"
"CH","1999","N14 H_Aviation","NMVOC","Gg","0.277315723533604"
"CH","1999","N14 I_Offroad","NMVOC","Gg","7.66778005839675"
"CH","1999","N14 J_Waste","NMVOC","Gg","0.746178848838859"
"CH","1999","N14 K_AgriLivestock","NMVOC","Gg","17.3869822325551"
"CH","1999","N14 L_AgriOther","NMVOC","Gg","0.4747681041922"
"CH","1999","N14 M_Other","NMVOC","Gg","0.206701447641846"
"CH","1999","N14 O_AviCruise","NMVOC","Gg","0.514162311331951"
"CH","1999","N14 P_IntShipping","NMVOC","Gg","0.255435244943127"
"CH","1999","N14 N_Natural","NMVOC","Gg","61.8204286724824"
"CH","1999","N14 z_Memo","NMVOC","Gg","32.5272750716366"
"RS","2011","N14 A_PublicPower","NMVOC","Gg","0.4992202604"
"RS","2011","N14 B_Industry","NMVOC","Gg","11.4365886481525"
"RS","2011","N14 C_OtherStatComb","NMVOC","Gg","29.05093868337"
"RS","2011","N14 D_Fugitive","NMVOC","Gg","37.438927495414"
"RS","2011","N14 E_Solvents","NMVOC","Gg","17.2025076369862"
"RS","2011","N14 F_RoadTransport","NMVOC","Gg","16.83482313"
"RS","2011","N14 G_Shipping","NMVOC","Gg","0.0297"
"RS","2011","N14 H_Aviation","NMVOC","Gg","0.0224615"
"RS","2011","N14 I_Offroad","NMVOC","Gg","1.417159"
"RS","2011","N14 J_Waste","NMVOC","Gg","0.00319688211185185"
"RS","2011","N14 K_AgriLivestock","NMVOC","Gg","16.48443113775"
"RS","2011","N14 L_AgriOther","NMVOC","Gg","3.03430188"
"RS","2011","N14 M_Other","NMVOC","Gg","0"
"RS","2011","N14 O_AviCruise","NMVOC","Gg","0.0031938525"
"RS","2011","N14 P_IntShipping","NMVOC","Gg","0"
"RS","2011","N14 N_Natural","NMVOC","Gg","0.7126"
"RS","2011","N14 z_Memo","NMVOC","Gg","0"
"FR","2003","N14 A_PublicPower","NMVOC","Gg","1.13882420988969"
"FR","2003","N14 B_Industry","NMVOC","Gg","81.2727609659472"
"FR","2003","N14 C_OtherStatComb","NMVOC","Gg","319.401613758199"
"FR","2003","N14 D_Fugitive","NMVOC","Gg","54.424946236844"
"FR","2003","N14 E_Solvents","NMVOC","Gg","502.45200910687"
"FR","2003","N14 F_RoadTransport","NMVOC","Gg","306.074935095275"
"FR","2003","N14 G_Shipping","NMVOC","Gg","21.2184657138656"
"FR","2003","N14 H_Aviation","NMVOC","Gg","1.34438782653533"
"FR","2003","N14 I_Offroad","NMVOC","Gg","53.2455221314015"
"FR","2003","N14 J_Waste","NMVOC","Gg","12.9203881491944"
"FR","2003","N14 K_AgriLivestock","NMVOC","Gg","0"
"FR","2003","N14 L_AgriOther","NMVOC","Gg","2.17344876363095"
"FR","2003","N14 M_Other","NMVOC","Gg","0"
"FR","2003","N14 O_AviCruise","NMVOC","Gg","1.90711690533549"
"FR","2003","N14 P_IntShipping","NMVOC","Gg","7.22211098011045"
"FR","2003","N14 N_Natural","NMVOC","Gg","137.385964561592"
"FR","2003","N14 z_Memo","NMVOC","Gg","1785.9190171613"
"EU12","1991","N14 A_PublicPower","NMVOC","Gg","21.316694708809"
"EU12","1991","N14 B_Industry","NMVOC","Gg","732.467868965273"
"EU12","1991","N14 C_OtherStatComb","NMVOC","Gg","1217.35473513403"
"EU12","1991","N14 D_Fugitive","NMVOC","Gg","1429.82247222376"
"EU12","1991","N14 E_Solvents","NMVOC","Gg","3816.46827368461"
"EU12","1991","N14 F_RoadTransport","NMVOC","Gg","4397.20434813126"
"EU12","1991","N14 G_Shipping","NMVOC","Gg","77.8042050853884"
"EU12","1991","N14 H_Aviation","NMVOC","Gg","12.2993295357214"
"EU12","1991","N14 I_Offroad","NMVOC","Gg","318.103471458719"
"EU12","1991","N14 J_Waste","NMVOC","Gg","56.510707023968"
"EU12","1991","N14 K_AgriLivestock","NMVOC","Gg","666.300598507168"
"EU12","1991","N14 L_AgriOther","NMVOC","Gg","207.926794762027"
"EU12","1991","N14 M_Other","NMVOC","Gg","1.285784388648"
"EU12","1991","N14 O_AviCruise","NMVOC","Gg","6.95757616761201"
"EU12","1991","N14 P_IntShipping","NMVOC","Gg","34.271578288248"
"EU12","1991","N14 N_Natural","NMVOC","Gg","1900.20758594711"
"EU12","1991","N14 z_Memo","NMVOC","Gg","1423.51919657751"
"RS","2009","N14 A_PublicPower","NMVOC","Gg","0.4739631036"
"RS","2009","N14 B_Industry","NMVOC","Gg","10.6481491922728"
"RS","2009","N14 C_OtherStatComb","NMVOC","Gg","30.45460101399"
"RS","2009","N14 D_Fugitive","NMVOC","Gg","35.8410400122622"
"RS","2009","N14 E_Solvents","NMVOC","Gg","17.54065154675"
"RS","2009","N14 F_RoadTransport","NMVOC","Gg","24.4851240375"
"RS","2009","N14 G_Shipping","NMVOC","Gg","0.0459"
"RS","2009","N14 H_Aviation","NMVOC","Gg","0.020332"
"RS","2009","N14 I_Offroad","NMVOC","Gg","0.962442"
"RS","2009","N14 J_Waste","NMVOC","Gg","0.00370142634407407"
"RS","2009","N14 K_AgriLivestock","NMVOC","Gg","17.97490189025"
"RS","2009","N14 L_AgriOther","NMVOC","Gg","3.02551956"
"RS","2009","N14 M_Other","NMVOC","Gg","0"
"RS","2009","N14 O_AviCruise","NMVOC","Gg","0.00274522"
"RS","2009","N14 P_IntShipping","NMVOC","Gg","0"
"RS","2009","N14 N_Natural","NMVOC","Gg","0.4235"
"RS","2009","N14 z_Memo","NMVOC","Gg","0"
"IS","2017","N14 A_PublicPower","NMVOC","Gg","2.12778e-05"
"IS","2017","N14 B_Industry","NMVOC","Gg","0.39991775665"
"IS","2017","N14 C_OtherStatComb","NMVOC","Gg","0.000450842868"
"IS","2017","N14 D_Fugitive","NMVOC","Gg","0.281769843183426"
"IS","2017","N14 E_Solvents","NMVOC","Gg","1.23240165817"
"IS","2017","N14 F_RoadTransport","NMVOC","Gg","0.785628590405799"
"IS","2017","N14 G_Shipping","NMVOC","Gg","0.027706"
"IS","2017","N14 H_Aviation","NMVOC","Gg","0.0387045860586721"
"IS","2017","N14 I_Offroad","NMVOC","Gg","0.581763639"
"IS","2017","N14 J_Waste","NMVOC","Gg","0.34096896007712"
"IS","2017","N14 K_AgriLivestock","NMVOC","Gg","1.93878383643262"
"IS","2017","N14 L_AgriOther","NMVOC","Gg","7.7775805296e-08"
"IS","2017","N14 M_Other","NMVOC","Gg","0"
"IS","2017","N14 O_AviCruise","NMVOC","Gg","0.103251948361356"
"IS","2017","N14 P_IntShipping","NMVOC","Gg","0.1680555"
"IS","2017","N14 N_Natural","NMVOC","Gg","0"
"IS","2017","N14 z_Memo","NMVOC","Gg","0"
"LV","2013","N14 A_PublicPower","NMVOC","Gg","0.158200008034211"
"LV","2013","N14 B_Industry","NMVOC","Gg","5.65401810723286"
"LV","2013","N14 C_OtherStatComb","NMVOC","Gg","11.3314403935677"
"LV","2013","N14 D_Fugitive","NMVOC","Gg","1.70650595246759"
"LV","2013","N14 E_Solvents","NMVOC","Gg","9.20236824902396"
"LV","2013","N14 F_RoadTransport","NMVOC","Gg","3.31858063090381"
"LV","2013","N14 G_Shipping","NMVOC","Gg","0.0389202854774372"
"LV","2013","N14 H_Aviation","NMVOC","Gg","0.04262493"
"LV","2013","N14 I_Offroad","NMVOC","Gg","1.78141245135686"
"LV","2013","N14 J_Waste","NMVOC","Gg","0.83575826499735"
"LV","2013","N14 K_AgriLivestock","NMVOC","Gg","6.25501059518452"
"LV","2013","N14 L_AgriOther","NMVOC","Gg","1.050077"
"LV","2013","N14 M_Other","NMVOC","Gg","0"
"LV","2013","N14 O_AviCruise","NMVOC","Gg","0.0509708415153437"
"LV","2013","N14 P_IntShipping","NMVOC","Gg","0.650219857004894"
"LV","2013","N14 N_Natural","NMVOC","Gg","0.1084"
"LV","2013","N14 z_Memo","NMVOC","Gg","0"
"FI","1993","N14 A_PublicPower","NMVOC","Gg","0.499564712569999"
"FI","1993","N14 B_Industry","NMVOC","Gg","18.8336878617662"
"FI","1993","N14 C_OtherStatComb","NMVOC","Gg","14.8235620613391"
"FI","1993","N14 D_Fugitive","NMVOC","Gg","15.95922076"
"FI","1993","N14 E_Solvents","NMVOC","Gg","38.32335219"
"FI","1993","N14 F_RoadTransport","NMVOC","Gg","71.2179414610592"
"FI","1993","N14 G_Shipping","NMVOC","Gg","9.87609662170118"
"FI","1993","N14 H_Aviation","NMVOC","Gg","0.0947942440120067"
"FI","1993","N14 I_Offroad","NMVOC","Gg","21.8690722527925"
"FI","1993","N14 J_Waste","NMVOC","Gg","0.259948188"
"FI","1993","N14 K_AgriLivestock","NMVOC","Gg","12.6832534087018"
"FI","1993","N14 L_AgriOther","NMVOC","Gg","4.17746329150461"
"FI","1993","N14 M_Other","NMVOC","Gg","0"
"FI","1993","N14 O_AviCruise","NMVOC","Gg","0.134927624679182"
"FI","1993","N14 P_IntShipping","NMVOC","Gg","1.3366"
"FI","1993","N14 N_Natural","NMVOC","Gg","0"
"FI","1993","N14 z_Memo","NMVOC","Gg","0"
"CH","1984","N14 A_PublicPower","NMVOC","Gg","0.586599090792727"
"CH","1984","N14 B_Industry","NMVOC","Gg","7.44916222591858"
"CH","1984","N14 C_OtherStatComb","NMVOC","Gg","9.00927894088364"
"CH","1984","N14 D_Fugitive","NMVOC","Gg","14.4463051992362"
"CH","1984","N14 E_Solvents","NMVOC","Gg","139.880556656"
"CH","1984","N14 F_RoadTransport","NMVOC","Gg","116.21549930553"
"CH","1984","N14 G_Shipping","NMVOC","Gg","1.60358815909758"
"CH","1984","N14 H_Aviation","NMVOC","Gg","0.21976638013163"
"CH","1984","N14 I_Offroad","NMVOC","Gg","6.75547776847765"
"CH","1984","N14 J_Waste","NMVOC","Gg","1.85537614566073"
"CH","1984","N14 K_AgriLivestock","NMVOC","Gg","19.9173412830092"
"CH","1984","N14 L_AgriOther","NMVOC","Gg","2.11321927324706"
"CH","1984","N14 M_Other","NMVOC","Gg","0.12878"
"CH","1984","N14 O_AviCruise","NMVOC","Gg","0.4538080524204"
"CH","1984","N14 P_IntShipping","NMVOC","Gg","0.358914095072221"
"CH","1984","N14 N_Natural","NMVOC","Gg","0.75737275"
"CH","1984","N14 z_Memo","NMVOC","Gg","118.109064786292"
"EU15","2001","N14 A_PublicPower","NMVOC","Gg","27.0926056497156"
"EU15","2001","N14 B_Industry","NMVOC","Gg","555.989817200258"
"EU15","2001","N14 C_OtherStatComb","NMVOC","Gg","737.269635586838"
"EU15","2001","N14 D_Fugitive","NMVOC","Gg","790.948732227117"
"EU15","2001","N14 E_Solvents","NMVOC","Gg","3129.84016790866"
"EU15","2001","N14 F_RoadTransport","NMVOC","Gg","2108.28782297678"
"EU15","2001","N14 G_Shipping","NMVOC","Gg","97.9043296552662"
"EU15","2001","N14 H_Aviation","NMVOC","Gg","9.54677984947811"
"EU15","2001","N14 I_Offroad","NMVOC","Gg","294.05580261659"
"EU15","2001","N14 J_Waste","NMVOC","Gg","57.3403749957604"
"EU15","2001","N14 K_AgriLivestock","NMVOC","Gg","704.880752948185"
"EU15","2001","N14 L_AgriOther","NMVOC","Gg","204.826802744674"
"EU15","2001","N14 M_Other","NMVOC","Gg","1.97677786177"
"EU15","2001","N14 O_AviCruise","NMVOC","Gg","9.38493169950198"
"EU15","2001","N14 P_IntShipping","NMVOC","Gg","46.8831648801631"
"EU15","2001","N14 N_Natural","NMVOC","Gg","2015.23158089983"
"EU15","2001","N14 z_Memo","NMVOC","Gg","1443.48743961286"
"GE","2010","N14 A_PublicPower","NMVOC","Gg","1.39780096"
"GE","2010","N14 B_Industry","NMVOC","Gg","8.3134955832"
"GE","2010","N14 C_OtherStatComb","NMVOC","Gg","0"
"GE","2010","N14 D_Fugitive","NMVOC","Gg","0.3327258"
"GE","2010","N14 E_Solvents","NMVOC","Gg","4.5597984"
"GE","2010","N14 F_RoadTransport","NMVOC","Gg","15.5213767886013"
"GE","2010","N14 G_Shipping","NMVOC","Gg","0"
"GE","2010","N14 H_Aviation","NMVOC","Gg","0"
"GE","2010","N14 I_Offroad","NMVOC","Gg","0"
"GE","2010","N14 J_Waste","NMVOC","Gg","0.662078264634146"
"GE","2010","N14 K_AgriLivestock","NMVOC","Gg","7.39221305"
"GE","2010","N14 L_AgriOther","NMVOC","Gg","0.220762"
"GE","2010","N14 M_Other","NMVOC","Gg","0"
"MD","2006","N14 A_PublicPower","NMVOC","Gg","0.1163786696"
"MD","2006","N14 B_Industry","NMVOC","Gg","4.758195342"
"MD","2006","N14 C_OtherStatComb","NMVOC","Gg","3.37102477025"
"MD","2006","N14 D_Fugitive","NMVOC","Gg","0"
"MD","2006","N14 E_Solvents","NMVOC","Gg","26.43542"
"MD","2006","N14 F_RoadTransport","NMVOC","Gg","2.68550339221"
"MD","2006","N14 G_Shipping","NMVOC","Gg","0.0002408"
"MD","2006","N14 H_Aviation","NMVOC","Gg","0.001368"
"MD","2006","N14 K_AgriLivestock","NMVOC","Gg","11.23469693096"
"MD","2006","N14 L_AgriOther","NMVOC","Gg","1.330334898855"
"GR","2008","N14 A_PublicPower","NMVOC","Gg","1.96068515230206"
"GR","2008","N14 B_Industry","NMVOC","Gg","13.9830292248675"
"GR","2008","N14 C_OtherStatComb","NMVOC","Gg","7.5645110258"
"GR","2008","N14 D_Fugitive","NMVOC","Gg","21.7681"
"GR","2008","N14 E_Solvents","NMVOC","Gg","119.50987382713"
"GR","2008","N14 F_RoadTransport","NMVOC","Gg","72.4493960714048"
"GR","2008","N14 G_Shipping","NMVOC","Gg","1.6536"
"GR","2008","N14 H_Aviation","NMVOC","Gg","0.01172960079"
"GR","2008","N14 I_Offroad","NMVOC","Gg","7.44946330758955"
"GR","2008","N14 J_Waste","NMVOC","Gg","6.02755526801369"
"GR","2008","N14 K_AgriLivestock","NMVOC","Gg","14.217151227064"
"GR","2008","N14 L_AgriOther","NMVOC","Gg","3.438730438215"
"GR","2008","N14 M_Other","NMVOC","Gg","0"
"GR","2008","N14 O_AviCruise","NMVOC","Gg","0.020718918755"
"GR","2008","N14 P_IntShipping","NMVOC","Gg","8.5497"
"RU","2014","N14 A_PublicPower","NMVOC","Gg","8.830916"
"RU","2014","N14 B_Industry","NMVOC","Gg","473.02304247"
"RU","2014","N14 C_OtherStatComb","NMVOC","Gg","7.04185251243784"
"RU","2014","N14 D_Fugitive","NMVOC","Gg","208.998"
"RU","2014","N14 E_Solvents","NMVOC","Gg","153.2910104"
"RU","2014","N14 F_RoadTransport","NMVOC","Gg","1116.13981119719"
"RU","2014","N14 G_Shipping","NMVOC","Gg","5.0901754"
"RU","2014","N14 H_Aviation","NMVOC","Gg","0.198"
"RU","2014","N14 I_Offroad","NMVOC","Gg","184.62901787741"
"RU","2014","N14 J_Waste","NMVOC","Gg","18.895"
"RU","2014","N14 K_AgriLivestock","NMVOC","Gg","260.963761731"
"RU","2014","N14 L_AgriOther","NMVOC","Gg","119.657476"
"RU","2014","N14 M_Other","NMVOC","Gg","42.9340839999999"
"RU","2014","N14 O_AviCruise","NMVOC","Gg","0"
"RU","2014","N14 P_IntShipping","NMVOC","Gg","0"
"RU","2014","N14 N_Natural","NMVOC","Gg","4.08104253"
"RU","2014","N14 z_Memo","NMVOC","Gg","0"
"HU","2013","N14 A_PublicPower","NMVOC","Gg","1.41758347067127"
"HU","2013","N14 B_Industry","NMVOC","Gg","13.348677248315"
"HU","2013","N14 C_OtherStatComb","NMVOC","Gg","43.2137109744"
"HU","2013","N14 D_Fugitive","NMVOC","Gg","2.76085550850476"
"HU","2013","N14 E_Solvents","NMVOC","Gg","42.1645244428343"
"HU","2013","N14 F_RoadTransport","NMVOC","Gg","19.1551218363531"
"HU","2013","N14 G_Shipping","NMVOC","Gg","0.014"
"HU","2013","N14 H_Aviation","NMVOC","Gg","0.00289346896860867"
"HU","2013","N14 I_Offroad","NMVOC","Gg","1.94145699235088"
"HU","2013","N14 J_Waste","NMVOC","Gg","2.08472287618708"
"HU","2013","N14 K_AgriLivestock","NMVOC","Gg","21.4410706512025"
"HU","2013","N14 L_AgriOther","NMVOC","Gg","3.61332096"
"HU","2013","N14 M_Other","NMVOC","Gg","0"
"HU","2013","N14 O_AviCruise","NMVOC","Gg","0.00643077324852358"
"HU","2013","N14 P_IntShipping","NMVOC","Gg","0"
"HU","2013","N14 N_Natural","NMVOC","Gg","0"
"HU","2013","N14 z_Memo","NMVOC","Gg","0"
"EU09","1995","N14 A_PublicPower","NMVOC","Gg","24.4797749221308"
"EU09","1995","N14 B_Industry","NMVOC","Gg","558.837119560007"
"EU09","1995","N14 C_OtherStatComb","NMVOC","Gg","796.26821831538"
"EU09","1995","N14 D_Fugitive","NMVOC","Gg","1044.86710705974"
"EU09","1995","N14 E_Solvents","NMVOC","Gg","2924.75205408585"
"EU09","1995","N14 F_RoadTransport","NMVOC","Gg","3106.63002258154"
"EU09","1995","N14 G_Shipping","NMVOC","Gg","82.0732017470834"
"EU09","1995","N14 H_Aviation","NMVOC","Gg","8.38503114538873"
"EU09","1995","N14 I_Offroad","NMVOC","Gg","270.537480690397"
"EU09","1995","N14 J_Waste","NMVOC","Gg","48.8742062670508"
"EU09","1995","N14 K_AgriLivestock","NMVOC","Gg","587.627296156836"
"EU09","1995","N14 L_AgriOther","NMVOC","Gg","81.2982931915185"
"EU09","1995","N14 M_Other","NMVOC","Gg","1.339516504501"
"EU09","1995","N14 O_AviCruise","NMVOC","Gg","5.94387661321718"
"EU09","1995","N14 P_IntShipping","NMVOC","Gg","26.1446861218714"
"EU09","1995","N14 N_Natural","NMVOC","Gg","1425.92906771302"
"EU09","1995","N14 z_Memo","NMVOC","Gg","1507.45864017259"
"DK","2005","N14 A_PublicPower","NMVOC","Gg","2.57383745769946"
"DK","2005","N14 B_Industry","NMVOC","Gg","4.27050386580634"
"DK","2005","N14 C_OtherStatComb","NMVOC","Gg","16.8529063657321"
"DK","2005","N14 D_Fugitive","NMVOC","Gg","16.6342919081181"
"DK","2005","N14 E_Solvents","NMVOC","Gg","31.8668519129087"
"DK","2005","N14 F_RoadTransport","NMVOC","Gg","25.5749301418918"
"DK","2005","N14 G_Shipping","NMVOC","Gg","0.522889013212042"
"DK","2005","N14 H_Aviation","NMVOC","Gg","0.209079820612963"
"DK","2005","N14 I_Offroad","NMVOC","Gg","8.0400571037359"
"DK","2005","N14 J_Waste","NMVOC","Gg","0.443002955737734"
"DK","2005","N14 K_AgriLivestock","NMVOC","Gg","34.9943596175606"
"DK","2005","N14 L_AgriOther","NMVOC","Gg","1.449869970625"
"DK","2005","N14 M_Other","NMVOC","Gg","0"
"DK","2005","N14 O_AviCruise","NMVOC","Gg","0.152754958310185"
"DK","2005","N14 P_IntShipping","NMVOC","Gg","1.79164965815168"
"DK","2005","N14 N_Natural","NMVOC","Gg","0"
"DK","2005","N14 z_Memo","NMVOC","Gg","0"
"RO","2007","N14 A_PublicPower","NMVOC","Gg","0.94334916"
"RO","2007","N14 B_Industry","NMVOC","Gg","35.47359227905"
"RO","2007","N14 C_OtherStatComb","NMVOC","Gg","68.21843217"
"RO","2007","N14 D_Fugitive","NMVOC","Gg","20.7771631769"
"RO","2007","N14 E_Solvents","NMVOC","Gg","59.79584066044"
"RO","2007","N14 F_RoadTransport","NMVOC","Gg","39.777501284904"
"RO","2007","N14 G_Shipping","NMVOC","Gg","0.2296"
"RO","2007","N14 H_Aviation","NMVOC","Gg","0.04704632"
"RO","2007","N14 I_Offroad","NMVOC","Gg","38.3023696758593"
"RO","2007","N14 J_Waste","NMVOC","Gg","1.670460565"
"RO","2007","N14 K_AgriLivestock","NMVOC","Gg","39.0125664629852"
"RO","2007","N14 L_AgriOther","NMVOC","Gg","5.56581767540157"
"RO","2007","N14 M_Other","NMVOC","Gg","0"
"RO","2007","N14 O_AviCruise","NMVOC","Gg","0.06813996"
"RO","2007","N14 P_IntShipping","NMVOC","Gg","0.054"
"LU","2010","N14 A_PublicPower","NMVOC","Gg","0.17017667494244"
"LU","2010","N14 B_Industry","NMVOC","Gg","0.545605982029552"
"LU","2010","N14 C_OtherStatComb","NMVOC","Gg","0.500901635186255"
"LU","2010","N14 D_Fugitive","NMVOC","Gg","0.965635322233185"
"LU","2010","N14 E_Solvents","NMVOC","Gg","4.06265573408279"
"LU","2010","N14 F_RoadTransport","NMVOC","Gg","1.66804799564633"
"LU","2010","N14 G_Shipping","NMVOC","Gg","0.011588143412454"
"LU","2010","N14 H_Aviation","NMVOC","Gg","0.0440162724400466"
"LU","2010","N14 I_Offroad","NMVOC","Gg","0.216452088127116"
"LU","2010","N14 J_Waste","NMVOC","Gg","0.0208194577249726"
"LU","2010","N14 K_AgriLivestock","NMVOC","Gg","3.0741593672379"
"LU","2010","N14 L_AgriOther","NMVOC","Gg","0.1127507472"
"LU","2010","N14 M_Other","NMVOC","Gg","0"
"LU","2010","N14 O_AviCruise","NMVOC","Gg","0.0785773494884869"
"LU","2010","N14 P_IntShipping","NMVOC","Gg","0"
"LU","2010","N14 N_Natural","NMVOC","Gg","0"
"LU","2010","N14 z_Memo","NMVOC","Gg","0.653302109841955"
"KZ","2010","N14 A_PublicPower","NMVOC","Gg","4.87143656772"
"KZ","2010","N14 B_Industry","NMVOC","Gg","12.5225352440348"
"KZ","2010","N14 C_OtherStatComb","NMVOC","Gg","69.231363272086"
"KZ","2010","N14 D_Fugitive","NMVOC","Gg","0"
"KZ","2010","N14 E_Solvents","NMVOC","Gg","28.553967156894"
"KZ","2010","N14 F_RoadTransport","NMVOC","Gg","56.2249553167175"
"KZ","2010","N14 G_Shipping","NMVOC","Gg","0.0290565246501129"
"KZ","2010","N14 H_Aviation","NMVOC","Gg","0.03436"
"KZ","2010","N14 I_Offroad","NMVOC","Gg","1.86580972465116"
"KZ","2010","N14 J_Waste","NMVOC","Gg","6.0012144205"
"KZ","2010","N14 K_AgriLivestock","NMVOC","Gg","79.42291"
"KZ","2010","N14 L_AgriOther","NMVOC","Gg","18.437282"
"KZ","2010","N14 M_Other","NMVOC","Gg","0"
"KZ","2010","N14 N_Natural","NMVOC","Gg","12.997"
"IT","2011","N14 A_PublicPower","NMVOC","Gg","3.11466387202245"
"IT","2011","N14 B_Industry","NMVOC","Gg","47.6655422461924"
"IT","2011","N14 C_OtherStatComb","NMVOC","Gg","146.639898709216"
"IT","2011","N14 D_Fugitive","NMVOC","Gg","63.3834172307591"
"IT","2011","N14 E_Solvents","NMVOC","Gg","411.5126019467"
"IT","2011","N14 F_RoadTransport","NMVOC","Gg","171.761963575121"
"IT","2011","N14 G_Shipping","NMVOC","Gg","27.4664560355461"
"IT","2011","N14 H_Aviation","NMVOC","Gg","0.666183621800999"
"IT","2011","N14 I_Offroad","NMVOC","Gg","16.0975813288816"
"IT","2011","N14 J_Waste","NMVOC","Gg","11.6584057276551"
"IT","2011","N14 K_AgriLivestock","NMVOC","Gg","107.417054502663"
"IT","2011","N14 L_AgriOther","NMVOC","Gg","25.190147462945"
"IT","2011","N14 M_Other","NMVOC","Gg","0"
"IT","2011","N14 O_AviCruise","NMVOC","Gg","1.23471702192152"
"IT","2011","N14 P_IntShipping","NMVOC","Gg","5.3520049030311"
"IT","2011","N14 N_Natural","NMVOC","Gg","1356.95021829519"
"IT","2011","N14 z_Memo","NMVOC","Gg","0"
"SI","2011","N14 A_PublicPower","NMVOC","Gg","0.172406219608449"
"SI","2011","N14 B_Industry","NMVOC","Gg","2.99697449332064"
"SI","2011","N14 C_OtherStatComb","NMVOC","Gg","8.11446624801328"
"SI","2011","N14 D_Fugitive","NMVOC","Gg","2.07505865463062"
"SI","2011","N14 E_Solvents","NMVOC","Gg","9.668767326"
"SI","2011","N14 F_RoadTransport","NMVOC","Gg","3.91929844130885"
"SI","2011","N14 G_Shipping","NMVOC","Gg","0"
"SI","2011","N14 H_Aviation","NMVOC","Gg","0.05206896163"
"SI","2011","N14 I_Offroad","NMVOC","Gg","1.55199193543932"
"SI","2011","N14 J_Waste","NMVOC","Gg","0.8098900718295"
"SI","2011","N14 K_AgriLivestock","NMVOC","Gg","5.54427039492929"
"SI","2011","N14 L_AgriOther","NMVOC","Gg","0.0253118188709769"
"SI","2011","N14 M_Other","NMVOC","Gg","0"
"SI","2011","N14 O_AviCruise","NMVOC","Gg","0"
"SI","2011","N14 P_IntShipping","NMVOC","Gg","0.0891"
"SI","2011","N14 N_Natural","NMVOC","Gg","0"
"SI","2011","N14 z_Memo","NMVOC","Gg","0.000337008987"
"BG","2005","N14 A_PublicPower","NMVOC","Gg","0.059652335"
"BG","2005","N14 B_Industry","NMVOC","Gg","5.157807737"
"BG","2005","N14 C_OtherStatComb","NMVOC","Gg","19.816054975"
"BG","2005","N14 D_Fugitive","NMVOC","Gg","9.92189712"
"BG","2005","N14 E_Solvents","NMVOC","Gg","17.05886526394"
"BG","2005","N14 F_RoadTransport","NMVOC","Gg","20.3432010206971"
"BG","2005","N14 G_Shipping","NMVOC","Gg","0.3181059875"
"BG","2005","N14 H_Aviation","NMVOC","Gg","0.0131428"
"BG","2005","N14 I_Offroad","NMVOC","Gg","0.974153849469199"
"BG","2005","N14 J_Waste","NMVOC","Gg","5.6420396612"
"BG","2005","N14 K_AgriLivestock","NMVOC","Gg","12.028961375"
"BG","2005","N14 L_AgriOther","NMVOC","Gg","3.16468644356613"
"BG","2005","N14 M_Other","NMVOC","Gg","0"
"BG","2005","N14 O_AviCruise","NMVOC","Gg","0.0928"
"BG","2005","N14 P_IntShipping","NMVOC","Gg","0"
"RU","2015","N14 A_PublicPower","NMVOC","Gg","7.21389942692429"
"RU","2015","N14 B_Industry","NMVOC","Gg","477.150533217986"
"RU","2015","N14 C_OtherStatComb","NMVOC","Gg","5.99590945787024"
"RU","2015","N14 D_Fugitive","NMVOC","Gg","204.923160542312"
"RU","2015","N14 E_Solvents","NMVOC","Gg","150.018749721351"
"RU","2015","N14 F_RoadTransport","NMVOC","Gg","1135.77119637406"
"RU","2015","N14 G_Shipping","NMVOC","Gg","2.6965151"
"RU","2015","N14 H_Aviation","NMVOC","Gg","0.123421860800289"
"RU","2015","N14 I_Offroad","NMVOC","Gg","175.76520479309"
"RU","2015","N14 J_Waste","NMVOC","Gg","29.1979288123599"
"RU","2015","N14 K_AgriLivestock","NMVOC","Gg","269.19564253725"
"RU","2015","N14 L_AgriOther","NMVOC","Gg","119.70512"
"RU","2015","N14 M_Other","NMVOC","Gg","45.6926898101007"
"RU","2015","N14 O_AviCruise","NMVOC","Gg","0"
"RU","2015","N14 P_IntShipping","NMVOC","Gg","0"
"RU","2015","N14 N_Natural","NMVOC","Gg","3.26094393"
"RU","2015","N14 z_Memo","NMVOC","Gg","0"
"HU","1990","N14 A_PublicPower","NMVOC","Gg","0.412823422170403"
"HU","1990","N14 B_Industry","NMVOC","Gg","18.4471821311106"
"HU","1990","N14 C_OtherStatComb","NMVOC","Gg","40.559785603369"
"HU","1990","N14 D_Fugitive","NMVOC","Gg","8.43953730931504"
"HU","1990","N14 E_Solvents","NMVOC","Gg","56.7851359526815"
"HU","1990","N14 F_RoadTransport","NMVOC","Gg","112.715412344428"
"HU","1990","N14 G_Shipping","NMVOC","Gg","11.0994"
"HU","1990","N14 H_Aviation","NMVOC","Gg","0.00276712664295568"
"HU","1990","N14 I_Offroad","NMVOC","Gg","5.68629566699201"
"HU","1990","N14 J_Waste","NMVOC","Gg","1.86226541932182"
"HU","1990","N14 K_AgriLivestock","NMVOC","Gg","41.7119713680086"
"HU","1990","N14 L_AgriOther","NMVOC","Gg","3.93674999454545"
"HU","1990","N14 M_Other","NMVOC","Gg","0"
"HU","1990","N14 O_AviCruise","NMVOC","Gg","0"
"HU","1990","N14 P_IntShipping","NMVOC","Gg","0"
"HU","1990","N14 N_Natural","NMVOC","Gg","0"
"HU","1990","N14 z_Memo","NMVOC","Gg","0"
"GR","2016","N14 A_PublicPower","NMVOC","Gg","1.41286667803609"
"GR","2016","N14 B_Industry","NMVOC","Gg","13.0181132445562"
"GR","2016","N14 C_OtherStatComb","NMVOC","Gg","8.24028482135805"
"GR","2016","N14 D_Fugitive","NMVOC","Gg","11.658485"
"GR","2016","N14 E_Solvents","NMVOC","Gg","93.8770898552904"
"GR","2016","N14 F_RoadTransport","NMVOC","Gg","49.0518947732857"
"GR","2016","N14 G_Shipping","NMVOC","Gg","1.5555"
"GR","2016","N14 H_Aviation","NMVOC","Gg","0.135226709069537"
"GR","2016","N14 I_Offroad","NMVOC","Gg","1.9513291861344"
"GR","2016","N14 J_Waste","NMVOC","Gg","6.98773679060304"
"GR","2016","N14 K_AgriLivestock","NMVOC","Gg","12.8763032920764"
"GR","2016","N14 L_AgriOther","NMVOC","Gg","2.94299359399198"
"GR","2016","N14 M_Other","NMVOC","Gg","0"
"GR","2016","N14 O_AviCruise","NMVOC","Gg","0.312404529878681"
"GR","2016","N14 P_IntShipping","NMVOC","Gg","4.8126"
"LU","2017","N14 A_PublicPower","NMVOC","Gg","0.162333950610711"
"LU","2017","N14 B_Industry","NMVOC","Gg","0.519490031899501"
"LU","2017","N14 C_OtherStatComb","NMVOC","Gg","0.485200172884914"
"LU","2017","N14 D_Fugitive","NMVOC","Gg","0.648823140804975"
"LU","2017","N14 E_Solvents","NMVOC","Gg","5.76437048346997"
"LU","2017","N14 F_RoadTransport","NMVOC","Gg","0.912998997147906"
"LU","2017","N14 G_Shipping","NMVOC","Gg","0.0066245361062196"
"LU","2017","N14 H_Aviation","NMVOC","Gg","0.0536924780382624"
"LU","2017","N14 I_Offroad","NMVOC","Gg","0.152007315539904"
"LU","2017","N14 J_Waste","NMVOC","Gg","0.0181011951487409"
"LU","2017","N14 K_AgriLivestock","NMVOC","Gg","3.2647982914917"
"LU","2017","N14 L_AgriOther","NMVOC","Gg","0.11278384"
"LU","2017","N14 M_Other","NMVOC","Gg","0"
"LU","2017","N14 O_AviCruise","NMVOC","Gg","0.105889224456945"
"LU","2017","N14 P_IntShipping","NMVOC","Gg","0"
"LU","2017","N14 N_Natural","NMVOC","Gg","0"
"LU","2017","N14 z_Memo","NMVOC","Gg","0.495970994240024"
"MD","2011","N14 A_PublicPower","NMVOC","Gg","0.181337958342"
"MD","2011","N14 B_Industry","NMVOC","Gg","3.8818400842344"
"MD","2011","N14 C_OtherStatComb","NMVOC","Gg","3.15923491298632"
"MD","2011","N14 D_Fugitive","NMVOC","Gg","0"
"MD","2011","N14 E_Solvents","NMVOC","Gg","23.6246"
"MD","2011","N14 F_RoadTransport","NMVOC","Gg","3.084315567465"
"MD","2011","N14 G_Shipping","NMVOC","Gg","0.00021"
"MD","2011","N14 H_Aviation","NMVOC","Gg","5.7e-05"
"MD","2011","N14 K_AgriLivestock","NMVOC","Gg","8.69657662609"
"MD","2011","N14 L_AgriOther","NMVOC","Gg","1.373678499349"
"DE","1992","N14 A_PublicPower","NMVOC","Gg","5.880985385"
"DE","1992","N14 B_Industry","NMVOC","Gg","89.682008112445"
"DE","1992","N14 C_OtherStatComb","NMVOC","Gg","178.766223207714"
"DE","1992","N14 D_Fugitive","NMVOC","Gg","190.321621791807"
"DE","1992","N14 E_Solvents","NMVOC","Gg","1131.09344734813"
"DE","1992","N14 F_RoadTransport","NMVOC","Gg","827.126842606617"
"DE","1992","N14 G_Shipping","NMVOC","Gg","3.20004053277245"
"DE","1992","N14 H_Aviation","NMVOC","Gg","1.29583212157476"
"DE","1992","N14 I_Offroad","NMVOC","Gg","56.3759153919924"
"DE","1992","N14 J_Waste","NMVOC","Gg","0.135177617"
"DE","1992","N14 K_AgriLivestock","NMVOC","Gg","229.524379632173"
"DE","1992","N14 L_AgriOther","NMVOC","Gg","7.00246487712933"
"DE","1992","N14 M_Other","NMVOC","Gg","0"
"DE","1992","N14 O_AviCruise","NMVOC","Gg","1.94279736568554"
"DE","1992","N14 P_IntShipping","NMVOC","Gg","2.17544336586426"
"DE","1992","N14 N_Natural","NMVOC","Gg","1.72235982648"
"DE","1992","N14 z_Memo","NMVOC","Gg","0"
"IE","2010","N14 A_PublicPower","NMVOC","Gg","0.372320293188279"
"IE","2010","N14 B_Industry","NMVOC","Gg","20.5648365021764"
"IE","2010","N14 C_OtherStatComb","NMVOC","Gg","11.3818241051628"
"IE","2010","N14 D_Fugitive","NMVOC","Gg","5.80479614767717"
"IE","2010","N14 E_Solvents","NMVOC","Gg","19.5647353299622"
"IE","2010","N14 F_RoadTransport","NMVOC","Gg","9.06804676136847"
"IE","2010","N14 G_Shipping","NMVOC","Gg","0.17467274009937"
"IE","2010","N14 H_Aviation","NMVOC","Gg","0.128579671301352"
"IE","2010","N14 I_Offroad","NMVOC","Gg","0.778471698931283"
"IE","2010","N14 J_Waste","NMVOC","Gg","0.311320155630235"
"IE","2010","N14 K_AgriLivestock","NMVOC","Gg","37.7248517527385"
"IE","2010","N14 L_AgriOther","NMVOC","Gg","3.929254"
"IE","2010","N14 M_Other","NMVOC","Gg","0"
"IE","2010","N14 O_AviCruise","NMVOC","Gg","0.3508784767882"
"IE","2010","N14 P_IntShipping","NMVOC","Gg","0.376976745713918"
"IE","2010","N14 N_Natural","NMVOC","Gg","0"
"IE","2010","N14 z_Memo","NMVOC","Gg","9.36593958056381"
"KG","2016","N14 A_PublicPower","NMVOC","Gg","0.034495423854192"
"KG","2016","N14 B_Industry","NMVOC","Gg","4.41055516870667"
"KG","2016","N14 C_OtherStatComb","NMVOC","Gg","10.9290544107238"
"KG","2016","N14 D_Fugitive","NMVOC","Gg","0"
"KG","2016","N14 E_Solvents","NMVOC","Gg","7.36859"
"KG","2016","N14 F_RoadTransport","NMVOC","Gg","49.6156865424564"
"KG","2016","N14 G_Shipping","NMVOC","Gg","0"
"KG","2016","N14 H_Aviation","NMVOC","Gg","0"
"KG","2016","N14 I_Offroad","NMVOC","Gg","0.584841490133083"
"KG","2016","N14 J_Waste","NMVOC","Gg","1.9203585"
"KG","2016","N14 K_AgriLivestock","NMVOC","Gg","13.6918222565"
"KG","2016","N14 L_AgriOther","NMVOC","Gg","0"
"KG","2016","N14 M_Other","NMVOC","Gg","0"
"DK","2010","N14 A_PublicPower","NMVOC","Gg","2.37121273816924"
"DK","2010","N14 B_Industry","NMVOC","Gg","4.151795174724"
"DK","2010","N14 C_OtherStatComb","NMVOC","Gg","17.6999957455175"
"DK","2010","N14 D_Fugitive","NMVOC","Gg","10.9726019906349"
"DK","2010","N14 E_Solvents","NMVOC","Gg","27.3045576518573"
"DK","2010","N14 F_RoadTransport","NMVOC","Gg","14.703993508594"
"DK","2010","N14 G_Shipping","NMVOC","Gg","0.474427772942154"
"DK","2010","N14 H_Aviation","NMVOC","Gg","0.180447152736468"
"DK","2010","N14 I_Offroad","NMVOC","Gg","6.23914702442521"
"DK","2010","N14 J_Waste","NMVOC","Gg","0.456500826464944"
"DK","2010","N14 K_AgriLivestock","NMVOC","Gg","35.4358839518736"
"DK","2010","N14 L_AgriOther","NMVOC","Gg","1.52882568"
"DK","2010","N14 M_Other","NMVOC","Gg","0"
"DK","2010","N14 O_AviCruise","NMVOC","Gg","0.17102801352946"
"DK","2010","N14 P_IntShipping","NMVOC","Gg","1.62768923203778"
"DK","2010","N14 N_Natural","NMVOC","Gg","0"
"DK","2010","N14 z_Memo","NMVOC","Gg","0"
"EU09","2009","N14 A_PublicPower","NMVOC","Gg","21.7006353177317"
"EU09","2009","N14 B_Industry","NMVOC","Gg","342.214119012498"
"EU09","2009","N14 C_OtherStatComb","NMVOC","Gg","546.314376912315"
"EU09","2009","N14 D_Fugitive","NMVOC","Gg","422.894539218303"
"EU09","2009","N14 E_Solvents","NMVOC","Gg","1851.70211646687"
"EU09","2009","N14 F_RoadTransport","NMVOC","Gg","613.670952525515"
"EU09","2009","N14 G_Shipping","NMVOC","Gg","57.8322089996368"
"EU09","2009","N14 H_Aviation","NMVOC","Gg","5.65804213543057"
"EU09","2009","N14 I_Offroad","NMVOC","Gg","148.496797180785"
"EU09","2009","N14 J_Waste","NMVOC","Gg","37.8889642041688"
"EU09","2009","N14 K_AgriLivestock","NMVOC","Gg","549.010161263301"
"EU09","2009","N14 L_AgriOther","NMVOC","Gg","77.8976559568734"
"EU09","2009","N14 M_Other","NMVOC","Gg","1.861773287252"
"EU09","2009","N14 O_AviCruise","NMVOC","Gg","8.06688355160478"
"EU09","2009","N14 P_IntShipping","NMVOC","Gg","32.3329495327636"
"EU09","2009","N14 N_Natural","NMVOC","Gg","1580.38504770657"
"EU09","2009","N14 z_Memo","NMVOC","Gg","1529.97663991499"
"SI","1986","N14 A_PublicPower","NMVOC","Gg","0"
"SI","1986","N14 B_Industry","NMVOC","Gg","0"
"SI","1986","N14 C_OtherStatComb","NMVOC","Gg","0"
"SI","1986","N14 D_Fugitive","NMVOC","Gg","0"
"SI","1986","N14 E_Solvents","NMVOC","Gg","0"
"SI","1986","N14 F_RoadTransport","NMVOC","Gg","0"
"SI","1986","N14 G_Shipping","NMVOC","Gg","0"
"SI","1986","N14 H_Aviation","NMVOC","Gg","0"
"SI","1986","N14 I_Offroad","NMVOC","Gg","0"
"SI","1986","N14 J_Waste","NMVOC","Gg","0"
"SI","1986","N14 K_AgriLivestock","NMVOC","Gg","0"
"SI","1986","N14 L_AgriOther","NMVOC","Gg","0"
"SI","1986","N14 M_Other","NMVOC","Gg","0"
"SI","1986","N14 O_AviCruise","NMVOC","Gg","0"
"SI","1986","N14 P_IntShipping","NMVOC","Gg","0"
"SI","1986","N14 N_Natural","NMVOC","Gg","0"
"SI","1986","N14 z_Memo","NMVOC","Gg","0"
"FI","1995","N14 A_PublicPower","NMVOC","Gg","0.55398589196"
"FI","1995","N14 B_Industry","NMVOC","Gg","19.3293196375358"
"FI","1995","N14 C_OtherStatComb","NMVOC","Gg","15.4079675265892"
"FI","1995","N14 D_Fugitive","NMVOC","Gg","13.81102372"
"FI","1995","N14 E_Solvents","NMVOC","Gg","37.259325628"
"FI","1995","N14 F_RoadTransport","NMVOC","Gg","66.5086829031974"
"FI","1995","N14 G_Shipping","NMVOC","Gg","9.96507177536234"
"FI","1995","N14 H_Aviation","NMVOC","Gg","0.10024821206768"
"FI","1995","N14 I_Offroad","NMVOC","Gg","22.3574820637777"
"FI","1995","N14 J_Waste","NMVOC","Gg","0.254851619"
"FI","1995","N14 K_AgriLivestock","NMVOC","Gg","12.4598641028023"
"FI","1995","N14 L_AgriOther","NMVOC","Gg","4.13789839858314"
"FI","1995","N14 M_Other","NMVOC","Gg","0"
"FI","1995","N14 O_AviCruise","NMVOC","Gg","0.13848897787596"
"FI","1995","N14 P_IntShipping","NMVOC","Gg","1.0032"
"FI","1995","N14 N_Natural","NMVOC","Gg","0"
"FI","1995","N14 z_Memo","NMVOC","Gg","0"
"RS","1998","N14 A_PublicPower","NMVOC","Gg","0.5821021094"
"RS","1998","N14 B_Industry","NMVOC","Gg","7.69008242587592"
"RS","1998","N14 C_OtherStatComb","NMVOC","Gg","28.1708844922056"
"RS","1998","N14 D_Fugitive","NMVOC","Gg","37.5388367"
"RS","1998","N14 E_Solvents","NMVOC","Gg","18.665508173"
"RS","1998","N14 F_RoadTransport","NMVOC","Gg","33.6300854245"
"RS","1998","N14 G_Shipping","NMVOC","Gg","0.0675"
"RS","1998","N14 H_Aviation","NMVOC","Gg","0.014411"
"RS","1998","N14 I_Offroad","NMVOC","Gg","0.49104"
"RS","1998","N14 J_Waste","NMVOC","Gg","0.000226082578888889"
"RS","1998","N14 K_AgriLivestock","NMVOC","Gg","23.06420573125"
"RS","1998","N14 L_AgriOther","NMVOC","Gg","3.10243108"
"RS","1998","N14 M_Other","NMVOC","Gg","0"
"RS","1998","N14 O_AviCruise","NMVOC","Gg","0.005222185"
"RS","1998","N14 P_IntShipping","NMVOC","Gg","0"
"RS","1998","N14 N_Natural","NMVOC","Gg","0.49105"
"RS","1998","N14 z_Memo","NMVOC","Gg","0"
"TR","2014","N14 A_PublicPower","NMVOC","Gg","3.534475665"
"TR","2014","N14 B_Industry","NMVOC","Gg","141.07132730032"
"TR","2014","N14 C_OtherStatComb","NMVOC","Gg","144.3023093662"
"TR","2014","N14 D_Fugitive","NMVOC","Gg","0"
"TR","2014","N14 E_Solvents","NMVOC","Gg","252.005242588555"
"TR","2014","N14 F_RoadTransport","NMVOC","Gg","39.3423689141277"
"TR","2014","N14 G_Shipping","NMVOC","Gg","1.1259"
"TR","2014","N14 H_Aviation","NMVOC","Gg","0.366505411814326"
"TR","2014","N14 I_Offroad","NMVOC","Gg","0.7625176"
"TR","2014","N14 J_Waste","NMVOC","Gg","43.53027819"
"TR","2014","N14 K_AgriLivestock","NMVOC","Gg","199.86863515873"
"TR","2014","N14 L_AgriOther","NMVOC","Gg","213.16685855688"
"TR","2014","N14 O_AviCruise","NMVOC","Gg","0.0387784443048945"
"TR","2014","N14 P_IntShipping","NMVOC","Gg","0"
"TR","2014","N14 N_Natural","NMVOC","Gg","0"
"HR","2007","N14 A_PublicPower","NMVOC","Gg","0.31123528014"
"HR","2007","N14 B_Industry","NMVOC","Gg","8.24164752093074"
"HR","2007","N14 C_OtherStatComb","NMVOC","Gg","22.190563111702"
"HR","2007","N14 D_Fugitive","NMVOC","Gg","5.721034468799"
"HR","2007","N14 E_Solvents","NMVOC","Gg","44.485244076"
"HR","2007","N14 F_RoadTransport","NMVOC","Gg","15.2467582149756"
"HR","2007","N14 G_Shipping","NMVOC","Gg","0.25627674232"
"HR","2007","N14 H_Aviation","NMVOC","Gg","0.030672469915"
"HR","2007","N14 I_Offroad","NMVOC","Gg","2.27980571936444"
"HR","2007","N14 J_Waste","NMVOC","Gg","3.30488680814"
"HR","2007","N14 K_AgriLivestock","NMVOC","Gg","8.53834953462"
"HR","2007","N14 L_AgriOther","NMVOC","Gg","1.03351016"
"HR","2007","N14 M_Other","NMVOC","Gg","0"
"HR","2007","N14 O_AviCruise","NMVOC","Gg","0.03785655135"
"HR","2007","N14 P_IntShipping","NMVOC","Gg","0.06658957786"
"HR","2007","N14 N_Natural","NMVOC","Gg","3.7884"
"HR","2007","N14 z_Memo","NMVOC","Gg","0"
"CH","1997","N14 A_PublicPower","NMVOC","Gg","0.217816665689487"
"CH","1997","N14 B_Industry","NMVOC","Gg","8.67362478367192"
"CH","1997","N14 C_OtherStatComb","NMVOC","Gg","6.90400405984275"
"CH","1997","N14 D_Fugitive","NMVOC","Gg","11.8787773849268"
"CH","1997","N14 E_Solvents","NMVOC","Gg","83.1248669819735"
"CH","1997","N14 F_RoadTransport","NMVOC","Gg","39.0410350052819"
"CH","1997","N14 G_Shipping","NMVOC","Gg","1.28858053156588"
"CH","1997","N14 H_Aviation","NMVOC","Gg","0.25230818059508"
"CH","1997","N14 I_Offroad","NMVOC","Gg","7.75405756230168"
"CH","1997","N14 J_Waste","NMVOC","Gg","0.698060898982989"
"CH","1997","N14 K_AgriLivestock","NMVOC","Gg","17.5942248027211"
"CH","1997","N14 L_AgriOther","NMVOC","Gg","0.4771022153459"
"CH","1997","N14 M_Other","NMVOC","Gg","0.215342536443576"
"CH","1997","N14 O_AviCruise","NMVOC","Gg","0.469939114149665"
"CH","1997","N14 P_IntShipping","NMVOC","Gg","0.318323317862114"
"CH","1997","N14 N_Natural","NMVOC","Gg","62.5044613799176"
"CH","1997","N14 z_Memo","NMVOC","Gg","37.4491378316054"
"FR","1999","N14 A_PublicPower","NMVOC","Gg","1.26575114898366"
"FR","1999","N14 B_Industry","NMVOC","Gg","86.689215241395"
"FR","1999","N14 C_OtherStatComb","NMVOC","Gg","411.809634886906"
"FR","1999","N14 D_Fugitive","NMVOC","Gg","87.016010544587"
"FR","1999","N14 E_Solvents","NMVOC","Gg","571.691231462705"
"FR","1999","N14 F_RoadTransport","NMVOC","Gg","501.239134567117"
"FR","1999","N14 G_Shipping","NMVOC","Gg","19.1501356874802"
"FR","1999","N14 H_Aviation","NMVOC","Gg","1.9126216600138"
"FR","1999","N14 I_Offroad","NMVOC","Gg","54.5889581816032"
"FR","1999","N14 J_Waste","NMVOC","Gg","12.5979346246231"
"FR","1999","N14 K_AgriLivestock","NMVOC","Gg","0"
"FR","1999","N14 L_AgriOther","NMVOC","Gg","2.48727733571814"
"FR","1999","N14 M_Other","NMVOC","Gg","0"
"FR","1999","N14 O_AviCruise","NMVOC","Gg","1.65968167093646"
"FR","1999","N14 P_IntShipping","NMVOC","Gg","7.8648198858008"
"FR","1999","N14 N_Natural","NMVOC","Gg","114.981794671818"
"FR","1999","N14 z_Memo","NMVOC","Gg","1543.18304412669"
"HR","2002","N14 A_PublicPower","NMVOC","Gg","0.3135050007852"
"HR","2002","N14 B_Industry","NMVOC","Gg","9.22766197817515"
"HR","2002","N14 C_OtherStatComb","NMVOC","Gg","22.35849743719"
"HR","2002","N14 D_Fugitive","NMVOC","Gg","5.4996241370966"
"HR","2002","N14 E_Solvents","NMVOC","Gg","30.3911693115"
"HR","2002","N14 F_RoadTransport","NMVOC","Gg","23.2922539002983"
"HR","2002","N14 G_Shipping","NMVOC","Gg","0.28201210487"
"HR","2002","N14 H_Aviation","NMVOC","Gg","0.008629480565"
"HR","2002","N14 I_Offroad","NMVOC","Gg","2.4582714661011"
"HR","2002","N14 J_Waste","NMVOC","Gg","2.46756997264"
"HR","2002","N14 K_AgriLivestock","NMVOC","Gg","8.61100185294"
"HR","2002","N14 L_AgriOther","NMVOC","Gg","1.01577868"
"HR","2002","N14 M_Other","NMVOC","Gg","0"
"HR","2002","N14 O_AviCruise","NMVOC","Gg","0.0264519123"
"HR","2002","N14 P_IntShipping","NMVOC","Gg","0.06510029928"
"HR","2002","N14 N_Natural","NMVOC","Gg","0.5394"
"HR","2002","N14 z_Memo","NMVOC","Gg","0"
"CZ","2010","N14 A_PublicPower","NMVOC","Gg","6.113210135"
"CZ","2010","N14 B_Industry","NMVOC","Gg","5.53179130001198"
"CZ","2010","N14 C_OtherStatComb","NMVOC","Gg","99.3285464096073"
"CZ","2010","N14 D_Fugitive","NMVOC","Gg","10.557396"
"CZ","2010","N14 E_Solvents","NMVOC","Gg","82.0579766145904"
"CZ","2010","N14 F_RoadTransport","NMVOC","Gg","26.5820235373805"
"CZ","2010","N14 G_Shipping","NMVOC","Gg","0.018739512"
"CZ","2010","N14 H_Aviation","NMVOC","Gg","0.0791375"
"CZ","2010","N14 I_Offroad","NMVOC","Gg","3.50938848453846"
"CZ","2010","N14 J_Waste","NMVOC","Gg","6.7537281262672"
"CZ","2010","N14 K_AgriLivestock","NMVOC","Gg","0"
"CZ","2010","N14 L_AgriOther","NMVOC","Gg","0"
"CZ","2010","N14 M_Other","NMVOC","Gg","0"
"CZ","2010","N14 O_AviCruise","NMVOC","Gg","0.4657875"
"CZ","2010","N14 P_IntShipping","NMVOC","Gg","0"
"CZ","2010","N14 N_Natural","NMVOC","Gg","0.1025"
"CZ","2010","N14 z_Memo","NMVOC","Gg","27.1140001253805"
"IT","1997","N14 A_PublicPower","NMVOC","Gg","3.6847358193906"
"IT","1997","N14 B_Industry","NMVOC","Gg","62.9483072182643"
"IT","1997","N14 C_OtherStatComb","NMVOC","Gg","116.872843864182"
"IT","1997","N14 D_Fugitive","NMVOC","Gg","114.608338364984"
"IT","1997","N14 E_Solvents","NMVOC","Gg","551.980028557023"
"IT","1997","N14 F_RoadTransport","NMVOC","Gg","799.979929561756"
"IT","1997","N14 G_Shipping","NMVOC","Gg","52.9953806498838"
"IT","1997","N14 H_Aviation","NMVOC","Gg","0.45748275373665"
"IT","1997","N14 I_Offroad","NMVOC","Gg","60.7838247059484"
"IT","1997","N14 J_Waste","NMVOC","Gg","13.6205700630024"
"IT","1997","N14 K_AgriLivestock","NMVOC","Gg","121.495031229929"
"IT","1997","N14 L_AgriOther","NMVOC","Gg","29.9739310324843"
"IT","1997","N14 M_Other","NMVOC","Gg","0"
"IT","1997","N14 O_AviCruise","NMVOC","Gg","0.579826416134459"
"IT","1997","N14 P_IntShipping","NMVOC","Gg","2.38675959772962"
"IT","1997","N14 N_Natural","NMVOC","Gg","1212.99027071164"
"IT","1997","N14 z_Memo","NMVOC","Gg","0"
"KZ","1997","N14 C_OtherStatComb","NMVOC","Gg","0"
"KZ","1997","N14 D_Fugitive","NMVOC","Gg","0"
"KZ","1997","N14 E_Solvents","NMVOC","Gg","18.78851694966"
"KZ","1997","N14 F_RoadTransport","NMVOC","Gg","19.349906791043"
"KZ","1997","N14 G_Shipping","NMVOC","Gg","14.9612634957403"
"KZ","1997","N14 H_Aviation","NMVOC","Gg","0.320634432144"
"KZ","1997","N14 I_Offroad","NMVOC","Gg","1.21438096744186"
"KZ","1997","N14 J_Waste","NMVOC","Gg","5.137715"
"KZ","1997","N14 K_AgriLivestock","NMVOC","Gg","54.410754"
"KZ","1997","N14 L_AgriOther","NMVOC","Gg","18.785582"
"KZ","1997","N14 M_Other","NMVOC","Gg","0"
"KZ","1997","N14 N_Natural","NMVOC","Gg","151.772"
"IE","2015","N14 A_PublicPower","NMVOC","Gg","0.257275097415872"
"IE","2015","N14 B_Industry","NMVOC","Gg","22.9732102465118"
"IE","2015","N14 C_OtherStatComb","NMVOC","Gg","9.23092710015332"
"IE","2015","N14 D_Fugitive","NMVOC","Gg","4.75160770636283"
"IE","2015","N14 E_Solvents","NMVOC","Gg","18.468644701432"
"IE","2015","N14 F_RoadTransport","NMVOC","Gg","5.92089741856005"
"IE","2015","N14 G_Shipping","NMVOC","Gg","0.193540861956851"
"IE","2015","N14 H_Aviation","NMVOC","Gg","0.147932119936811"
"IE","2015","N14 I_Offroad","NMVOC","Gg","0.46056922946341"
"IE","2015","N14 J_Waste","NMVOC","Gg","0.568060202922349"
"IE","2015","N14 K_AgriLivestock","NMVOC","Gg","40.1430715993702"
"IE","2015","N14 L_AgriOther","NMVOC","Gg","3.80937"
"IE","2015","N14 M_Other","NMVOC","Gg","0"
"IE","2015","N14 O_AviCruise","NMVOC","Gg","0.296901649701096"
"IE","2015","N14 P_IntShipping","NMVOC","Gg","0.432499086766623"
"IE","2015","N14 N_Natural","NMVOC","Gg","0"
"IE","2015","N14 z_Memo","NMVOC","Gg","6.19370619752376"
"AT","1991","N14 A_PublicPower","NMVOC","Gg","0.376729660508521"
"AT","1991","N14 B_Industry","NMVOC","Gg","5.28342754061652"
"AT","1991","N14 C_OtherStatComb","NMVOC","Gg","42.0102607276692"
"AT","1991","N14 D_Fugitive","NMVOC","Gg","15.1196116043994"
"AT","1991","N14 E_Solvents","NMVOC","Gg","107.877128717805"
"AT","1991","N14 F_RoadTransport","NMVOC","Gg","83.2401134335928"
"AT","1991","N14 G_Shipping","NMVOC","Gg","0.604045047730384"
"AT","1991","N14 H_Aviation","NMVOC","Gg","0.21461982275186"
"AT","1991","N14 I_Offroad","NMVOC","Gg","9.24809479026223"
"AT","1991","N14 J_Waste","NMVOC","Gg","0.158979196682379"
"AT","1991","N14 K_AgriLivestock","NMVOC","Gg","34.9806192917629"
"AT","1991","N14 L_AgriOther","NMVOC","Gg","16.8878451471392"
"AT","1991","N14 M_Other","NMVOC","Gg","0"
"AT","1991","N14 O_AviCruise","NMVOC","Gg","0.20423121576068"
"AT","1991","N14 P_IntShipping","NMVOC","Gg","0"
"AT","1991","N14 N_Natural","NMVOC","Gg","0"
"AT","1991","N14 z_Memo","NMVOC","Gg","77.8240028390074"
"AZ","2015","N14 A_PublicPower","NMVOC","Gg","0.61016694"
"AZ","2015","N14 B_Industry","NMVOC","Gg","13.1364184"
"AZ","2015","N14 C_OtherStatComb","NMVOC","Gg","1.97678897"
"AZ","2015","N14 D_Fugitive","NMVOC","Gg","14.13743"
"AZ","2015","N14 E_Solvents","NMVOC","Gg","14.971984"
"AZ","2015","N14 F_RoadTransport","NMVOC","Gg","15.5931029631025"
"AZ","2015","N14 G_Shipping","NMVOC","Gg","0.20972"
"AZ","2015","N14 H_Aviation","NMVOC","Gg","0"
"AZ","2015","N14 I_Offroad","NMVOC","Gg","2.26124026176471"
"AZ","2015","N14 J_Waste","NMVOC","Gg","0.00678368"
"AZ","2015","N14 K_AgriLivestock","NMVOC","Gg","25.4746052735"
"AZ","2015","N14 M_Other","NMVOC","Gg","0"
"AZ","2015","N14 O_AviCruise","NMVOC","Gg","0"
"AZ","2015","N14 P_IntShipping","NMVOC","Gg","0"
"AZ","2015","N14 N_Natural","NMVOC","Gg","0"
"AZ","2015","N14 z_Memo","NMVOC","Gg","14.851567"
"AT","2010","N14 A_PublicPower","NMVOC","Gg","0.383594192919688"
"AT","2010","N14 B_Industry","NMVOC","Gg","4.25385221039987"
"AT","2010","N14 C_OtherStatComb","NMVOC","Gg","27.1583435898726"
"AT","2010","N14 D_Fugitive","NMVOC","Gg","2.45121957527629"
"AT","2010","N14 E_Solvents","NMVOC","Gg","46.2225690423044"
"AT","2010","N14 F_RoadTransport","NMVOC","Gg","12.2754201692367"
"AT","2010","N14 G_Shipping","NMVOC","Gg","0.399974591441927"
"AT","2010","N14 H_Aviation","NMVOC","Gg","0.485613539872375"
"AT","2010","N14 I_Offroad","NMVOC","Gg","4.43987831815492"
"AT","2010","N14 J_Waste","NMVOC","Gg","0.0850988728529445"
"AT","2010","N14 K_AgriLivestock","NMVOC","Gg","27.8617537737905"
"AT","2010","N14 L_AgriOther","NMVOC","Gg","11.1572911021258"
"AT","2010","N14 M_Other","NMVOC","Gg","0"
"AT","2010","N14 O_AviCruise","NMVOC","Gg","0.490923642300409"
"AT","2010","N14 P_IntShipping","NMVOC","Gg","0"
"AT","2010","N14 N_Natural","NMVOC","Gg","0"
"AT","2010","N14 z_Memo","NMVOC","Gg","11.7248922871649"
"CY","1999","N14 A_PublicPower","NMVOC","Gg","0.082445501023"
"CY","1999","N14 B_Industry","NMVOC","Gg","1.1956124315"
"CY","1999","N14 C_OtherStatComb","NMVOC","Gg","0.0480921260298275"
"CY","1999","N14 D_Fugitive","NMVOC","Gg","1.13049809053498"
"CY","1999","N14 E_Solvents","NMVOC","Gg","8.165300694032"
"CY","1999","N14 F_RoadTransport","NMVOC","Gg","5.46078781476996"
"CY","1999","N14 G_Shipping","NMVOC","Gg","0.00274033725625204"
"CY","1999","N14 H_Aviation","NMVOC","Gg","0.0170835375413911"
"CY","1999","N14 I_Offroad","NMVOC","Gg","0.0813117080186143"
"CY","1999","N14 J_Waste","NMVOC","Gg","0.645597449114637"
"CY","1999","N14 K_AgriLivestock","NMVOC","Gg","1.08258880539992"
"CY","1999","N14 L_AgriOther","NMVOC","Gg","0.0604135"
"CY","1999","N14 M_Other","NMVOC","Gg","0"
"CY","1999","N14 O_AviCruise","NMVOC","Gg","0"
"CY","1999","N14 P_IntShipping","NMVOC","Gg","0.118"
"CY","1999","N14 N_Natural","NMVOC","Gg","0"
"CY","1999","N14 z_Memo","NMVOC","Gg","5.48061168956761"
"HR","1990","N14 A_PublicPower","NMVOC","Gg","0.51363676"
"HR","1990","N14 B_Industry","NMVOC","Gg","27.4747410022976"
"HR","1990","N14 C_OtherStatComb","NMVOC","Gg","23.31670910664"
"HR","1990","N14 D_Fugitive","NMVOC","Gg","6.4466804952"
"HR","1990","N14 E_Solvents","NMVOC","Gg","65.6136926994438"
"HR","1990","N14 F_RoadTransport","NMVOC","Gg","34.6411757903019"
"HR","1990","N14 G_Shipping","NMVOC","Gg","0.3121311807279"
"HR","1990","N14 H_Aviation","NMVOC","Gg","0.0380648202"
"HR","1990","N14 I_Offroad","NMVOC","Gg","2.83924564452863"
"HR","1990","N14 J_Waste","NMVOC","Gg","1.64302257124"
"HR","1990","N14 K_AgriLivestock","NMVOC","Gg","12.101243367"
"HR","1990","N14 L_AgriOther","NMVOC","Gg","2.63137038"
"HR","1990","N14 M_Other","NMVOC","Gg","0"
"HR","1990","N14 O_AviCruise","NMVOC","Gg","0.06167246303"
"HR","1990","N14 P_IntShipping","NMVOC","Gg","0.096000298"
"HR","1990","N14 N_Natural","NMVOC","Gg","1.1415"
"HR","1990","N14 z_Memo","NMVOC","Gg","0"
"ES","2007","N14 A_PublicPower","NMVOC","Gg","1.8014740227684"
"ES","2007","N14 B_Industry","NMVOC","Gg","86.5843228186224"
"ES","2007","N14 C_OtherStatComb","NMVOC","Gg","35.438176047"
"ES","2007","N14 D_Fugitive","NMVOC","Gg","26.35565355561"
"ES","2007","N14 E_Solvents","NMVOC","Gg","367.586693762"
"ES","2007","N14 F_RoadTransport","NMVOC","Gg","78.37351025"
"ES","2007","N14 G_Shipping","NMVOC","Gg","2.632928388"
"ES","2007","N14 H_Aviation","NMVOC","Gg","0.73946154341789"
"ES","2007","N14 I_Offroad","NMVOC","Gg","14.942712991"
"ES","2007","N14 J_Waste","NMVOC","Gg","6.6266624194715"
"ES","2007","N14 K_AgriLivestock","NMVOC","Gg","55.919302866"
"ES","2007","N14 L_AgriOther","NMVOC","Gg","87.807078974"
"ES","2007","N14 M_Other","NMVOC","Gg","0"
"ES","2007","N14 O_AviCruise","NMVOC","Gg","1.29064628634876"
"ES","2007","N14 P_IntShipping","NMVOC","Gg","20.344497058"
"ES","2007","N14 N_Natural","NMVOC","Gg","0"
"ES","2007","N14 z_Memo","NMVOC","Gg","0"
"AZ","2016","N14 A_PublicPower","NMVOC","Gg","0.59362372"
"AZ","2016","N14 B_Industry","NMVOC","Gg","13.7387426"
"AZ","2016","N14 C_OtherStatComb","NMVOC","Gg","0.98397757"
"AZ","2016","N14 D_Fugitive","NMVOC","Gg","13.77322"
"AZ","2016","N14 E_Solvents","NMVOC","Gg","14.979614"
"AZ","2016","N14 F_RoadTransport","NMVOC","Gg","15.6882443711725"
"AZ","2016","N14 G_Shipping","NMVOC","Gg","0.08036"
"AZ","2016","N14 H_Aviation","NMVOC","Gg","0"
"AZ","2016","N14 I_Offroad","NMVOC","Gg","2.25901844705882"
"AZ","2016","N14 J_Waste","NMVOC","Gg","0.006161"
"AZ","2016","N14 K_AgriLivestock","NMVOC","Gg","25.531244592"
"AZ","2016","N14 M_Other","NMVOC","Gg","0"
"AZ","2016","N14 O_AviCruise","NMVOC","Gg","0"
"AZ","2016","N14 P_IntShipping","NMVOC","Gg","0"
"AZ","2016","N14 N_Natural","NMVOC","Gg","0"
"EU15","1990","N14 A_PublicPower","NMVOC","Gg","24.6750999822209"
"EU15","1990","N14 B_Industry","NMVOC","Gg","818.788551414366"
"EU15","1990","N14 C_OtherStatComb","NMVOC","Gg","1296.97068613799"
"EU15","1990","N14 D_Fugitive","NMVOC","Gg","1522.53966172411"
"EU15","1990","N14 E_Solvents","NMVOC","Gg","4165.55297728231"
"EU15","1990","N14 F_RoadTransport","NMVOC","Gg","4952.1376543447"
"EU15","1990","N14 G_Shipping","NMVOC","Gg","91.927901925885"
"EU15","1990","N14 H_Aviation","NMVOC","Gg","13.9836680682541"
"EU15","1990","N14 I_Offroad","NMVOC","Gg","386.928037881019"
"EU15","1990","N14 J_Waste","NMVOC","Gg","57.5402542502547"
"EU15","1990","N14 K_AgriLivestock","NMVOC","Gg","763.099640975608"
"EU15","1990","N14 L_AgriOther","NMVOC","Gg","239.285730258967"
"EU15","1990","N14 M_Other","NMVOC","Gg","1.242815475527"
"EU15","1990","N14 O_AviCruise","NMVOC","Gg","9.14637152493145"
"EU15","1990","N14 P_IntShipping","NMVOC","Gg","37.1279747862784"
"EU15","1990","N14 N_Natural","NMVOC","Gg","1917.12043058636"
"EU15","1990","N14 z_Memo","NMVOC","Gg","1447.95698572762"
"SK","1998","N14 A_PublicPower","NMVOC","Gg","0.151535310979701"
"SK","1998","N14 B_Industry","NMVOC","Gg","10.704432667651"
"SK","1998","N14 C_OtherStatComb","NMVOC","Gg","57.0373261061873"
"SK","1998","N14 D_Fugitive","NMVOC","Gg","12.2192350482358"
"SK","1998","N14 E_Solvents","NMVOC","Gg","59.6133835523945"
"SK","1998","N14 F_RoadTransport","NMVOC","Gg","25.7519246674593"
"SK","1998","N14 G_Shipping","NMVOC","Gg","0.0346155937661379"
"SK","1998","N14 H_Aviation","NMVOC","Gg","0.00104086453637873"
"SK","1998","N14 I_Offroad","NMVOC","Gg","0.94360436891697"
"SK","1998","N14 J_Waste","NMVOC","Gg","0.892607604039789"
"SK","1998","N14 K_AgriLivestock","NMVOC","Gg","7.38034207345189"
"SK","1998","N14 L_AgriOther","NMVOC","Gg","2.97441867754775"
"SK","1998","N14 M_Other","NMVOC","Gg","0"
"SK","1998","N14 O_AviCruise","NMVOC","Gg","0.00174220795264144"
"SK","1998","N14 P_IntShipping","NMVOC","Gg","0"
"SK","1998","N14 N_Natural","NMVOC","Gg","0.016"
"SK","1998","N14 z_Memo","NMVOC","Gg","0"
"CZ","2005","N14 A_PublicPower","NMVOC","Gg","6.1731888663"
"CZ","2005","N14 B_Industry","NMVOC","Gg","4.87874078528747"
"CZ","2005","N14 C_OtherStatComb","NMVOC","Gg","84.1335542786101"
"CZ","2005","N14 D_Fugitive","NMVOC","Gg","12.29711811645"
"CZ","2005","N14 E_Solvents","NMVOC","Gg","94.660964293869"
"CZ","2005","N14 F_RoadTransport","NMVOC","Gg","36.969569545496"
"CZ","2005","N14 G_Shipping","NMVOC","Gg","0.02342439"
"CZ","2005","N14 H_Aviation","NMVOC","Gg","0.0810455"
"CZ","2005","N14 I_Offroad","NMVOC","Gg","4.98623747200443"
"CZ","2005","N14 J_Waste","NMVOC","Gg","8.10162652068"
"CZ","2005","N14 K_AgriLivestock","NMVOC","Gg","0"
"CZ","2005","N14 L_AgriOther","NMVOC","Gg","0"
"CZ","2005","N14 M_Other","NMVOC","Gg","0"
"CZ","2005","N14 O_AviCruise","NMVOC","Gg","0.4765995"
"CZ","2005","N14 P_IntShipping","NMVOC","Gg","0"
"CZ","2005","N14 N_Natural","NMVOC","Gg","0.11355"
"CZ","2005","N14 z_Memo","NMVOC","Gg","37.507784211496"
"SE","1998","N14 A_PublicPower","NMVOC","Gg","2.18663502557432"
"SE","1998","N14 B_Industry","NMVOC","Gg","14.8928825109971"
"SE","1998","N14 C_OtherStatComb","NMVOC","Gg","15.8387276536624"
"SE","1998","N14 D_Fugitive","NMVOC","Gg","15.2532436251599"
"SE","1998","N14 E_Solvents","NMVOC","Gg","51.6562590261945"
"SE","1998","N14 F_RoadTransport","NMVOC","Gg","79.1566103039206"
"SE","1998","N14 G_Shipping","NMVOC","Gg","4.88343633422446"
"SE","1998","N14 H_Aviation","NMVOC","Gg","0.212755792476749"
"SE","1998","N14 I_Offroad","NMVOC","Gg","16.1745659823494"
"SE","1998","N14 J_Waste","NMVOC","Gg","1.99957745691314"
"SE","1998","N14 K_AgriLivestock","NMVOC","Gg","26.4753258040895"
"SE","1998","N14 L_AgriOther","NMVOC","Gg","12.0110301724519"
"SE","1998","N14 M_Other","NMVOC","Gg","0"
"SE","1998","N14 O_AviCruise","NMVOC","Gg","1.08841208118224"
"SE","1998","N14 P_IntShipping","NMVOC","Gg","1.69418667671229"
"SE","1998","N14 N_Natural","NMVOC","Gg","0"
"SE","1998","N14 z_Memo","NMVOC","Gg","0"
"GB","1990","N14 A_PublicPower","NMVOC","Gg","7.062171759139"
"GB","1990","N14 B_Industry","NMVOC","Gg","284.147832083667"
"GB","1990","N14 C_OtherStatComb","NMVOC","Gg","63.031390129445"
"GB","1990","N14 D_Fugitive","NMVOC","Gg","792.062924989994"
"GB","1990","N14 E_Solvents","NMVOC","Gg","648.669702124569"
"GB","1990","N14 F_RoadTransport","NMVOC","Gg","981.996523525501"
"GB","1990","N14 G_Shipping","NMVOC","Gg","6.303849086728"
"GB","1990","N14 H_Aviation","NMVOC","Gg","5.820298484827"
"GB","1990","N14 I_Offroad","NMVOC","Gg","56.248036425142"
"GB","1990","N14 J_Waste","NMVOC","Gg","16.110829622455"
"GB","1990","N14 K_AgriLivestock","NMVOC","Gg","89.368728352283"
"GB","1990","N14 L_AgriOther","NMVOC","Gg","12.129401333892"
"GB","1990","N14 M_Other","NMVOC","Gg","0.843230793527"
"GB","1990","N14 O_AviCruise","NMVOC","Gg","2.367765091375"
"GB","1990","N14 P_IntShipping","NMVOC","Gg","6.676148682898"
"GB","1990","N14 N_Natural","NMVOC","Gg","92.398229411765"
"GB","1990","N14 z_Memo","NMVOC","Gg","854.933869232155"
"IE","2005","N14 A_PublicPower","NMVOC","Gg","0.365404804666249"
"IE","2005","N14 B_Industry","NMVOC","Gg","16.9104771248344"
"IE","2005","N14 C_OtherStatComb","NMVOC","Gg","11.6270277717368"
"IE","2005","N14 D_Fugitive","NMVOC","Gg","6.72559737141851"
"IE","2005","N14 E_Solvents","NMVOC","Gg","23.0724513756086"
"IE","2005","N14 F_RoadTransport","NMVOC","Gg","15.6215895058741"
"IE","2005","N14 G_Shipping","NMVOC","Gg","0.183200401307372"
"IE","2005","N14 H_Aviation","NMVOC","Gg","0.130747807654896"
"IE","2005","N14 I_Offroad","NMVOC","Gg","1.26195223818824"
"IE","2005","N14 J_Waste","NMVOC","Gg","0.905351533348943"
"IE","2005","N14 K_AgriLivestock","NMVOC","Gg","39.8560264442297"
"IE","2005","N14 L_AgriOther","NMVOC","Gg","3.69972"
"IE","2005","N14 M_Other","NMVOC","Gg","0"
"IE","2005","N14 O_AviCruise","NMVOC","Gg","0.301440086229316"
"IE","2005","N14 P_IntShipping","NMVOC","Gg","0.289741177113417"
"IE","2005","N14 N_Natural","NMVOC","Gg","0"
"IE","2005","N14 z_Memo","NMVOC","Gg","15.2289007732761"
"LV","2003","N14 A_PublicPower","NMVOC","Gg","0.129058420154593"
"LV","2003","N14 B_Industry","NMVOC","Gg","3.75130319755484"
"LV","2003","N14 C_OtherStatComb","NMVOC","Gg","15.4564352525412"
"LV","2003","N14 D_Fugitive","NMVOC","Gg","2.11835628451217"
"LV","2003","N14 E_Solvents","NMVOC","Gg","8.22142003334084"
"LV","2003","N14 F_RoadTransport","NMVOC","Gg","10.8167984751001"
"LV","2003","N14 G_Shipping","NMVOC","Gg","0.0156748432873262"
"LV","2003","N14 H_Aviation","NMVOC","Gg","0.0416114836763601"
"LV","2003","N14 I_Offroad","NMVOC","Gg","1.3083974539997"
"LV","2003","N14 J_Waste","NMVOC","Gg","0.90659882567"
"LV","2003","N14 K_AgriLivestock","NMVOC","Gg","5.76501441558402"
"LV","2003","N14 L_AgriOther","NMVOC","Gg","1.219337"
"LV","2003","N14 M_Other","NMVOC","Gg","0"
"LV","2003","N14 O_AviCruise","NMVOC","Gg","0.0441917595236399"
"LV","2003","N14 P_IntShipping","NMVOC","Gg","0.5203"
"LV","2003","N14 N_Natural","NMVOC","Gg","0.324"
"LV","2003","N14 z_Memo","NMVOC","Gg","0"
"AT","2013","N14 A_PublicPower","NMVOC","Gg","0.408130550447759"
"AT","2013","N14 B_Industry","NMVOC","Gg","4.1720663921396"
"AT","2013","N14 C_OtherStatComb","NMVOC","Gg","30.1467555710767"
"AT","2013","N14 D_Fugitive","NMVOC","Gg","2.30491272700436"
"AT","2013","N14 E_Solvents","NMVOC","Gg","44.1012817424202"
"AT","2013","N14 F_RoadTransport","NMVOC","Gg","9.90525054029898"
"AT","2013","N14 G_Shipping","NMVOC","Gg","0.342318234633504"
"AT","2013","N14 H_Aviation","NMVOC","Gg","0.498229662225075"
"AT","2013","N14 I_Offroad","NMVOC","Gg","3.37434942703658"
"AT","2013","N14 J_Waste","NMVOC","Gg","0.0737215823014811"
"AT","2013","N14 K_AgriLivestock","NMVOC","Gg","27.2615339051517"
"AT","2013","N14 L_AgriOther","NMVOC","Gg","10.7056429338308"
"AT","2013","N14 M_Other","NMVOC","Gg","0"
"AT","2013","N14 O_AviCruise","NMVOC","Gg","0.46413006536519"
"AT","2013","N14 P_IntShipping","NMVOC","Gg","0"
"AT","2013","N14 N_Natural","NMVOC","Gg","0"
"AT","2013","N14 z_Memo","NMVOC","Gg","9.74270044759133"
"RO","2001","N14 A_PublicPower","NMVOC","Gg","1.05241161"
"RO","2001","N14 B_Industry","NMVOC","Gg","33.01151418181"
"RO","2001","N14 C_OtherStatComb","NMVOC","Gg","44.99547105"
"RO","2001","N14 D_Fugitive","NMVOC","Gg","37.19880668"
"RO","2001","N14 E_Solvents","NMVOC","Gg","42.46377307316"
"RO","2001","N14 F_RoadTransport","NMVOC","Gg","24.4884382788258"
"RO","2001","N14 G_Shipping","NMVOC","Gg","0.0364"
"RO","2001","N14 H_Aviation","NMVOC","Gg","0"
"RO","2001","N14 I_Offroad","NMVOC","Gg","29.2349079962308"
"RO","2001","N14 J_Waste","NMVOC","Gg","1.30198959787285"
"RO","2001","N14 K_AgriLivestock","NMVOC","Gg","35.7762399140279"
"RO","2001","N14 L_AgriOther","NMVOC","Gg","5.08003519556721"
"RO","2001","N14 M_Other","NMVOC","Gg","0"
"RO","2001","N14 O_AviCruise","NMVOC","Gg","0"
"RO","2001","N14 P_IntShipping","NMVOC","Gg","0"
"FI","2007","N14 A_PublicPower","NMVOC","Gg","1.10053886240712"
"FI","2007","N14 B_Industry","NMVOC","Gg","12.477463235579"
"FI","2007","N14 C_OtherStatComb","NMVOC","Gg","19.447322724687"
"FI","2007","N14 D_Fugitive","NMVOC","Gg","8.34239334"
"FI","2007","N14 E_Solvents","NMVOC","Gg","29.549086328"
"FI","2007","N14 F_RoadTransport","NMVOC","Gg","22.0457457085902"
"FI","2007","N14 G_Shipping","NMVOC","Gg","7.82267046903814"
"FI","2007","N14 H_Aviation","NMVOC","Gg","0.135328717245388"
"FI","2007","N14 I_Offroad","NMVOC","Gg","18.6039534212862"
"FI","2007","N14 J_Waste","NMVOC","Gg","0.154815204"
"FI","2007","N14 K_AgriLivestock","NMVOC","Gg","12.4273829201597"
"FI","2007","N14 L_AgriOther","NMVOC","Gg","4.29263839329677"
"FI","2007","N14 M_Other","NMVOC","Gg","0"
"FI","2007","N14 O_AviCruise","NMVOC","Gg","0.202059723532073"
"FI","2007","N14 P_IntShipping","NMVOC","Gg","0.851"
"FI","2007","N14 N_Natural","NMVOC","Gg","0"
"FI","2007","N14 z_Memo","NMVOC","Gg","0"
"IS","2006","N14 A_PublicPower","NMVOC","Gg","0.00026228652"
"IS","2006","N14 B_Industry","NMVOC","Gg","0.490038371553"
"IS","2006","N14 C_OtherStatComb","NMVOC","Gg","0.001008027665"
"IS","2006","N14 D_Fugitive","NMVOC","Gg","0.239536551882722"
"IS","2006","N14 E_Solvents","NMVOC","Gg","1.501918044072"
"IS","2006","N14 F_RoadTransport","NMVOC","Gg","1.86560101718219"
"IS","2006","N14 G_Shipping","NMVOC","Gg","0.0447591"
"IS","2006","N14 H_Aviation","NMVOC","Gg","0.000667550879958712"
"IS","2006","N14 I_Offroad","NMVOC","Gg","0.796762941"
"IS","2006","N14 J_Waste","NMVOC","Gg","0.488300736604411"
"IS","2006","N14 K_AgriLivestock","NMVOC","Gg","1.85237435999962"
"IS","2006","N14 L_AgriOther","NMVOC","Gg","7.34435130310323e-08"
"IS","2006","N14 M_Other","NMVOC","Gg","0"
"IS","2006","N14 O_AviCruise","NMVOC","Gg","0.00143270927134097"
"IS","2006","N14 P_IntShipping","NMVOC","Gg","0.0149684"
"IS","2006","N14 N_Natural","NMVOC","Gg","0"
"IS","2006","N14 z_Memo","NMVOC","Gg","0"
"AT","1993","N14 A_PublicPower","NMVOC","Gg","0.274986321508554"
"AT","1993","N14 B_Industry","NMVOC","Gg","4.98526017064292"
"AT","1993","N14 C_OtherStatComb","NMVOC","Gg","37.909731921532"
"AT","1993","N14 D_Fugitive","NMVOC","Gg","14.6542983512076"
"AT","1993","N14 E_Solvents","NMVOC","Gg","94.6102657434907"
"AT","1993","N14 F_RoadTransport","NMVOC","Gg","61.6618008998464"
"AT","1993","N14 G_Shipping","NMVOC","Gg","0.599297922193265"
"AT","1993","N14 H_Aviation","NMVOC","Gg","0.235882677206723"
"AT","1993","N14 I_Offroad","NMVOC","Gg","9.4270109628841"
"AT","1993","N14 J_Waste","NMVOC","Gg","0.148902478016385"
"AT","1993","N14 K_AgriLivestock","NMVOC","Gg","32.2379210987906"
"AT","1993","N14 L_AgriOther","NMVOC","Gg","15.5710534621299"
"AT","1993","N14 M_Other","NMVOC","Gg","0"
"AT","1993","N14 O_AviCruise","NMVOC","Gg","0.238647718676554"
"AT","1993","N14 P_IntShipping","NMVOC","Gg","0"
"AT","1993","N14 N_Natural","NMVOC","Gg","0"
"AT","1993","N14 z_Memo","NMVOC","Gg","61.3055881568934"
"TR","2011","N14 A_PublicPower","NMVOC","Gg","2.4306530424"
"TR","2011","N14 B_Industry","NMVOC","Gg","127.274120145276"
"TR","2011","N14 C_OtherStatComb","NMVOC","Gg","216.916228855"
"TR","2011","N14 D_Fugitive","NMVOC","Gg","0"
"TR","2011","N14 E_Solvents","NMVOC","Gg","242.292800453864"
"TR","2011","N14 F_RoadTransport","NMVOC","Gg","45.1183455201713"
"TR","2011","N14 G_Shipping","NMVOC","Gg","1.8738"
"TR","2011","N14 H_Aviation","NMVOC","Gg","4.20222241268537"
"TR","2011","N14 I_Offroad","NMVOC","Gg","0.712537405"
"TR","2011","N14 J_Waste","NMVOC","Gg","39.5506666525"
"TR","2011","N14 K_AgriLivestock","NMVOC","Gg","169.30164927876"
"TR","2011","N14 L_AgriOther","NMVOC","Gg","183.8743798262"
"TR","2011","N14 M_Other","NMVOC","Gg","0"
"TR","2011","N14 O_AviCruise","NMVOC","Gg","0.113278028473108"
"TR","2011","N14 P_IntShipping","NMVOC","Gg","0"
"TR","2011","N14 N_Natural","NMVOC","Gg","0"
"EE","2012","N14 A_PublicPower","NMVOC","Gg","0.423921"
"EE","2012","N14 B_Industry","NMVOC","Gg","2.130726"
"EE","2012","N14 C_OtherStatComb","NMVOC","Gg","4.188893222"
"EE","2012","N14 D_Fugitive","NMVOC","Gg","1.824464"
"EE","2012","N14 E_Solvents","NMVOC","Gg","5.686999"
"EE","2012","N14 F_RoadTransport","NMVOC","Gg","2.530152"
"EE","2012","N14 G_Shipping","NMVOC","Gg","0.032745"
"EE","2012","N14 H_Aviation","NMVOC","Gg","0.01475"
"EE","2012","N14 I_Offroad","NMVOC","Gg","1.141254"
"EE","2012","N14 J_Waste","NMVOC","Gg","0.359287"
"EE","2012","N14 K_AgriLivestock","NMVOC","Gg","4.175965"
"EE","2012","N14 L_AgriOther","NMVOC","Gg","0.427652"
"EE","2012","N14 M_Other","NMVOC","Gg","0"
"EE","2012","N14 O_AviCruise","NMVOC","Gg","0.025144"
"EE","2012","N14 P_IntShipping","NMVOC","Gg","1.129786"
"EE","2012","N14 N_Natural","NMVOC","Gg","37.88939"
"EE","2012","N14 z_Memo","NMVOC","Gg","0"
"PL","2005","N14 A_PublicPower","NMVOC","Gg","2.2120815"
"PL","2005","N14 B_Industry","NMVOC","Gg","83.055032727426"
"PL","2005","N14 C_OtherStatComb","NMVOC","Gg","147.5386370686"
"PL","2005","N14 D_Fugitive","NMVOC","Gg","49.8892857819663"
"PL","2005","N14 E_Solvents","NMVOC","Gg","199.598010010491"
"PL","2005","N14 F_RoadTransport","NMVOC","Gg","111.928265960164"
"PL","2005","N14 G_Shipping","NMVOC","Gg","0.0199582037478585"
"PL","2005","N14 H_Aviation","NMVOC","Gg","0.0251482000271586"
"PL","2005","N14 I_Offroad","NMVOC","Gg","10.9946096582915"
"PL","2005","N14 J_Waste","NMVOC","Gg","16.0816067123516"
"PL","2005","N14 K_AgriLivestock","NMVOC","Gg","92.883641908375"
"PL","2005","N14 L_AgriOther","NMVOC","Gg","6.87853929388462"
"PL","2005","N14 M_Other","NMVOC","Gg","0"
"PL","2005","N14 O_AviCruise","NMVOC","Gg","0.178588371711796"
"PL","2005","N14 P_IntShipping","NMVOC","Gg","0.8856"
"PL","2005","N14 N_Natural","NMVOC","Gg","240.796929269229"
"PL","2005","N14 z_Memo","NMVOC","Gg","0"
"HU","2005","N14 A_PublicPower","NMVOC","Gg","2.18528396592383"
"HU","2005","N14 B_Industry","NMVOC","Gg","16.032301300797"
"HU","2005","N14 C_OtherStatComb","NMVOC","Gg","25.3336118756"
"HU","2005","N14 D_Fugitive","NMVOC","Gg","3.40393393800562"
"HU","2005","N14 E_Solvents","NMVOC","Gg","49.1802924665215"
"HU","2005","N14 F_RoadTransport","NMVOC","Gg","44.1694854764796"
"HU","2005","N14 G_Shipping","NMVOC","Gg","0.0233333333333333"
"HU","2005","N14 H_Aviation","NMVOC","Gg","0.0046773905627557"
"HU","2005","N14 I_Offroad","NMVOC","Gg","2.39077202610189"
"HU","2005","N14 J_Waste","NMVOC","Gg","2.16731988281694"
"HU","2005","N14 K_AgriLivestock","NMVOC","Gg","22.9348072039024"
"HU","2005","N14 L_AgriOther","NMVOC","Gg","3.67494856"
"HU","2005","N14 M_Other","NMVOC","Gg","0"
"HU","2005","N14 O_AviCruise","NMVOC","Gg","0.00906731492520477"
"HU","2005","N14 P_IntShipping","NMVOC","Gg","0"
"HU","2005","N14 N_Natural","NMVOC","Gg","0"
"HU","2005","N14 z_Memo","NMVOC","Gg","0"
"PL","2010","N14 A_PublicPower","NMVOC","Gg","2.49373566"
"PL","2010","N14 B_Industry","NMVOC","Gg","82.268210280614"
"PL","2010","N14 C_OtherStatComb","NMVOC","Gg","155.6026807418"
"PL","2010","N14 D_Fugitive","NMVOC","Gg","52.9147620868528"
"PL","2010","N14 E_Solvents","NMVOC","Gg","204.219323383937"
"PL","2010","N14 F_RoadTransport","NMVOC","Gg","98.6732171987234"
"PL","2010","N14 G_Shipping","NMVOC","Gg","0.00979865018759967"
"PL","2010","N14 H_Aviation","NMVOC","Gg","0.038766989465083"
"PL","2010","N14 I_Offroad","NMVOC","Gg","7.8750506482412"
"PL","2010","N14 J_Waste","NMVOC","Gg","14.2002548911333"
"PL","2010","N14 K_AgriLivestock","NMVOC","Gg","87.566475388"
"PL","2010","N14 L_AgriOther","NMVOC","Gg","6.31019536156135"
"PL","2010","N14 M_Other","NMVOC","Gg","0"
"PL","2010","N14 O_AviCruise","NMVOC","Gg","0.273212890135866"
"PL","2010","N14 P_IntShipping","NMVOC","Gg","0.5967"
"PL","2010","N14 N_Natural","NMVOC","Gg","250.752033173171"
"PL","2010","N14 z_Memo","NMVOC","Gg","0"
"RS","2008","N14 A_PublicPower","NMVOC","Gg","0.516942642"
"RS","2008","N14 B_Industry","NMVOC","Gg","12.2141669246745"
"RS","2008","N14 C_OtherStatComb","NMVOC","Gg","26.06827782272"
"RS","2008","N14 D_Fugitive","NMVOC","Gg","36.55089535904"
"RS","2008","N14 E_Solvents","NMVOC","Gg","18.0121466411968"
"RS","2008","N14 F_RoadTransport","NMVOC","Gg","26.675724323"
"RS","2008","N14 G_Shipping","NMVOC","Gg","0.0486"
"RS","2008","N14 H_Aviation","NMVOC","Gg","0.022227"
"RS","2008","N14 I_Offroad","NMVOC","Gg","0.954529"
"RS","2008","N14 J_Waste","NMVOC","Gg","0.00362798737296296"
"RS","2008","N14 K_AgriLivestock","NMVOC","Gg","18.1136875014375"
"RS","2008","N14 L_AgriOther","NMVOC","Gg","3.09912782"
"RS","2008","N14 M_Other","NMVOC","Gg","0"
"RS","2008","N14 O_AviCruise","NMVOC","Gg","0.003232545"
"RS","2008","N14 P_IntShipping","NMVOC","Gg","0"
"RS","2008","N14 N_Natural","NMVOC","Gg","0.20125"
"RS","2008","N14 z_Memo","NMVOC","Gg","0"
"DK","2002","N14 A_PublicPower","NMVOC","Gg","3.46271521841114"
"DK","2002","N14 B_Industry","NMVOC","Gg","4.34287362759832"
"DK","2002","N14 C_OtherStatComb","NMVOC","Gg","14.0311638687224"
"DK","2002","N14 D_Fugitive","NMVOC","Gg","16.5586308744299"
"DK","2002","N14 E_Solvents","NMVOC","Gg","36.097546380592"
"DK","2002","N14 F_RoadTransport","NMVOC","Gg","34.1061499548696"
"DK","2002","N14 G_Shipping","NMVOC","Gg","0.513161549850488"
"DK","2002","N14 H_Aviation","NMVOC","Gg","0.205797097105531"
"DK","2002","N14 I_Offroad","NMVOC","Gg","8.5539688434584"
"DK","2002","N14 J_Waste","NMVOC","Gg","0.623546387669363"
"DK","2002","N14 K_AgriLivestock","NMVOC","Gg","35.8781858738641"
"DK","2002","N14 L_AgriOther","NMVOC","Gg","1.392900531875"
"DK","2002","N14 M_Other","NMVOC","Gg","0"
"DK","2002","N14 O_AviCruise","NMVOC","Gg","0.119167180681059"
"DK","2002","N14 P_IntShipping","NMVOC","Gg","1.98887597545891"
"DK","2002","N14 N_Natural","NMVOC","Gg","0"
"DK","2002","N14 z_Memo","NMVOC","Gg","0"
"ES","2016","N14 A_PublicPower","NMVOC","Gg","4.74075039156462"
"ES","2016","N14 B_Industry","NMVOC","Gg","78.9040054125208"
"ES","2016","N14 C_OtherStatComb","NMVOC","Gg","42.730994659"
"ES","2016","N14 D_Fugitive","NMVOC","Gg","27.993922632005"
"ES","2016","N14 E_Solvents","NMVOC","Gg","267.442265207506"
"ES","2016","N14 F_RoadTransport","NMVOC","Gg","24.352436271"
"ES","2016","N14 G_Shipping","NMVOC","Gg","1.031238406"
"ES","2016","N14 H_Aviation","NMVOC","Gg","0.723815784297646"
"ES","2016","N14 I_Offroad","NMVOC","Gg","7.555601979"
"ES","2016","N14 J_Waste","NMVOC","Gg","6.55722464689711"
"ES","2016","N14 K_AgriLivestock","NMVOC","Gg","55.351395594"
"ES","2016","N14 L_AgriOther","NMVOC","Gg","85.630849065"
"ES","2016","N14 M_Other","NMVOC","Gg","0"
"ES","2016","N14 O_AviCruise","NMVOC","Gg","1.34736597977232"
"ES","2016","N14 P_IntShipping","NMVOC","Gg","18.002644494"
"ES","2016","N14 N_Natural","NMVOC","Gg","0"
"ES","2016","N14 z_Memo","NMVOC","Gg","0"
"GB","2002","N14 A_PublicPower","NMVOC","Gg","6.255627438498"
"GB","2002","N14 B_Industry","NMVOC","Gg","160.106898338659"
"GB","2002","N14 C_OtherStatComb","NMVOC","Gg","30.193969739558"
"GB","2002","N14 D_Fugitive","NMVOC","Gg","385.264728072316"
"GB","2002","N14 E_Solvents","NMVOC","Gg","378.152832835813"
"GB","2002","N14 F_RoadTransport","NMVOC","Gg","330.185708436779"
"GB","2002","N14 G_Shipping","NMVOC","Gg","8.188028330959"
"GB","2002","N14 H_Aviation","NMVOC","Gg","3.334481841883"
"GB","2002","N14 I_Offroad","NMVOC","Gg","53.467010104948"
"GB","2002","N14 J_Waste","NMVOC","Gg","14.086939637808"
"GB","2002","N14 K_AgriLivestock","NMVOC","Gg","89.315706807724"
"GB","2002","N14 L_AgriOther","NMVOC","Gg","7.946892236581"
"GB","2002","N14 M_Other","NMVOC","Gg","1.547906364623"
"GB","2002","N14 O_AviCruise","NMVOC","Gg","1.5092424279"
"GB","2002","N14 P_IntShipping","NMVOC","Gg","5.73199986736"
"GB","2002","N14 N_Natural","NMVOC","Gg","91.826819607844"
"GB","2002","N14 z_Memo","NMVOC","Gg","299.147332703061"
"EU28","2000","N14 A_PublicPower","NMVOC","Gg","42.387682023097"
"EU28","2000","N14 B_Industry","NMVOC","Gg","752.179929712894"
"EU28","2000","N14 C_OtherStatComb","NMVOC","Gg","1187.94046428716"
"EU28","2000","N14 D_Fugitive","NMVOC","Gg","978.385033390516"
"EU28","2000","N14 E_Solvents","NMVOC","Gg","3785.54944878218"
"EU28","2000","N14 F_RoadTransport","NMVOC","Gg","2747.42878426426"
"EU28","2000","N14 G_Shipping","NMVOC","Gg","99.0445697316013"
"EU28","2000","N14 H_Aviation","NMVOC","Gg","10.3381681018424"
"EU28","2000","N14 I_Offroad","NMVOC","Gg","366.807104532542"
"EU28","2000","N14 J_Waste","NMVOC","Gg","101.129093940542"
"EU28","2000","N14 K_AgriLivestock","NMVOC","Gg","926.463617181934"
"EU28","2000","N14 L_AgriOther","NMVOC","Gg","229.578868263415"
"EU28","2000","N14 M_Other","NMVOC","Gg","1.963662104047"
"EU28","2000","N14 O_AviCruise","NMVOC","Gg","10.2177025140408"
"EU28","2000","N14 P_IntShipping","NMVOC","Gg","48.1545746300082"
"EU28","2000","N14 N_Natural","NMVOC","Gg","2301.86692135086"
"EU28","2000","N14 z_Memo","NMVOC","Gg","1475.79169203043"
"DE","1999","N14 A_PublicPower","NMVOC","Gg","6.86963001342554"
"DE","1999","N14 B_Industry","NMVOC","Gg","41.4003578895265"
"DE","1999","N14 C_OtherStatComb","NMVOC","Gg","64.9270315248185"
"DE","1999","N14 D_Fugitive","NMVOC","Gg","120.849652613237"
"DE","1999","N14 E_Solvents","NMVOC","Gg","934.47848385914"
"DE","1999","N14 F_RoadTransport","NMVOC","Gg","342.034534819105"
"DE","1999","N14 G_Shipping","NMVOC","Gg","1.53058412247657"
"DE","1999","N14 H_Aviation","NMVOC","Gg","1.05875736666013"
"DE","1999","N14 I_Offroad","NMVOC","Gg","50.1848438015031"
"DE","1999","N14 J_Waste","NMVOC","Gg","0.153163096999995"
"DE","1999","N14 K_AgriLivestock","NMVOC","Gg","214.072483693907"
"DE","1999","N14 L_AgriOther","NMVOC","Gg","9.0647832803062"
"DE","1999","N14 M_Other","NMVOC","Gg","0"
"DE","1999","N14 O_AviCruise","NMVOC","Gg","1.56152470379099"
"DE","1999","N14 P_IntShipping","NMVOC","Gg","2.70877769648409"
"DE","1999","N14 N_Natural","NMVOC","Gg","0.16288723855"
"DE","1999","N14 z_Memo","NMVOC","Gg","0"
"LI","2009","N14 A_PublicPower","NMVOC","Gg","0.0001360964247552"
"LI","2009","N14 B_Industry","NMVOC","Gg","0.0171353272057624"
"LI","2009","N14 C_OtherStatComb","NMVOC","Gg","0.013025496747442"
"LI","2009","N14 D_Fugitive","NMVOC","Gg","0.0072179830555"
"LI","2009","N14 E_Solvents","NMVOC","Gg","0.18317269004153"
"LI","2009","N14 F_RoadTransport","NMVOC","Gg","0.0240568937072887"
"LI","2009","N14 G_Shipping","NMVOC","Gg","0"
"LI","2009","N14 H_Aviation","NMVOC","Gg","6.4152e-06"
"LI","2009","N14 I_Offroad","NMVOC","Gg","0.0327895466796681"
"LI","2009","N14 J_Waste","NMVOC","Gg","0.00456057811662302"
"LI","2009","N14 K_AgriLivestock","NMVOC","Gg","0.05789252"
"LI","2009","N14 L_AgriOther","NMVOC","Gg","3.8917112e-14"
"LI","2009","N14 M_Other","NMVOC","Gg","0"
"SI","1990","N14 A_PublicPower","NMVOC","Gg","0.090110027614"
"SI","1990","N14 B_Industry","NMVOC","Gg","4.61376611392527"
"SI","1990","N14 C_OtherStatComb","NMVOC","Gg","7.71580878939651"
"SI","1990","N14 D_Fugitive","NMVOC","Gg","3.9408429696348"
"SI","1990","N14 E_Solvents","NMVOC","Gg","14.165951272"
"SI","1990","N14 F_RoadTransport","NMVOC","Gg","22.8571107873727"
"SI","1990","N14 G_Shipping","NMVOC","Gg","0"
"SI","1990","N14 H_Aviation","NMVOC","Gg","0.035086"
"SI","1990","N14 I_Offroad","NMVOC","Gg","4.01175966877942"
"SI","1990","N14 J_Waste","NMVOC","Gg","1.05474027768034"
"SI","1990","N14 K_AgriLivestock","NMVOC","Gg","5.69307284329665"
"SI","1990","N14 L_AgriOther","NMVOC","Gg","0.0129770540807222"
"SI","1990","N14 M_Other","NMVOC","Gg","0"
"SI","1990","N14 O_AviCruise","NMVOC","Gg","0"
"SI","1990","N14 P_IntShipping","NMVOC","Gg","0"
"SI","1990","N14 N_Natural","NMVOC","Gg","0"
"SI","1990","N14 z_Memo","NMVOC","Gg","0"
"CY","2006","N14 A_PublicPower","NMVOC","Gg","0.109520719775"
"CY","2006","N14 B_Industry","NMVOC","Gg","0.392513456"
"CY","2006","N14 C_OtherStatComb","NMVOC","Gg","0.0365218265032"
"CY","2006","N14 D_Fugitive","NMVOC","Gg","0.8721675"
"CY","2006","N14 E_Solvents","NMVOC","Gg","13.339611894805"
"CY","2006","N14 F_RoadTransport","NMVOC","Gg","4.02552456171725"
"CY","2006","N14 G_Shipping","NMVOC","Gg","0.00344476660221722"
"CY","2006","N14 H_Aviation","NMVOC","Gg","0.0258126760330658"
"CY","2006","N14 I_Offroad","NMVOC","Gg","0.0837740789585115"
"CY","2006","N14 J_Waste","NMVOC","Gg","0.780259751273226"
"CY","2006","N14 K_AgriLivestock","NMVOC","Gg","1.04160486312082"
"CY","2006","N14 L_AgriOther","NMVOC","Gg","0.054464"
"CY","2006","N14 M_Other","NMVOC","Gg","0"
"CY","2006","N14 O_AviCruise","NMVOC","Gg","0.0726003947102679"
"CY","2006","N14 P_IntShipping","NMVOC","Gg","0.108144368073318"
"CY","2006","N14 N_Natural","NMVOC","Gg","0"
"CY","2006","N14 z_Memo","NMVOC","Gg","4.05478200435254"
"CH","2017","N14 A_PublicPower","NMVOC","Gg","0.147979289813714"
"CH","2017","N14 B_Industry","NMVOC","Gg","6.89186328259245"
"CH","2017","N14 C_OtherStatComb","NMVOC","Gg","2.88116962459997"
"CH","2017","N14 D_Fugitive","NMVOC","Gg","2.6959760724838"
"CH","2017","N14 E_Solvents","NMVOC","Gg","35.7594350220535"
"CH","2017","N14 F_RoadTransport","NMVOC","Gg","8.00392563324387"
"CH","2017","N14 G_Shipping","NMVOC","Gg","0.434942347296268"
"CH","2017","N14 H_Aviation","NMVOC","Gg","0.231546416048701"
"CH","2017","N14 I_Offroad","NMVOC","Gg","2.02905988408889"
"CH","2017","N14 J_Waste","NMVOC","Gg","1.36484110120825"
"CH","2017","N14 K_AgriLivestock","NMVOC","Gg","17.2543396306163"
"CH","2017","N14 L_AgriOther","NMVOC","Gg","0.4590150887202"
"CH","2017","N14 M_Other","NMVOC","Gg","0.214883433981378"
"CH","2017","N14 O_AviCruise","NMVOC","Gg","0.60377112821358"
"CH","2017","N14 P_IntShipping","NMVOC","Gg","0.0415078895616679"
"CH","2017","N14 N_Natural","NMVOC","Gg","65.3011705819162"
"CH","2017","N14 z_Memo","NMVOC","Gg","8.2646844840678"
"HU","1993","N14 A_PublicPower","NMVOC","Gg","0.472486580905412"
"HU","1993","N14 B_Industry","NMVOC","Gg","14.03282878017"
"HU","1993","N14 C_OtherStatComb","NMVOC","Gg","29.0570723465955"
"HU","1993","N14 D_Fugitive","NMVOC","Gg","6.91778735587957"
"HU","1993","N14 E_Solvents","NMVOC","Gg","49.998210514718"
"HU","1993","N14 F_RoadTransport","NMVOC","Gg","88.5900835721852"
"HU","1993","N14 G_Shipping","NMVOC","Gg","0.74"
"HU","1993","N14 H_Aviation","NMVOC","Gg","0.0021099340652537"
"HU","1993","N14 I_Offroad","NMVOC","Gg","3.70225542685379"
"HU","1993","N14 J_Waste","NMVOC","Gg","1.93900626669783"
"HU","1993","N14 K_AgriLivestock","NMVOC","Gg","27.6586930626482"
"HU","1993","N14 L_AgriOther","NMVOC","Gg","3.34069233850147"
"HU","1993","N14 M_Other","NMVOC","Gg","0"
"HU","1993","N14 O_AviCruise","NMVOC","Gg","0"
"HU","1993","N14 P_IntShipping","NMVOC","Gg","0"
"HU","1993","N14 N_Natural","NMVOC","Gg","0"
"HU","1993","N14 z_Memo","NMVOC","Gg","0"
"AT","1992","N14 A_PublicPower","NMVOC","Gg","0.272474762791984"
"AT","1992","N14 B_Industry","NMVOC","Gg","5.05886112839495"
"AT","1992","N14 C_OtherStatComb","NMVOC","Gg","38.7759240703302"
"AT","1992","N14 D_Fugitive","NMVOC","Gg","15.1860941961537"
"AT","1992","N14 E_Solvents","NMVOC","Gg","101.243733711414"
"AT","1992","N14 F_RoadTransport","NMVOC","Gg","71.591139699059"
"AT","1992","N14 G_Shipping","NMVOC","Gg","0.599917213125407"
"AT","1992","N14 H_Aviation","NMVOC","Gg","0.225230415437034"
"AT","1992","N14 I_Offroad","NMVOC","Gg","9.39647372238945"
"AT","1992","N14 J_Waste","NMVOC","Gg","0.150179890654553"
"AT","1992","N14 K_AgriLivestock","NMVOC","Gg","33.1782130575296"
"AT","1992","N14 L_AgriOther","NMVOC","Gg","15.9816441277527"
"AT","1992","N14 M_Other","NMVOC","Gg","0"
"AT","1992","N14 O_AviCruise","NMVOC","Gg","0.223394942284115"
"AT","1992","N14 P_IntShipping","NMVOC","Gg","0"
"AT","1992","N14 N_Natural","NMVOC","Gg","0"
"AT","1992","N14 z_Memo","NMVOC","Gg","69.6175434347029"
"MD","1990","N14 A_PublicPower","NMVOC","Gg","0.560337770016"
"MD","1990","N14 B_Industry","NMVOC","Gg","10.919892106"
"MD","1990","N14 C_OtherStatComb","NMVOC","Gg","19.60616859"
"MD","1990","N14 D_Fugitive","NMVOC","Gg","0"
"MD","1990","N14 E_Solvents","NMVOC","Gg","42.96986"
"MD","1990","N14 F_RoadTransport","NMVOC","Gg","2.92877580246272"
"MD","1990","N14 G_Shipping","NMVOC","Gg","0.0168"
"MD","1990","N14 H_Aviation","NMVOC","Gg","0.038"
"MD","1990","N14 K_AgriLivestock","NMVOC","Gg","21.185053216"
"MD","1990","N14 L_AgriOther","NMVOC","Gg","1.49048848608"
"IT","1994","N14 A_PublicPower","NMVOC","Gg","3.6071053346652"
"IT","1994","N14 B_Industry","NMVOC","Gg","73.2190654459347"
"IT","1994","N14 C_OtherStatComb","NMVOC","Gg","108.116157701944"
"IT","1994","N14 D_Fugitive","NMVOC","Gg","127.91248781569"
"IT","1994","N14 E_Solvents","NMVOC","Gg","599.415030670621"
"IT","1994","N14 F_RoadTransport","NMVOC","Gg","868.862320484707"
"IT","1994","N14 G_Shipping","NMVOC","Gg","47.8382174147614"
"IT","1994","N14 H_Aviation","NMVOC","Gg","0.354596809562292"
"IT","1994","N14 I_Offroad","NMVOC","Gg","72.6137353936368"
"IT","1994","N14 J_Waste","NMVOC","Gg","12.672676254744"
"IT","1994","N14 K_AgriLivestock","NMVOC","Gg","116.703655698541"
"IT","1994","N14 L_AgriOther","NMVOC","Gg","29.5360257815237"
"IT","1994","N14 M_Other","NMVOC","Gg","0"
"IT","1994","N14 O_AviCruise","NMVOC","Gg","0.451626791231751"
"IT","1994","N14 P_IntShipping","NMVOC","Gg","2.77577066632773"
"IT","1994","N14 N_Natural","NMVOC","Gg","1178.51650817026"
"IT","1994","N14 z_Memo","NMVOC","Gg","0"
"CZ","2016","N14 A_PublicPower","NMVOC","Gg","4.772997959"
"CZ","2016","N14 B_Industry","NMVOC","Gg","4.385451611"
"CZ","2016","N14 C_OtherStatComb","NMVOC","Gg","99.0351892349136"
"CZ","2016","N14 D_Fugitive","NMVOC","Gg","7.2097744"
"CZ","2016","N14 E_Solvents","NMVOC","Gg","69.8474461567568"
"CZ","2016","N14 F_RoadTransport","NMVOC","Gg","12.9585715759063"
"CZ","2016","N14 G_Shipping","NMVOC","Gg","0.018739512"
"CZ","2016","N14 H_Aviation","NMVOC","Gg","0.08150025"
"CZ","2016","N14 I_Offroad","NMVOC","Gg","3.26297344380024"
"CZ","2016","N14 J_Waste","NMVOC","Gg","5.1012118020104"
"CZ","2016","N14 K_AgriLivestock","NMVOC","Gg","0"
"CZ","2016","N14 L_AgriOther","NMVOC","Gg","0"
"CZ","2016","N14 M_Other","NMVOC","Gg","0"
"CZ","2016","N14 O_AviCruise","NMVOC","Gg","0.48784725"
"CZ","2016","N14 P_IntShipping","NMVOC","Gg","0"
"CZ","2016","N14 N_Natural","NMVOC","Gg","0.0705"
"CZ","2016","N14 z_Memo","NMVOC","Gg","13.4652423679063"
"FR","1988","N14 A_PublicPower","NMVOC","Gg","2.49067335615573"
"FR","1988","N14 B_Industry","NMVOC","Gg","93.0352148376588"
"FR","1988","N14 C_OtherStatComb","NMVOC","Gg","477.942020905944"
"FR","1988","N14 D_Fugitive","NMVOC","Gg","236.301329463179"
"FR","1988","N14 E_Solvents","NMVOC","Gg","664.499330812009"
"FR","1988","N14 F_RoadTransport","NMVOC","Gg","949.503828160766"
"FR","1988","N14 G_Shipping","NMVOC","Gg","9.39569963926749"
"FR","1988","N14 H_Aviation","NMVOC","Gg","3.20976098412127"
"FR","1988","N14 I_Offroad","NMVOC","Gg","59.8976879544684"
"FR","1988","N14 J_Waste","NMVOC","Gg","10.1721670181814"
"FR","1988","N14 K_AgriLivestock","NMVOC","Gg","0"
"FR","1988","N14 L_AgriOther","NMVOC","Gg","2.39672403488568"
"FR","1988","N14 M_Other","NMVOC","Gg","0"
"FR","1988","N14 O_AviCruise","NMVOC","Gg","1.00563213021358"
"FR","1988","N14 P_IntShipping","NMVOC","Gg","6.06893032272995"
"FR","1988","N14 N_Natural","NMVOC","Gg","124.91103923627"
"FR","1988","N14 z_Memo","NMVOC","Gg","1217.5255771763"
"DE","1998","N14 A_PublicPower","NMVOC","Gg","7.15630087306873"
"DE","1998","N14 B_Industry","NMVOC","Gg","41.0296387831305"
"DE","1998","N14 C_OtherStatComb","NMVOC","Gg","70.1371190191828"
"DE","1998","N14 D_Fugitive","NMVOC","Gg","130.347547458251"
"DE","1998","N14 E_Solvents","NMVOC","Gg","1013.72250466601"
"DE","1998","N14 F_RoadTransport","NMVOC","Gg","389.153229160878"
"DE","1998","N14 G_Shipping","NMVOC","Gg","1.80207158510057"
"DE","1998","N14 H_Aviation","NMVOC","Gg","1.1211095243889"
"DE","1998","N14 I_Offroad","NMVOC","Gg","53.1385645404818"
"DE","1998","N14 J_Waste","NMVOC","Gg","0.148993382"
"DE","1998","N14 K_AgriLivestock","NMVOC","Gg","215.322354247814"
"DE","1998","N14 L_AgriOther","NMVOC","Gg","8.84771228996496"
"DE","1998","N14 M_Other","NMVOC","Gg","0"
"DE","1998","N14 O_AviCruise","NMVOC","Gg","1.51433832980963"
"DE","1998","N14 P_IntShipping","NMVOC","Gg","2.65277042035636"
"DE","1998","N14 N_Natural","NMVOC","Gg","0.15346462172"
"DE","1998","N14 z_Memo","NMVOC","Gg","0"
"CY","2007","N14 A_PublicPower","NMVOC","Gg","0.113120547456"
"CY","2007","N14 B_Industry","NMVOC","Gg","0.398811471"
"CY","2007","N14 C_OtherStatComb","NMVOC","Gg","0.0566907429302"
"CY","2007","N14 D_Fugitive","NMVOC","Gg","0.9500004"
"CY","2007","N14 E_Solvents","NMVOC","Gg","13.4367091572976"
"CY","2007","N14 F_RoadTransport","NMVOC","Gg","4.09634499978792"
"CY","2007","N14 G_Shipping","NMVOC","Gg","0.00492659547624506"
"CY","2007","N14 H_Aviation","NMVOC","Gg","0.0194999222140038"
"CY","2007","N14 I_Offroad","NMVOC","Gg","0.08889778746295"
"CY","2007","N14 J_Waste","NMVOC","Gg","0.800076027549677"
"CY","2007","N14 K_AgriLivestock","NMVOC","Gg","1.06309940960842"
"CY","2007","N14 L_AgriOther","NMVOC","Gg","0.039458"
"CY","2007","N14 M_Other","NMVOC","Gg","0"
"CY","2007","N14 O_AviCruise","NMVOC","Gg","0.0612495132226681"
"CY","2007","N14 P_IntShipping","NMVOC","Gg","0.104409591916725"
"CY","2007","N14 N_Natural","NMVOC","Gg","0"
"CY","2007","N14 z_Memo","NMVOC","Gg","4.12077151747818"
"SK","1994","N14 A_PublicPower","NMVOC","Gg","0.155381937195355"
"SK","1994","N14 B_Industry","NMVOC","Gg","12.0623603774617"
"SK","1994","N14 C_OtherStatComb","NMVOC","Gg","91.5559076030772"
"SK","1994","N14 D_Fugitive","NMVOC","Gg","11.5865421834146"
"SK","1994","N14 E_Solvents","NMVOC","Gg","63.6979817286173"
"SK","1994","N14 F_RoadTransport","NMVOC","Gg","26.6309050919902"
"SK","1994","N14 G_Shipping","NMVOC","Gg","0.0361615164817651"
"SK","1994","N14 H_Aviation","NMVOC","Gg","0.00132121288554646"
"SK","1994","N14 I_Offroad","NMVOC","Gg","1.06478136103682"
"SK","1994","N14 J_Waste","NMVOC","Gg","1.00963901411752"
"SK","1994","N14 K_AgriLivestock","NMVOC","Gg","8.58396739742404"
"SK","1994","N14 L_AgriOther","NMVOC","Gg","3.42790358343794"
"SK","1994","N14 M_Other","NMVOC","Gg","0"
"SK","1994","N14 O_AviCruise","NMVOC","Gg","0.00221144725011952"
"SK","1994","N14 P_IntShipping","NMVOC","Gg","0"
"SK","1994","N14 N_Natural","NMVOC","Gg","0.019"
"SK","1994","N14 z_Memo","NMVOC","Gg","0"
"EU12","2007","N14 A_PublicPower","NMVOC","Gg","25.6074007640647"
"EU12","2007","N14 B_Industry","NMVOC","Gg","493.962166188555"
"EU12","2007","N14 C_OtherStatComb","NMVOC","Gg","576.29795032881"
"EU12","2007","N14 D_Fugitive","NMVOC","Gg","539.023018297021"
"EU12","2007","N14 E_Solvents","NMVOC","Gg","2651.25415405019"
"EU12","2007","N14 F_RoadTransport","NMVOC","Gg","919.781648325764"
"EU12","2007","N14 G_Shipping","NMVOC","Gg","71.3142162493007"
"EU12","2007","N14 H_Aviation","NMVOC","Gg","7.76451099523604"
"EU12","2007","N14 I_Offroad","NMVOC","Gg","195.385243612386"
"EU12","2007","N14 J_Waste","NMVOC","Gg","50.3301970724061"
"EU12","2007","N14 K_AgriLivestock","NMVOC","Gg","600.592753393047"
"EU12","2007","N14 L_AgriOther","NMVOC","Gg","171.122431838969"
"EU12","2007","N14 M_Other","NMVOC","Gg","1.858152057546"
"EU12","2007","N14 O_AviCruise","NMVOC","Gg","9.7030303825333"
"EU12","2007","N14 P_IntShipping","NMVOC","Gg","55.2307712419132"
"EU12","2007","N14 N_Natural","NMVOC","Gg","2134.18070182463"
"EU12","2007","N14 z_Memo","NMVOC","Gg","1386.25848691216"
"KZ","2013","N14 A_PublicPower","NMVOC","Gg","5.2032752527"
"KZ","2013","N14 B_Industry","NMVOC","Gg","12.8809154667392"
"KZ","2013","N14 C_OtherStatComb","NMVOC","Gg","61.856256194586"
"KZ","2013","N14 D_Fugitive","NMVOC","Gg","0"
"KZ","2013","N14 E_Solvents","NMVOC","Gg","38.13848968581"
"KZ","2013","N14 F_RoadTransport","NMVOC","Gg","57.6780550154397"
"KZ","2013","N14 G_Shipping","NMVOC","Gg","0.0710293202740301"
"KZ","2013","N14 H_Aviation","NMVOC","Gg","0.03396"
"KZ","2013","N14 I_Offroad","NMVOC","Gg","2.4371875624186"
"KZ","2013","N14 J_Waste","NMVOC","Gg","5.6278087599"
"KZ","2013","N14 K_AgriLivestock","NMVOC","Gg","77.683698"
"KZ","2013","N14 L_AgriOther","NMVOC","Gg","18.29306"
"KZ","2013","N14 M_Other","NMVOC","Gg","0"
"KZ","2013","N14 N_Natural","NMVOC","Gg","0.697"
"SE","2003","N14 A_PublicPower","NMVOC","Gg","2.7161029441374"
"SE","2003","N14 B_Industry","NMVOC","Gg","13.315764562255"
"SE","2003","N14 C_OtherStatComb","NMVOC","Gg","16.2789715090059"
"SE","2003","N14 D_Fugitive","NMVOC","Gg","17.4758076352027"
"SE","2003","N14 E_Solvents","NMVOC","Gg","65.5472393186666"
"SE","2003","N14 F_RoadTransport","NMVOC","Gg","45.4063806649187"
"SE","2003","N14 G_Shipping","NMVOC","Gg","4.67599880122195"
"SE","2003","N14 H_Aviation","NMVOC","Gg","0.129664856285271"
"SE","2003","N14 I_Offroad","NMVOC","Gg","16.3977722009635"
"SE","2003","N14 J_Waste","NMVOC","Gg","1.61151503427899"
"SE","2003","N14 K_AgriLivestock","NMVOC","Gg","22.5950004013909"
"SE","2003","N14 L_AgriOther","NMVOC","Gg","10.3596256244247"
"SE","2003","N14 M_Other","NMVOC","Gg","0"
"SE","2003","N14 O_AviCruise","NMVOC","Gg","0.542337486103858"
"SE","2003","N14 P_IntShipping","NMVOC","Gg","1.91976439039345"
"SE","2003","N14 N_Natural","NMVOC","Gg","0"
"SE","2003","N14 z_Memo","NMVOC","Gg","0"
"HU","2012","N14 A_PublicPower","NMVOC","Gg","1.5052881057575"
"HU","2012","N14 B_Industry","NMVOC","Gg","12.1085407442398"
"HU","2012","N14 C_OtherStatComb","NMVOC","Gg","42.57620205"
"HU","2012","N14 D_Fugitive","NMVOC","Gg","2.82754415843195"
"HU","2012","N14 E_Solvents","NMVOC","Gg","42.7742586624528"
"HU","2012","N14 F_RoadTransport","NMVOC","Gg","21.1263662868001"
"HU","2012","N14 G_Shipping","NMVOC","Gg","0.0168"
"HU","2012","N14 H_Aviation","NMVOC","Gg","0.00306145572730233"
"HU","2012","N14 I_Offroad","NMVOC","Gg","1.75382182210059"
"HU","2012","N14 J_Waste","NMVOC","Gg","2.22360733401944"
"HU","2012","N14 K_AgriLivestock","NMVOC","Gg","21.4081370432331"
"HU","2012","N14 L_AgriOther","NMVOC","Gg","3.61818082"
"HU","2012","N14 M_Other","NMVOC","Gg","0"
"HU","2012","N14 O_AviCruise","NMVOC","Gg","0.00660168733850858"
"HU","2012","N14 P_IntShipping","NMVOC","Gg","0"
"HU","2012","N14 N_Natural","NMVOC","Gg","0"
"HU","2012","N14 z_Memo","NMVOC","Gg","0"
"LI","2001","N14 A_PublicPower","NMVOC","Gg","0.0001411151486976"
"LI","2001","N14 B_Industry","NMVOC","Gg","0.0226182660238954"
"LI","2001","N14 C_OtherStatComb","NMVOC","Gg","0.00887239856815836"
"LI","2001","N14 D_Fugitive","NMVOC","Gg","0.0155120598717"
"LI","2001","N14 E_Solvents","NMVOC","Gg","0.269210856454208"
"LI","2001","N14 F_RoadTransport","NMVOC","Gg","0.0557988111170549"
"LI","2001","N14 G_Shipping","NMVOC","Gg","0"
"LI","2001","N14 H_Aviation","NMVOC","Gg","7.608e-06"
"LI","2001","N14 I_Offroad","NMVOC","Gg","0.0283608339614569"
"LI","2001","N14 J_Waste","NMVOC","Gg","0.0049484974459369"
"LI","2001","N14 K_AgriLivestock","NMVOC","Gg","0.054673506"
"LI","2001","N14 L_AgriOther","NMVOC","Gg","3.5960244e-14"
"LI","2001","N14 M_Other","NMVOC","Gg","0"
"LT","1992","N14 A_PublicPower","NMVOC","Gg","0.50812856"
"LT","1992","N14 B_Industry","NMVOC","Gg","0.865065749118611"
"LT","1992","N14 C_OtherStatComb","NMVOC","Gg","7.4763879606"
"LT","1992","N14 D_Fugitive","NMVOC","Gg","7.1651654899581"
"LT","1992","N14 E_Solvents","NMVOC","Gg","20.9716607768436"
"LT","1992","N14 F_RoadTransport","NMVOC","Gg","22.208928782"
"LT","1992","N14 G_Shipping","NMVOC","Gg","0.00274381707886141"
"LT","1992","N14 H_Aviation","NMVOC","Gg","0.00254358181818182"
"LT","1992","N14 I_Offroad","NMVOC","Gg","6.34342229591278"
"LT","1992","N14 J_Waste","NMVOC","Gg","2.36420140774504"
"LT","1992","N14 K_AgriLivestock","NMVOC","Gg","23.113154865488"
"LT","1992","N14 L_AgriOther","NMVOC","Gg","0"
"LT","1992","N14 M_Other","NMVOC","Gg","0"
"LT","1992","N14 P_IntShipping","NMVOC","Gg","0.8019"
"LT","1992","N14 N_Natural","NMVOC","Gg","0.40935"
"LV","1998","N14 A_PublicPower","NMVOC","Gg","0.14174960629163"
"LV","1998","N14 B_Industry","NMVOC","Gg","3.67426769197408"
"LV","1998","N14 C_OtherStatComb","NMVOC","Gg","14.8698453935146"
"LV","1998","N14 D_Fugitive","NMVOC","Gg","2.745238"
"LV","1998","N14 E_Solvents","NMVOC","Gg","8.65547957549225"
"LV","1998","N14 F_RoadTransport","NMVOC","Gg","13.767786000894"
"LV","1998","N14 G_Shipping","NMVOC","Gg","0.0135003025889358"
"LV","1998","N14 H_Aviation","NMVOC","Gg","0.0307484124527429"
"LV","1998","N14 I_Offroad","NMVOC","Gg","1.00309058380173"
"LV","1998","N14 J_Waste","NMVOC","Gg","0.89531434113575"
"LV","1998","N14 K_AgriLivestock","NMVOC","Gg","6.04266361817281"
"LV","1998","N14 L_AgriOther","NMVOC","Gg","0.888389"
"LV","1998","N14 M_Other","NMVOC","Gg","0"
"LV","1998","N14 O_AviCruise","NMVOC","Gg","0.0327038663472571"
"LV","1998","N14 P_IntShipping","NMVOC","Gg","0.0418"
"LV","1998","N14 N_Natural","NMVOC","Gg","0.1055"
"LV","1998","N14 z_Memo","NMVOC","Gg","0"
"CA","2017","N14 A_PublicPower","NMVOC","Gg","1.17707204138718"
"CA","2017","N14 B_Industry","NMVOC","Gg","126.142522218925"
"CA","2017","N14 C_OtherStatComb","NMVOC","Gg","233.000178651422"
"CA","2017","N14 D_Fugitive","NMVOC","Gg","681.952285282057"
"CA","2017","N14 E_Solvents","NMVOC","Gg","335.009106844307"
"CA","2017","N14 F_RoadTransport","NMVOC","Gg","151.262432837592"
"CA","2017","N14 G_Shipping","NMVOC","Gg","8.60931612430743"
"CA","2017","N14 H_Aviation","NMVOC","Gg","2.17665076183459"
"CA","2017","N14 I_Offroad","NMVOC","Gg","136.860508507067"
"CA","2017","N14 J_Waste","NMVOC","Gg","10.9125786445547"
"CA","2017","N14 K_AgriLivestock","NMVOC","Gg","115.056488473946"
"CA","2017","N14 L_AgriOther","NMVOC","Gg","2.23377708857607"
"CA","2017","N14 M_Other","NMVOC","Gg","2.94958262808766"
"CA","2017","N14 O_AviCruise","NMVOC","Gg","3.86587470995152"
"CA","2017","N14 P_IntShipping","NMVOC","Gg","0"
"CA","2017","N14 N_Natural","NMVOC","Gg","0"
"CA","2017","N14 z_Memo","NMVOC","Gg","0"
"GR","2006","N14 A_PublicPower","NMVOC","Gg","1.80665127811898"
"GR","2006","N14 B_Industry","NMVOC","Gg","18.5046816998547"
"GR","2006","N14 C_OtherStatComb","NMVOC","Gg","7.67633082948382"
"GR","2006","N14 D_Fugitive","NMVOC","Gg","21.327"
"GR","2006","N14 E_Solvents","NMVOC","Gg","132.368944728916"
"GR","2006","N14 F_RoadTransport","NMVOC","Gg","88.970909739255"
"GR","2006","N14 G_Shipping","NMVOC","Gg","1.9717"
"GR","2006","N14 H_Aviation","NMVOC","Gg","0.011234599274"
"GR","2006","N14 I_Offroad","NMVOC","Gg","7.9130354270751"
"GR","2006","N14 J_Waste","NMVOC","Gg","5.43008487944596"
"GR","2006","N14 K_AgriLivestock","NMVOC","Gg","14.906516323206"
"GR","2006","N14 L_AgriOther","NMVOC","Gg","3.42458897462"
"GR","2006","N14 M_Other","NMVOC","Gg","0"
"GR","2006","N14 O_AviCruise","NMVOC","Gg","0.018586366563"
"GR","2006","N14 P_IntShipping","NMVOC","Gg","8.5691"
"EU09","1994","N14 A_PublicPower","NMVOC","Gg","21.1231423134926"
"EU09","1994","N14 B_Industry","NMVOC","Gg","624.198217535809"
"EU09","1994","N14 C_OtherStatComb","NMVOC","Gg","813.983754347253"
"EU09","1994","N14 D_Fugitive","NMVOC","Gg","1149.68356676167"
"EU09","1994","N14 E_Solvents","NMVOC","Gg","2973.46855470079"
"EU09","1994","N14 F_RoadTransport","NMVOC","Gg","3312.63189262937"
"EU09","1994","N14 G_Shipping","NMVOC","Gg","76.9054692141818"
"EU09","1994","N14 H_Aviation","NMVOC","Gg","8.52797320369301"
"EU09","1994","N14 I_Offroad","NMVOC","Gg","269.069997070924"
"EU09","1994","N14 J_Waste","NMVOC","Gg","48.1931708875686"
"EU09","1994","N14 K_AgriLivestock","NMVOC","Gg","587.323605160143"
"EU09","1994","N14 L_AgriOther","NMVOC","Gg","88.6237372156019"
"EU09","1994","N14 M_Other","NMVOC","Gg","1.320649103806"
"EU09","1994","N14 O_AviCruise","NMVOC","Gg","5.92853390997076"
"EU09","1994","N14 P_IntShipping","NMVOC","Gg","24.6311182783877"
"EU09","1994","N14 N_Natural","NMVOC","Gg","1436.02333424847"
"EU09","1994","N14 z_Memo","NMVOC","Gg","1486.81816051369"
"MK","1996","N14 A_PublicPower","NMVOC","Gg","0.07376228652246"
"MK","1996","N14 B_Industry","NMVOC","Gg","1.8250033336286"
"MK","1996","N14 C_OtherStatComb","NMVOC","Gg","9.80364408288751"
"MK","1996","N14 D_Fugitive","NMVOC","Gg","2.23849347572174"
"MK","1996","N14 E_Solvents","NMVOC","Gg","7.36557322875929"
"MK","1996","N14 F_RoadTransport","NMVOC","Gg","14.5383734926061"
"MK","1996","N14 G_Shipping","NMVOC","Gg","2.43904710367585e-05"
"MK","1996","N14 H_Aviation","NMVOC","Gg","0.00264222561655782"
"MK","1996","N14 I_Offroad","NMVOC","Gg","0.936449542538822"
"MK","1996","N14 J_Waste","NMVOC","Gg","1.33227980568659"
"MK","1996","N14 K_AgriLivestock","NMVOC","Gg","4.37016702268626"
"MK","1996","N14 L_AgriOther","NMVOC","Gg","1.11026"
"MK","1996","N14 M_Other","NMVOC","Gg","0"
"MK","1996","N14 O_AviCruise","NMVOC","Gg","0.402823626599141"
"MK","1996","N14 P_IntShipping","NMVOC","Gg","0"
"MK","1996","N14 N_Natural","NMVOC","Gg","0"
"MK","1996","N14 z_Memo","NMVOC","Gg","0"
"LI","2005","N14 A_PublicPower","NMVOC","Gg","0.000142164923904"
"LI","2005","N14 B_Industry","NMVOC","Gg","0.0199783239521637"
"LI","2005","N14 C_OtherStatComb","NMVOC","Gg","0.0111858575480815"
"LI","2005","N14 D_Fugitive","NMVOC","Gg","0.0087662353646"
"LI","2005","N14 E_Solvents","NMVOC","Gg","0.189070644436735"
"LI","2005","N14 F_RoadTransport","NMVOC","Gg","0.0385450773962519"
"LI","2005","N14 G_Shipping","NMVOC","Gg","0"
"LI","2005","N14 H_Aviation","NMVOC","Gg","7.2888e-06"
"LI","2005","N14 I_Offroad","NMVOC","Gg","0.033900570651788"
"LI","2005","N14 J_Waste","NMVOC","Gg","0.00465573277550276"
"LI","2005","N14 K_AgriLivestock","NMVOC","Gg","0.054585994"
"LI","2005","N14 L_AgriOther","NMVOC","Gg","3.8841014e-14"
"LI","2005","N14 M_Other","NMVOC","Gg","0"
"GB","2013","N14 A_PublicPower","NMVOC","Gg","2.48251769268"
"GB","2013","N14 B_Industry","NMVOC","Gg","124.174853270817"
"GB","2013","N14 C_OtherStatComb","NMVOC","Gg","46.101869117386"
"GB","2013","N14 D_Fugitive","NMVOC","Gg","155.116558463013"
"GB","2013","N14 E_Solvents","NMVOC","Gg","306.612182986972"
"GB","2013","N14 F_RoadTransport","NMVOC","Gg","44.5350693556527"
"GB","2013","N14 G_Shipping","NMVOC","Gg","8.025447100871"
"GB","2013","N14 H_Aviation","NMVOC","Gg","1.737367982897"
"GB","2013","N14 I_Offroad","NMVOC","Gg","25.208375233333"
"GB","2013","N14 J_Waste","NMVOC","Gg","7.077185213559"
"GB","2013","N14 K_AgriLivestock","NMVOC","Gg","86.927662391016"
"GB","2013","N14 L_AgriOther","NMVOC","Gg","8.103613395335"
"GB","2013","N14 M_Other","NMVOC","Gg","1.551462442888"
"GB","2013","N14 O_AviCruise","NMVOC","Gg","1.622013067419"
"GB","2013","N14 P_IntShipping","NMVOC","Gg","8.332737424596"
"GB","2013","N14 N_Natural","NMVOC","Gg","91.69298372549"
"GB","2013","N14 z_Memo","NMVOC","Gg","42.37160375785"
"LT","2000","N14 A_PublicPower","NMVOC","Gg","0.22861032"
"LT","2000","N14 B_Industry","NMVOC","Gg","0.232104531641468"
"LT","2000","N14 C_OtherStatComb","NMVOC","Gg","11.8588447688"
"LT","2000","N14 D_Fugitive","NMVOC","Gg","3.47315474864897"
"LT","2000","N14 E_Solvents","NMVOC","Gg","19.2922114087475"
"LT","2000","N14 F_RoadTransport","NMVOC","Gg","11.6603250885294"
"LT","2000","N14 G_Shipping","NMVOC","Gg","0.00803546430237984"
"LT","2000","N14 H_Aviation","NMVOC","Gg","0.0013735"
"LT","2000","N14 I_Offroad","NMVOC","Gg","2.51634110091354"
"LT","2000","N14 J_Waste","NMVOC","Gg","2.62396747648"
"LT","2000","N14 K_AgriLivestock","NMVOC","Gg","11.260822214229"
"LT","2000","N14 L_AgriOther","NMVOC","Gg","0"
"LT","2000","N14 M_Other","NMVOC","Gg","0"
"LT","2000","N14 P_IntShipping","NMVOC","Gg","0.25654"
"LT","2000","N14 N_Natural","NMVOC","Gg","0.1637"
"GE","2007","N14 A_PublicPower","NMVOC","Gg","1.648"
"GE","2007","N14 B_Industry","NMVOC","Gg","6.5366162417"
"GE","2007","N14 C_OtherStatComb","NMVOC","Gg","0"
"GE","2007","N14 D_Fugitive","NMVOC","Gg","0"
"GE","2007","N14 E_Solvents","NMVOC","Gg","4.6472628"
"GE","2007","N14 F_RoadTransport","NMVOC","Gg","16.0832304310415"
"GE","2007","N14 G_Shipping","NMVOC","Gg","0"
"GE","2007","N14 H_Aviation","NMVOC","Gg","0"
"GE","2007","N14 I_Offroad","NMVOC","Gg","0"
"GE","2007","N14 J_Waste","NMVOC","Gg","0.635232818048781"
"GE","2007","N14 K_AgriLivestock","NMVOC","Gg","7.28169315"
"GE","2007","N14 L_AgriOther","NMVOC","Gg","0.25542"
"GE","2007","N14 M_Other","NMVOC","Gg","0"
"BE","2015","N14 A_PublicPower","NMVOC","Gg","0.478394862323806"
"BE","2015","N14 B_Industry","NMVOC","Gg","16.266928797252"
"BE","2015","N14 C_OtherStatComb","NMVOC","Gg","13.5312216296828"
"BE","2015","N14 D_Fugitive","NMVOC","Gg","6.31328107805734"
"BE","2015","N14 E_Solvents","NMVOC","Gg","36.246095220393"
"BE","2015","N14 F_RoadTransport","NMVOC","Gg","8.13538081475013"
"BE","2015","N14 G_Shipping","NMVOC","Gg","0.234595466852224"
"BE","2015","N14 H_Aviation","NMVOC","Gg","0.152227579369927"
"BE","2015","N14 I_Offroad","NMVOC","Gg","2.9029639781283"
"BE","2015","N14 J_Waste","NMVOC","Gg","0.836891148531"
"BE","2015","N14 K_AgriLivestock","NMVOC","Gg","24.863977779"
"BE","2015","N14 L_AgriOther","NMVOC","Gg","1.19656208"
"BE","2015","N14 M_Other","NMVOC","Gg","0"
"BE","2015","N14 O_AviCruise","NMVOC","Gg","0.749488524909345"
"BE","2015","N14 P_IntShipping","NMVOC","Gg","0.635555455760324"
"BE","2015","N14 N_Natural","NMVOC","Gg","50.2043268356"
"BE","2015","N14 z_Memo","NMVOC","Gg","7.62799639611578"
"RO","2011","N14 A_PublicPower","NMVOC","Gg","0.83476094"
"RO","2011","N14 B_Industry","NMVOC","Gg","30.627829198458"
"RO","2011","N14 C_OtherStatComb","NMVOC","Gg","77.7399182"
"RO","2011","N14 D_Fugitive","NMVOC","Gg","15.86409451684"
"RO","2011","N14 E_Solvents","NMVOC","Gg","49.37529882072"
"RO","2011","N14 F_RoadTransport","NMVOC","Gg","25.97249774611"
"RO","2011","N14 G_Shipping","NMVOC","Gg","0.1428"
"RO","2011","N14 H_Aviation","NMVOC","Gg","0.040689381"
"RO","2011","N14 I_Offroad","NMVOC","Gg","16.3913539361236"
"RO","2011","N14 J_Waste","NMVOC","Gg","2.1949604828748"
"RO","2011","N14 K_AgriLivestock","NMVOC","Gg","30.8767987705956"
"RO","2011","N14 L_AgriOther","NMVOC","Gg","6.43987291183028"
"RO","2011","N14 M_Other","NMVOC","Gg","0"
"RO","2011","N14 O_AviCruise","NMVOC","Gg","0.081211459"
"RO","2011","N14 P_IntShipping","NMVOC","Gg","0.0243"
"AT","2008","N14 A_PublicPower","NMVOC","Gg","0.331713997172354"
"AT","2008","N14 B_Industry","NMVOC","Gg","4.08359585333633"
"AT","2008","N14 C_OtherStatComb","NMVOC","Gg","24.282392046003"
"AT","2008","N14 D_Fugitive","NMVOC","Gg","2.75485449699197"
"AT","2008","N14 E_Solvents","NMVOC","Gg","57.4326680205958"
"AT","2008","N14 F_RoadTransport","NMVOC","Gg","14.1550506993225"
"AT","2008","N14 G_Shipping","NMVOC","Gg","0.440237754184587"
"AT","2008","N14 H_Aviation","NMVOC","Gg","0.517870623737321"
"AT","2008","N14 I_Offroad","NMVOC","Gg","5.94936369783847"
"AT","2008","N14 J_Waste","NMVOC","Gg","0.0950930589412463"
"AT","2008","N14 K_AgriLivestock","NMVOC","Gg","27.9199243366302"
"AT","2008","N14 L_AgriOther","NMVOC","Gg","11.3295405220661"
"AT","2008","N14 M_Other","NMVOC","Gg","0"
"AT","2008","N14 O_AviCruise","NMVOC","Gg","0.523389998191347"
"AT","2008","N14 P_IntShipping","NMVOC","Gg","0"
"AT","2008","N14 N_Natural","NMVOC","Gg","0"
"AT","2008","N14 z_Memo","NMVOC","Gg","13.4712805177214"
"EU27","1998","N14 A_PublicPower","NMVOC","Gg","39.2250981915958"
"EU27","1998","N14 B_Industry","NMVOC","Gg","814.91454884586"
"EU27","1998","N14 C_OtherStatComb","NMVOC","Gg","1307.4482211252"
"EU27","1998","N14 D_Fugitive","NMVOC","Gg","1132.22782871949"
"EU27","1998","N14 E_Solvents","NMVOC","Gg","3995.44142606639"
"EU27","1998","N14 F_RoadTransport","NMVOC","Gg","3449.90439347991"
"EU27","1998","N14 G_Shipping","NMVOC","Gg","103.06927541726"
"EU27","1998","N14 H_Aviation","NMVOC","Gg","11.1504442088198"
"EU27","1998","N14 I_Offroad","NMVOC","Gg","389.224511366216"
"EU27","1998","N14 J_Waste","NMVOC","Gg","98.3511212095625"
"EU27","1998","N14 K_AgriLivestock","NMVOC","Gg","956.873164663592"
"EU27","1998","N14 L_AgriOther","NMVOC","Gg","235.947229712817"
"EU27","1998","N14 M_Other","NMVOC","Gg","1.93726454837009"
"EU27","1998","N14 O_AviCruise","NMVOC","Gg","9.55953793686521"
"EU27","1998","N14 P_IntShipping","NMVOC","Gg","48.6082231460767"
"EU27","1998","N14 N_Natural","NMVOC","Gg","2236.85017146671"
"EU27","1998","N14 z_Memo","NMVOC","Gg","1415.17718687308"
"DE","2016","N14 A_PublicPower","NMVOC","Gg","9.34082150187853"
"DE","2016","N14 B_Industry","NMVOC","Gg","43.8886920373396"
"DE","2016","N14 C_OtherStatComb","NMVOC","Gg","39.6343674369209"
"DE","2016","N14 D_Fugitive","NMVOC","Gg","72.5008257931756"
"DE","2016","N14 E_Solvents","NMVOC","Gg","548.088960803325"
"DE","2016","N14 F_RoadTransport","NMVOC","Gg","94.1497693352547"
"DE","2016","N14 G_Shipping","NMVOC","Gg","1.15888215589071"
"DE","2016","N14 H_Aviation","NMVOC","Gg","0.851700357472916"
"DE","2016","N14 I_Offroad","NMVOC","Gg","29.2416590353094"
"DE","2016","N14 J_Waste","NMVOC","Gg","0.15221775"
"DE","2016","N14 K_AgriLivestock","NMVOC","Gg","194.504758326986"
"DE","2016","N14 L_AgriOther","NMVOC","Gg","9.63213246725616"
"DE","2016","N14 M_Other","NMVOC","Gg","0"
"DE","2016","N14 O_AviCruise","NMVOC","Gg","1.74354011677773"
"DE","2016","N14 P_IntShipping","NMVOC","Gg","4.00719821747232"
"DE","2016","N14 N_Natural","NMVOC","Gg","0.12851963334"
"DE","2016","N14 z_Memo","NMVOC","Gg","0"
"GB","2007","N14 A_PublicPower","NMVOC","Gg","2.921022218134"
"GB","2007","N14 B_Industry","NMVOC","Gg","133.885143082064"
"GB","2007","N14 C_OtherStatComb","NMVOC","Gg","31.116923605745"
"GB","2007","N14 D_Fugitive","NMVOC","Gg","246.832021637858"
"GB","2007","N14 E_Solvents","NMVOC","Gg","362.047900609011"
"GB","2007","N14 F_RoadTransport","NMVOC","Gg","147.298885824334"
"GB","2007","N14 G_Shipping","NMVOC","Gg","8.651398416082"
"GB","2007","N14 H_Aviation","NMVOC","Gg","2.463242516406"
"GB","2007","N14 I_Offroad","NMVOC","Gg","47.07952201843"
"GB","2007","N14 J_Waste","NMVOC","Gg","10.840975352625"
"GB","2007","N14 K_AgriLivestock","NMVOC","Gg","86.65765424551"
"GB","2007","N14 L_AgriOther","NMVOC","Gg","7.938533477214"
"GB","2007","N14 M_Other","NMVOC","Gg","1.448161141546"
"GB","2007","N14 O_AviCruise","NMVOC","Gg","1.787913280913"
"GB","2007","N14 P_IntShipping","NMVOC","Gg","7.845997889146"
"GB","2007","N14 N_Natural","NMVOC","Gg","91.91685745098"
"GB","2007","N14 z_Memo","NMVOC","Gg","137.013945410588"
"AT","1999","N14 A_PublicPower","NMVOC","Gg","0.197963917208349"
"AT","1999","N14 B_Industry","NMVOC","Gg","3.9034835930652"
"AT","1999","N14 C_OtherStatComb","NMVOC","Gg","34.1892950164726"
"AT","1999","N14 D_Fugitive","NMVOC","Gg","5.67390677357804"
"AT","1999","N14 E_Solvents","NMVOC","Gg","75.1880541378611"
"AT","1999","N14 F_RoadTransport","NMVOC","Gg","29.3930144023459"
"AT","1999","N14 G_Shipping","NMVOC","Gg","0.587224973484838"
"AT","1999","N14 H_Aviation","NMVOC","Gg","0.377300341933686"
"AT","1999","N14 I_Offroad","NMVOC","Gg","8.57793821264275"
"AT","1999","N14 J_Waste","NMVOC","Gg","0.121487425571853"
"AT","1999","N14 K_AgriLivestock","NMVOC","Gg","30.1403088198513"
"AT","1999","N14 L_AgriOther","NMVOC","Gg","13.6421706882738"
"AT","1999","N14 M_Other","NMVOC","Gg","0"
"AT","1999","N14 O_AviCruise","NMVOC","Gg","0.385625950015774"
"AT","1999","N14 P_IntShipping","NMVOC","Gg","0"
"AT","1999","N14 N_Natural","NMVOC","Gg","0"
"AT","1999","N14 z_Memo","NMVOC","Gg","30.9809566900583"
"GR","1996","N14 A_PublicPower","NMVOC","Gg","1.54042467868201"
"GR","1996","N14 B_Industry","NMVOC","Gg","18.6998704267577"
"GR","1996","N14 C_OtherStatComb","NMVOC","Gg","8.7065139556732"
"GR","1996","N14 D_Fugitive","NMVOC","Gg","18.0629575"
"GR","1996","N14 E_Solvents","NMVOC","Gg","99.9519072194694"
"GR","1996","N14 F_RoadTransport","NMVOC","Gg","145.434332142461"
"GR","1996","N14 G_Shipping","NMVOC","Gg","1.3027"
"GR","1996","N14 H_Aviation","NMVOC","Gg","0.00971040433695369"
"GR","1996","N14 I_Offroad","NMVOC","Gg","9.52045814"
"GR","1996","N14 J_Waste","NMVOC","Gg","2.74854115213276"
"GR","1996","N14 K_AgriLivestock","NMVOC","Gg","14.82172058315"
"GR","1996","N14 L_AgriOther","NMVOC","Gg","3.59169969307"
"GR","1996","N14 M_Other","NMVOC","Gg","0"
"GR","1996","N14 O_AviCruise","NMVOC","Gg","0.0161675441690025"
"GR","1996","N14 P_IntShipping","NMVOC","Gg","8.6501"
"EE","2017","N14 A_PublicPower","NMVOC","Gg","0.446839"
"EE","2017","N14 B_Industry","NMVOC","Gg","2.233529"
"EE","2017","N14 C_OtherStatComb","NMVOC","Gg","3.46471"
"EE","2017","N14 D_Fugitive","NMVOC","Gg","1.143511"
"EE","2017","N14 E_Solvents","NMVOC","Gg","6.797575"
"EE","2017","N14 F_RoadTransport","NMVOC","Gg","1.465202"
"EE","2017","N14 G_Shipping","NMVOC","Gg","0.048768"
"EE","2017","N14 H_Aviation","NMVOC","Gg","0.016403"
"EE","2017","N14 I_Offroad","NMVOC","Gg","1.235404"
"EE","2017","N14 J_Waste","NMVOC","Gg","0.318225"
"EE","2017","N14 K_AgriLivestock","NMVOC","Gg","4.5713892"
"EE","2017","N14 L_AgriOther","NMVOC","Gg","0.503713"
"EE","2017","N14 M_Other","NMVOC","Gg","0"
"EE","2017","N14 O_AviCruise","NMVOC","Gg","0.024677"
"EE","2017","N14 P_IntShipping","NMVOC","Gg","0.883222"
"EE","2017","N14 N_Natural","NMVOC","Gg","0.0099"
"EE","2017","N14 z_Memo","NMVOC","Gg","0"
"CA","2016","N14 A_PublicPower","NMVOC","Gg","1.26089229465266"
"CA","2016","N14 B_Industry","NMVOC","Gg","129.820595370046"
"CA","2016","N14 C_OtherStatComb","NMVOC","Gg","234.285720286928"
"CA","2016","N14 D_Fugitive","NMVOC","Gg","680.450418990024"
"CA","2016","N14 E_Solvents","NMVOC","Gg","326.392166858785"
"CA","2016","N14 F_RoadTransport","NMVOC","Gg","153.476258130614"
"CA","2016","N14 G_Shipping","NMVOC","Gg","8.38322344934666"
"CA","2016","N14 H_Aviation","NMVOC","Gg","2.17207910224415"
"CA","2016","N14 I_Offroad","NMVOC","Gg","133.895648818536"
"CA","2016","N14 J_Waste","NMVOC","Gg","10.8631916842004"
"CA","2016","N14 K_AgriLivestock","NMVOC","Gg","114.54786886141"
"CA","2016","N14 L_AgriOther","NMVOC","Gg","2.52489117694886"
"CA","2016","N14 M_Other","NMVOC","Gg","4.87765598542396"
"CA","2016","N14 O_AviCruise","NMVOC","Gg","3.66625271993143"
"CA","2016","N14 P_IntShipping","NMVOC","Gg","0"
"CA","2016","N14 N_Natural","NMVOC","Gg","0"
"CA","2016","N14 z_Memo","NMVOC","Gg","0"
"LI","2002","N14 A_PublicPower","NMVOC","Gg","0.0001238772584448"
"LI","2002","N14 B_Industry","NMVOC","Gg","0.0220138049341595"
"LI","2002","N14 C_OtherStatComb","NMVOC","Gg","0.00952557227780704"
"LI","2002","N14 D_Fugitive","NMVOC","Gg","0.0128292617481"
"LI","2002","N14 E_Solvents","NMVOC","Gg","0.244906753619591"
"LI","2002","N14 F_RoadTransport","NMVOC","Gg","0.0498986733050226"
"LI","2002","N14 G_Shipping","NMVOC","Gg","0"
"LI","2002","N14 H_Aviation","NMVOC","Gg","7.944e-06"
"LI","2002","N14 I_Offroad","NMVOC","Gg","0.0295588268233002"
"LI","2002","N14 J_Waste","NMVOC","Gg","0.00491877424980544"
"LI","2002","N14 K_AgriLivestock","NMVOC","Gg","0.054818509"
"LI","2002","N14 L_AgriOther","NMVOC","Gg","3.6153544e-14"
"LI","2002","N14 M_Other","NMVOC","Gg","0"
"EU15","2017","N14 A_PublicPower","NMVOC","Gg","28.3818638432242"
"EU15","2017","N14 B_Industry","NMVOC","Gg","487.617123651841"
"EU15","2017","N14 C_OtherStatComb","NMVOC","Gg","589.05398560722"
"EU15","2017","N14 D_Fugitive","NMVOC","Gg","368.431115088954"
"EU15","2017","N14 E_Solvents","NMVOC","Gg","2168.03359253529"
"EU15","2017","N14 F_RoadTransport","NMVOC","Gg","402.5351361933"
"EU15","2017","N14 G_Shipping","NMVOC","Gg","45.2519664008867"
"EU15","2017","N14 H_Aviation","NMVOC","Gg","7.04681433461217"
"EU15","2017","N14 I_Offroad","NMVOC","Gg","123.844590941704"
"EU15","2017","N14 J_Waste","NMVOC","Gg","38.8773926670714"
"EU15","2017","N14 K_AgriLivestock","NMVOC","Gg","696.933048299835"
"EU15","2017","N14 L_AgriOther","NMVOC","Gg","196.793393825536"
"EU15","2017","N14 M_Other","NMVOC","Gg","1.978691906406"
"EU15","2017","N14 O_AviCruise","NMVOC","Gg","11.4783022231971"
"EU15","2017","N14 P_IntShipping","NMVOC","Gg","47.0078952736679"
"EU15","2017","N14 N_Natural","NMVOC","Gg","2310.3262452038"
"EU15","2017","N14 z_Memo","NMVOC","Gg","1610.85734270279"
"NO","2002","N14 A_PublicPower","NMVOC","Gg","0.5826477192"
"NO","2002","N14 B_Industry","NMVOC","Gg","7.9113158696"
"NO","2002","N14 C_OtherStatComb","NMVOC","Gg","9.9502226596"
"NO","2002","N14 D_Fugitive","NMVOC","Gg","232.2283316942"
"NO","2002","N14 E_Solvents","NMVOC","Gg","49.0624053076"
"NO","2002","N14 F_RoadTransport","NMVOC","Gg","26.9236862373"
"NO","2002","N14 G_Shipping","NMVOC","Gg","2.8717588052"
"NO","2002","N14 H_Aviation","NMVOC","Gg","0.3620279209"
"NO","2002","N14 I_Offroad","NMVOC","Gg","28.3611353855"
"NO","2002","N14 J_Waste","NMVOC","Gg","1.1796018351"
"NO","2002","N14 K_AgriLivestock","NMVOC","Gg","10.1152978955"
"NO","2002","N14 L_AgriOther","NMVOC","Gg","0.808805608"
"NO","2002","N14 M_Other","NMVOC","Gg","0"
"NO","2002","N14 O_AviCruise","NMVOC","Gg","1.3017074209"
"NO","2002","N14 P_IntShipping","NMVOC","Gg","0.4449719992"
"NO","2002","N14 N_Natural","NMVOC","Gg","0"
"NO","2002","N14 z_Memo","NMVOC","Gg","31.399052967"
"EU15","1992","N14 A_PublicPower","NMVOC","Gg","24.7842104169213"
"EU15","1992","N14 B_Industry","NMVOC","Gg","775.076977624434"
"EU15","1992","N14 C_OtherStatComb","NMVOC","Gg","1151.42539277832"
"EU15","1992","N14 D_Fugitive","NMVOC","Gg","1450.08820245181"
"EU15","1992","N14 E_Solvents","NMVOC","Gg","3930.1862929022"
"EU15","1992","N14 F_RoadTransport","NMVOC","Gg","4628.70886116473"
"EU15","1992","N14 G_Shipping","NMVOC","Gg","93.7288583598221"
"EU15","1992","N14 H_Aviation","NMVOC","Gg","11.8358230668431"
"EU15","1992","N14 I_Offroad","NMVOC","Gg","348.772132462443"
"EU15","1992","N14 J_Waste","NMVOC","Gg","59.487722532344"
"EU15","1992","N14 K_AgriLivestock","NMVOC","Gg","719.659350157709"
"EU15","1992","N14 L_AgriOther","NMVOC","Gg","220.58423059604"
"EU15","1992","N14 M_Other","NMVOC","Gg","1.317960574514"
"EU15","1992","N14 O_AviCruise","NMVOC","Gg","8.3670397697414"
"EU15","1992","N14 P_IntShipping","NMVOC","Gg","36.8818066290754"
"EU15","1992","N14 N_Natural","NMVOC","Gg","1921.59822169931"
"EU15","1992","N14 z_Memo","NMVOC","Gg","1421.5098605866"
"SI","1994","N14 A_PublicPower","NMVOC","Gg","0.0814146415333764"
"SI","1994","N14 B_Industry","NMVOC","Gg","3.54838889139157"
"SI","1994","N14 C_OtherStatComb","NMVOC","Gg","6.88593427297567"
"SI","1994","N14 D_Fugitive","NMVOC","Gg","4.43022748089711"
"SI","1994","N14 E_Solvents","NMVOC","Gg","10.979457304"
"SI","1994","N14 F_RoadTransport","NMVOC","Gg","26.908205367052"
"SI","1994","N14 G_Shipping","NMVOC","Gg","0"
"SI","1994","N14 H_Aviation","NMVOC","Gg","0.0436376"
"SI","1994","N14 I_Offroad","NMVOC","Gg","3.26752469319435"
"SI","1994","N14 J_Waste","NMVOC","Gg","1.09910715421934"
"SI","1994","N14 K_AgriLivestock","NMVOC","Gg","5.17157855772327"
"SI","1994","N14 L_AgriOther","NMVOC","Gg","0.0162083414451383"
"SI","1994","N14 M_Other","NMVOC","Gg","0"
"SI","1994","N14 O_AviCruise","NMVOC","Gg","0"
"SI","1994","N14 P_IntShipping","NMVOC","Gg","0"
"SI","1994","N14 N_Natural","NMVOC","Gg","0"
"SI","1994","N14 z_Memo","NMVOC","Gg","0"
"BG","1991","N14 A_PublicPower","NMVOC","Gg","0.083640482"
"BG","1991","N14 B_Industry","NMVOC","Gg","17.077333146"
"BG","1991","N14 C_OtherStatComb","NMVOC","Gg","18.6771281"
"BG","1991","N14 D_Fugitive","NMVOC","Gg","17.582079156"
"BG","1991","N14 E_Solvents","NMVOC","Gg","394.8860392875"
"BG","1991","N14 F_RoadTransport","NMVOC","Gg","31.0179720751307"
"BG","1991","N14 G_Shipping","NMVOC","Gg","0.7965"
"BG","1991","N14 H_Aviation","NMVOC","Gg","0.0151727"
"BG","1991","N14 I_Offroad","NMVOC","Gg","2.22436851285597"
"BG","1991","N14 J_Waste","NMVOC","Gg","12.876392635961"
"BG","1991","N14 K_AgriLivestock","NMVOC","Gg","24.8524505132696"
"BG","1991","N14 L_AgriOther","NMVOC","Gg","3.14911985743299"
"BG","1991","N14 M_Other","NMVOC","Gg","0"
"BG","1991","N14 O_AviCruise","NMVOC","Gg","0.103242857142857"
"BG","1991","N14 P_IntShipping","NMVOC","Gg","0"
"HR","2001","N14 A_PublicPower","NMVOC","Gg","0.2869696254336"
"HR","2001","N14 B_Industry","NMVOC","Gg","8.68282390040658"
"HR","2001","N14 C_OtherStatComb","NMVOC","Gg","23.30032342448"
"HR","2001","N14 D_Fugitive","NMVOC","Gg","5.4934810401884"
"HR","2001","N14 E_Solvents","NMVOC","Gg","24.4608061115"
"HR","2001","N14 F_RoadTransport","NMVOC","Gg","25.037074928169"
"HR","2001","N14 G_Shipping","NMVOC","Gg","0.272497534852"
"HR","2001","N14 H_Aviation","NMVOC","Gg","0.01085201833"
"HR","2001","N14 I_Offroad","NMVOC","Gg","2.7988210811114"
"HR","2001","N14 J_Waste","NMVOC","Gg","2.36716237544"
"HR","2001","N14 K_AgriLivestock","NMVOC","Gg","8.93099342853"
"HR","2001","N14 L_AgriOther","NMVOC","Gg","1.01307914"
"HR","2001","N14 M_Other","NMVOC","Gg","0"
"HR","2001","N14 O_AviCruise","NMVOC","Gg","0.02788308771"
"HR","2001","N14 P_IntShipping","NMVOC","Gg","0.07909034418"
"HR","2001","N14 N_Natural","NMVOC","Gg","1.0509"
"HR","2001","N14 z_Memo","NMVOC","Gg","0"
"SK","2011","N14 A_PublicPower","NMVOC","Gg","0.167623634"
"SK","2011","N14 B_Industry","NMVOC","Gg","5.27788193135775"
"SK","2011","N14 C_OtherStatComb","NMVOC","Gg","52.3033707918001"
"SK","2011","N14 D_Fugitive","NMVOC","Gg","7.6369723192675"
"SK","2011","N14 E_Solvents","NMVOC","Gg","45.2504766455567"
"SK","2011","N14 F_RoadTransport","NMVOC","Gg","8.17360034860703"
"SK","2011","N14 G_Shipping","NMVOC","Gg","0.0252896354496"
"SK","2011","N14 H_Aviation","NMVOC","Gg","0.00114024330480145"
"SK","2011","N14 I_Offroad","NMVOC","Gg","0.986474726647135"
"SK","2011","N14 J_Waste","NMVOC","Gg","0.618268145124"
"SK","2011","N14 K_AgriLivestock","NMVOC","Gg","4.70656700948945"
"SK","2011","N14 L_AgriOther","NMVOC","Gg","1.95919328425663"
"SK","2011","N14 M_Other","NMVOC","Gg","0"
"SK","2011","N14 O_AviCruise","NMVOC","Gg","0.00207467366151313"
"SK","2011","N14 P_IntShipping","NMVOC","Gg","0"
"SK","2011","N14 N_Natural","NMVOC","Gg","0.201275"
"SK","2011","N14 z_Memo","NMVOC","Gg","0"
"AZ","2003","N14 A_PublicPower","NMVOC","Gg","0.390584376"
"AZ","2003","N14 B_Industry","NMVOC","Gg","0.00846"
"AZ","2003","N14 C_OtherStatComb","NMVOC","Gg","0"
"AZ","2003","N14 D_Fugitive","NMVOC","Gg","5.3032"
"AZ","2003","N14 E_Solvents","NMVOC","Gg","22.32684"
"AZ","2003","N14 F_RoadTransport","NMVOC","Gg","9.1855360765"
"AZ","2003","N14 G_Shipping","NMVOC","Gg","0"
"AZ","2003","N14 H_Aviation","NMVOC","Gg","0"
"AZ","2003","N14 I_Offroad","NMVOC","Gg","0"
"AZ","2003","N14 J_Waste","NMVOC","Gg","0"
"AZ","2003","N14 K_AgriLivestock","NMVOC","Gg","20.542038"
"AZ","2003","N14 L_AgriOther","NMVOC","Gg","1.04878978"
"AZ","2003","N14 M_Other","NMVOC","Gg","0"
"AZ","2003","N14 O_AviCruise","NMVOC","Gg","0"
"AZ","2003","N14 P_IntShipping","NMVOC","Gg","0"
"AZ","2003","N14 N_Natural","NMVOC","Gg","0"
"AZ","2003","N14 z_Memo","NMVOC","Gg","5.5328"
"LI","1991","N14 A_PublicPower","NMVOC","Gg","8.8051394304e-05"
"LI","1991","N14 B_Industry","NMVOC","Gg","0.0236024833659685"
"LI","1991","N14 C_OtherStatComb","NMVOC","Gg","0.00945406504844232"
"LI","1991","N14 D_Fugitive","NMVOC","Gg","0.054355281"
"LI","1991","N14 E_Solvents","NMVOC","Gg","0.577903102705671"
"LI","1991","N14 F_RoadTransport","NMVOC","Gg","0.359782505004078"
"LI","1991","N14 G_Shipping","NMVOC","Gg","0"
"LI","1991","N14 H_Aviation","NMVOC","Gg","7.1844e-06"
"LI","1991","N14 I_Offroad","NMVOC","Gg","0.0284437692121679"
"LI","1991","N14 J_Waste","NMVOC","Gg","0.00688344030719612"
"LI","1991","N14 K_AgriLivestock","NMVOC","Gg","0.061633557"
"LI","1991","N14 L_AgriOther","NMVOC","Gg","3.5426128e-14"
"LI","1991","N14 M_Other","NMVOC","Gg","0"
"CH","1982","N14 A_PublicPower","NMVOC","Gg","0.570321254475636"
"CH","1982","N14 B_Industry","NMVOC","Gg","8.9212168355801"
"CH","1982","N14 C_OtherStatComb","NMVOC","Gg","8.54074986574116"
"CH","1982","N14 D_Fugitive","NMVOC","Gg","13.9652749925056"
"CH","1982","N14 E_Solvents","NMVOC","Gg","135.499059357"
"CH","1982","N14 F_RoadTransport","NMVOC","Gg","119.131279327144"
"CH","1982","N14 G_Shipping","NMVOC","Gg","1.57114128867326"
"CH","1982","N14 H_Aviation","NMVOC","Gg","0.189951977173713"
"CH","1982","N14 I_Offroad","NMVOC","Gg","6.53171500992296"
"CH","1982","N14 J_Waste","NMVOC","Gg","2.25160210299407"
"CH","1982","N14 K_AgriLivestock","NMVOC","Gg","20.5931281977604"
"CH","1982","N14 L_AgriOther","NMVOC","Gg","2.07982239428816"
"CH","1982","N14 M_Other","NMVOC","Gg","0.12876"
"CH","1982","N14 O_AviCruise","NMVOC","Gg","0.391515316373329"
"CH","1982","N14 P_IntShipping","NMVOC","Gg","0.357930177131077"
"CH","1982","N14 N_Natural","NMVOC","Gg","0.75737275"
"CH","1982","N14 z_Memo","NMVOC","Gg","120.958305301326"
"MD","1997","N14 A_PublicPower","NMVOC","Gg","0.2156027004"
"MD","1997","N14 B_Industry","NMVOC","Gg","5.987566352"
"MD","1997","N14 C_OtherStatComb","NMVOC","Gg","3.21629129616"
"MD","1997","N14 D_Fugitive","NMVOC","Gg","0"
"MD","1997","N14 E_Solvents","NMVOC","Gg","8.79879"
"MD","1997","N14 F_RoadTransport","NMVOC","Gg","1.47718443017951"
"MD","1997","N14 G_Shipping","NMVOC","Gg","0.0001876"
"MD","1997","N14 H_Aviation","NMVOC","Gg","0"
"MD","1997","N14 K_AgriLivestock","NMVOC","Gg","13.597882623"
"MD","1997","N14 L_AgriOther","NMVOC","Gg","1.484644567995"
"GB","2006","N14 A_PublicPower","NMVOC","Gg","4.491472970385"
"GB","2006","N14 B_Industry","NMVOC","Gg","133.89092818717"
"GB","2006","N14 C_OtherStatComb","NMVOC","Gg","29.843673709905"
"GB","2006","N14 D_Fugitive","NMVOC","Gg","253.219278738701"
"GB","2006","N14 E_Solvents","NMVOC","Gg","368.335956389953"
"GB","2006","N14 F_RoadTransport","NMVOC","Gg","171.151564259873"
"GB","2006","N14 G_Shipping","NMVOC","Gg","8.369258314586"
"GB","2006","N14 H_Aviation","NMVOC","Gg","2.76853509941"
"GB","2006","N14 I_Offroad","NMVOC","Gg","49.082954760548"
"GB","2006","N14 J_Waste","NMVOC","Gg","11.516339482149"
"GB","2006","N14 K_AgriLivestock","NMVOC","Gg","87.808416026846"
"GB","2006","N14 L_AgriOther","NMVOC","Gg","7.971607070803"
"GB","2006","N14 M_Other","NMVOC","Gg","1.444963502416"
"GB","2006","N14 O_AviCruise","NMVOC","Gg","1.77357226201"
"GB","2006","N14 P_IntShipping","NMVOC","Gg","7.550608949629"
"GB","2006","N14 N_Natural","NMVOC","Gg","92.153353137255"
"GB","2006","N14 z_Memo","NMVOC","Gg","159.896077076919"
"KZ","2003","N14 C_OtherStatComb","NMVOC","Gg","0"
"KZ","2003","N14 D_Fugitive","NMVOC","Gg","0"
"KZ","2003","N14 E_Solvents","NMVOC","Gg","20.3605197441"
"KZ","2003","N14 F_RoadTransport","NMVOC","Gg","29.8083200327277"
"KZ","2003","N14 G_Shipping","NMVOC","Gg","0.738619701772968"
"KZ","2003","N14 H_Aviation","NMVOC","Gg","0.01423345378"
"KZ","2003","N14 I_Offroad","NMVOC","Gg","1.67120672651163"
"KZ","2003","N14 J_Waste","NMVOC","Gg","4.92428165"
"KZ","2003","N14 K_AgriLivestock","NMVOC","Gg","62.114367"
"KZ","2003","N14 L_AgriOther","NMVOC","Gg","15.010612"
"KZ","2003","N14 M_Other","NMVOC","Gg","0"
"KZ","2003","N14 N_Natural","NMVOC","Gg","98.347"
"TR","1996","N14 A_PublicPower","NMVOC","Gg","0.973166338788"
"TR","1996","N14 B_Industry","NMVOC","Gg","111.488239698956"
"TR","1996","N14 C_OtherStatComb","NMVOC","Gg","255.74092577226"
"TR","1996","N14 D_Fugitive","NMVOC","Gg","0"
"TR","1996","N14 E_Solvents","NMVOC","Gg","201.708808587341"
"TR","1996","N14 F_RoadTransport","NMVOC","Gg","29.4160313531907"
"TR","1996","N14 G_Shipping","NMVOC","Gg","0.591651"
"TR","1996","N14 H_Aviation","NMVOC","Gg","1.78117372508598"
"TR","1996","N14 I_Offroad","NMVOC","Gg","1.1607534"
"TR","1996","N14 J_Waste","NMVOC","Gg","34.0782510094257"
"TR","1996","N14 K_AgriLivestock","NMVOC","Gg","170.013045165"
"TR","1996","N14 L_AgriOther","NMVOC","Gg","187.213127815"
"TR","1996","N14 M_Other","NMVOC","Gg","0"
"TR","1996","N14 O_AviCruise","NMVOC","Gg","0.489160556152455"
"TR","1996","N14 P_IntShipping","NMVOC","Gg","0"
"TR","1996","N14 N_Natural","NMVOC","Gg","0"
"PL","1993","N14 A_PublicPower","NMVOC","Gg","2.43498941"
"PL","1993","N14 B_Industry","NMVOC","Gg","86.693184892824"
"PL","1993","N14 C_OtherStatComb","NMVOC","Gg","224.0671958912"
"PL","1993","N14 D_Fugitive","NMVOC","Gg","53.5478734319372"
"PL","1993","N14 E_Solvents","NMVOC","Gg","135.747095238122"
"PL","1993","N14 F_RoadTransport","NMVOC","Gg","161.279644776138"
"PL","1993","N14 G_Shipping","NMVOC","Gg","0.0730873964172476"
"PL","1993","N14 H_Aviation","NMVOC","Gg","0.0224183724640181"
"PL","1993","N14 I_Offroad","NMVOC","Gg","9.39253886432161"
"PL","1993","N14 J_Waste","NMVOC","Gg","18.5599593342541"
"PL","1993","N14 K_AgriLivestock","NMVOC","Gg","127.190020107289"
"PL","1993","N14 L_AgriOther","NMVOC","Gg","7.85025701178571"
"PL","1993","N14 M_Other","NMVOC","Gg","0"
"PL","1993","N14 O_AviCruise","NMVOC","Gg","0.167897063637932"
"PL","1993","N14 P_IntShipping","NMVOC","Gg","0.3672"
"PL","1993","N14 N_Natural","NMVOC","Gg","225.906575772427"
"PL","1993","N14 z_Memo","NMVOC","Gg","0"
"SE","2005","N14 A_PublicPower","NMVOC","Gg","2.88572515032377"
"SE","2005","N14 B_Industry","NMVOC","Gg","13.6473015340945"
"SE","2005","N14 C_OtherStatComb","NMVOC","Gg","14.4750107488878"
"SE","2005","N14 D_Fugitive","NMVOC","Gg","13.733350611235"
"SE","2005","N14 E_Solvents","NMVOC","Gg","71.1601535546666"
"SE","2005","N14 F_RoadTransport","NMVOC","Gg","37.4736960176755"
"SE","2005","N14 G_Shipping","NMVOC","Gg","4.87792788821101"
"SE","2005","N14 H_Aviation","NMVOC","Gg","0.156799202557094"
"SE","2005","N14 I_Offroad","NMVOC","Gg","16.2574629572969"
"SE","2005","N14 J_Waste","NMVOC","Gg","1.48809951382689"
"SE","2005","N14 K_AgriLivestock","NMVOC","Gg","22.1511375535837"
"SE","2005","N14 L_AgriOther","NMVOC","Gg","10.4535154425722"
"SE","2005","N14 M_Other","NMVOC","Gg","0"
"SE","2005","N14 O_AviCruise","NMVOC","Gg","0.637610347202172"
"SE","2005","N14 P_IntShipping","NMVOC","Gg","2.32369004636"
"SE","2005","N14 N_Natural","NMVOC","Gg","0"
"SE","2005","N14 z_Memo","NMVOC","Gg","0"
"CY","1992","N14 A_PublicPower","NMVOC","Gg","0.062078321028"
"CY","1992","N14 B_Industry","NMVOC","Gg","0.905890487825494"
"CY","1992","N14 C_OtherStatComb","NMVOC","Gg","0.0566996757272864"
"CY","1992","N14 D_Fugitive","NMVOC","Gg","0.901634929570841"
"CY","1992","N14 E_Solvents","NMVOC","Gg","7.3583613011046"
"CY","1992","N14 F_RoadTransport","NMVOC","Gg","6.67470301670562"
"CY","1992","N14 G_Shipping","NMVOC","Gg","0.00274033725625204"
"CY","1992","N14 H_Aviation","NMVOC","Gg","0.0132188946371832"
"CY","1992","N14 I_Offroad","NMVOC","Gg","0.0708270817786143"
"CY","1992","N14 J_Waste","NMVOC","Gg","0.559690181429031"
"CY","1992","N14 K_AgriLivestock","NMVOC","Gg","0.962726587774352"
"CY","1992","N14 L_AgriOther","NMVOC","Gg","0.0735743"
"CY","1992","N14 M_Other","NMVOC","Gg","0"
"CY","1992","N14 O_AviCruise","NMVOC","Gg","0"
"CY","1992","N14 P_IntShipping","NMVOC","Gg","0.118"
"CY","1992","N14 N_Natural","NMVOC","Gg","0"
"CY","1992","N14 z_Memo","NMVOC","Gg","6.69066224859905"
"PL","2004","N14 A_PublicPower","NMVOC","Gg","2.14102087"
"PL","2004","N14 B_Industry","NMVOC","Gg","87.013198485319"
"PL","2004","N14 C_OtherStatComb","NMVOC","Gg","140.4120869282"
"PL","2004","N14 D_Fugitive","NMVOC","Gg","50.1834544410122"
"PL","2004","N14 E_Solvents","NMVOC","Gg","193.392478618872"
"PL","2004","N14 F_RoadTransport","NMVOC","Gg","112.675132406254"
"PL","2004","N14 G_Shipping","NMVOC","Gg","0.0239157232456925"
"PL","2004","N14 H_Aviation","NMVOC","Gg","0.0229421357522677"
"PL","2004","N14 I_Offroad","NMVOC","Gg","10.9442365276382"
"PL","2004","N14 J_Waste","NMVOC","Gg","16.9214787594073"
"PL","2004","N14 K_AgriLivestock","NMVOC","Gg","86.7571486379"
"PL","2004","N14 L_AgriOther","NMVOC","Gg","7.40145401624021"
"PL","2004","N14 M_Other","NMVOC","Gg","0"
"PL","2004","N14 O_AviCruise","NMVOC","Gg","0.164567987130792"
"PL","2004","N14 P_IntShipping","NMVOC","Gg","0.6993"
"PL","2004","N14 N_Natural","NMVOC","Gg","239.184625215368"
"PL","2004","N14 z_Memo","NMVOC","Gg","0"
"MK","2015","N14 A_PublicPower","NMVOC","Gg","0.0679070432183305"
"MK","2015","N14 B_Industry","NMVOC","Gg","1.51701006510675"
"MK","2015","N14 C_OtherStatComb","NMVOC","Gg","5.98735031353058"
"MK","2015","N14 D_Fugitive","NMVOC","Gg","2.50625661445139"
"MK","2015","N14 E_Solvents","NMVOC","Gg","8.28293820889968"
"MK","2015","N14 F_RoadTransport","NMVOC","Gg","2.394555726"
"MK","2015","N14 G_Shipping","NMVOC","Gg","0.000166731735602841"
"MK","2015","N14 H_Aviation","NMVOC","Gg","0.0031495"
"MK","2015","N14 I_Offroad","NMVOC","Gg","0.768184212694485"
"MK","2015","N14 J_Waste","NMVOC","Gg","3.791654335355"
"MK","2015","N14 K_AgriLivestock","NMVOC","Gg","3.152252532"
"MK","2015","N14 L_AgriOther","NMVOC","Gg","1.08739088"
"MK","2015","N14 M_Other","NMVOC","Gg","0"
"MK","2015","N14 O_AviCruise","NMVOC","Gg","0.254963604045"
"MK","2015","N14 P_IntShipping","NMVOC","Gg","0"
"MK","2015","N14 N_Natural","NMVOC","Gg","0.9495"
"MK","2015","N14 z_Memo","NMVOC","Gg","0"
"SK","2005","N14 A_PublicPower","NMVOC","Gg","0.153286164"
"SK","2005","N14 B_Industry","NMVOC","Gg","7.446782922412"
"SK","2005","N14 C_OtherStatComb","NMVOC","Gg","57.7358163826797"
"SK","2005","N14 D_Fugitive","NMVOC","Gg","8.008253654"
"SK","2005","N14 E_Solvents","NMVOC","Gg","47.6023366981546"
"SK","2005","N14 F_RoadTransport","NMVOC","Gg","19.8301097459456"
"SK","2005","N14 G_Shipping","NMVOC","Gg","0.000604209546721127"
"SK","2005","N14 H_Aviation","NMVOC","Gg","0.000859100660941758"
"SK","2005","N14 I_Offroad","NMVOC","Gg","1.07557461783423"
"SK","2005","N14 J_Waste","NMVOC","Gg","1.10168901436525"
"SK","2005","N14 K_AgriLivestock","NMVOC","Gg","5.94784930389037"
"SK","2005","N14 L_AgriOther","NMVOC","Gg","2.26436017818217"
"SK","2005","N14 M_Other","NMVOC","Gg","0"
"SK","2005","N14 O_AviCruise","NMVOC","Gg","0.00188769959176766"
"SK","2005","N14 P_IntShipping","NMVOC","Gg","0"
"SK","2005","N14 N_Natural","NMVOC","Gg","0.26398"
"SK","2005","N14 z_Memo","NMVOC","Gg","0"
"HR","2015","N14 A_PublicPower","NMVOC","Gg","0.237556026810212"
"HR","2015","N14 B_Industry","NMVOC","Gg","5.68819560615207"
"HR","2015","N14 C_OtherStatComb","NMVOC","Gg","17.8719642753"
"HR","2015","N14 D_Fugitive","NMVOC","Gg","3.57376035135494"
"HR","2015","N14 E_Solvents","NMVOC","Gg","20.5378474657523"
"HR","2015","N14 F_RoadTransport","NMVOC","Gg","6.17078133077556"
"HR","2015","N14 G_Shipping","NMVOC","Gg","0.30693609836"
"HR","2015","N14 H_Aviation","NMVOC","Gg","0.01954195572"
"HR","2015","N14 I_Offroad","NMVOC","Gg","0.989416213794513"
"HR","2015","N14 J_Waste","NMVOC","Gg","2.9972590738"
"HR","2015","N14 K_AgriLivestock","NMVOC","Gg","7.79845700184"
"HR","2015","N14 L_AgriOther","NMVOC","Gg","1.32236094"
"HR","2015","N14 M_Other","NMVOC","Gg","0"
"HR","2015","N14 O_AviCruise","NMVOC","Gg","0.04757921148"
"HR","2015","N14 P_IntShipping","NMVOC","Gg","0.00474009424"
"HR","2015","N14 N_Natural","NMVOC","Gg","1.8192"
"HR","2015","N14 z_Memo","NMVOC","Gg","0"
"EU12","1994","N14 A_PublicPower","NMVOC","Gg","22.2068138670946"
"EU12","1994","N14 B_Industry","NMVOC","Gg","706.268681372137"
"EU12","1994","N14 C_OtherStatComb","NMVOC","Gg","875.511021249433"
"EU12","1994","N14 D_Fugitive","NMVOC","Gg","1213.59284051622"
"EU12","1994","N14 E_Solvents","NMVOC","Gg","3370.49199981608"
"EU12","1994","N14 F_RoadTransport","NMVOC","Gg","3752.78455514832"
"EU12","1994","N14 G_Shipping","NMVOC","Gg","80.8673058852247"
"EU12","1994","N14 H_Aviation","NMVOC","Gg","9.98728915550817"
"EU12","1994","N14 I_Offroad","NMVOC","Gg","289.471652763669"
"EU12","1994","N14 J_Waste","NMVOC","Gg","56.7837982715791"
"EU12","1994","N14 K_AgriLivestock","NMVOC","Gg","644.758212450356"
"EU12","1994","N14 L_AgriOther","NMVOC","Gg","175.984275388126"
"EU12","1994","N14 M_Other","NMVOC","Gg","1.320649103806"
"EU12","1994","N14 O_AviCruise","NMVOC","Gg","6.75672382415269"
"EU12","1994","N14 P_IntShipping","NMVOC","Gg","32.8133908115508"
"EU12","1994","N14 N_Natural","NMVOC","Gg","1987.00246057148"
"EU12","1994","N14 z_Memo","NMVOC","Gg","1486.81816051369"
"NL","1994","N14 A_PublicPower","NMVOC","Gg","0.999187843"
"NL","1994","N14 B_Industry","NMVOC","Gg","53.540043583"
"NL","1994","N14 C_OtherStatComb","NMVOC","Gg","14.940677"
"NL","1994","N14 D_Fugitive","NMVOC","Gg","36.285311766"
"NL","1994","N14 E_Solvents","NMVOC","Gg","135.122890791"
"NL","1994","N14 F_RoadTransport","NMVOC","Gg","128.200322411"
"NL","1994","N14 G_Shipping","NMVOC","Gg","1.868823115"
"NL","1994","N14 H_Aviation","NMVOC","Gg","0.346997604"
"NL","1994","N14 I_Offroad","NMVOC","Gg","12.82351033"
"NL","1994","N14 J_Waste","NMVOC","Gg","2.315961789"
"NL","1994","N14 K_AgriLivestock","NMVOC","Gg","42.440673496"
"NL","1994","N14 L_AgriOther","NMVOC","Gg","34.644568448"
"NL","1994","N14 M_Other","NMVOC","Gg","0.412479208"
"NL","1994","N14 O_AviCruise","NMVOC","Gg","0"
"NL","1994","N14 P_IntShipping","NMVOC","Gg","2.740649193"
"NL","1994","N14 N_Natural","NMVOC","Gg","0"
"NL","1994","N14 z_Memo","NMVOC","Gg","122.796000834"
"FI","2017","N14 A_PublicPower","NMVOC","Gg","1.59597875732382"
"FI","2017","N14 B_Industry","NMVOC","Gg","8.37321346762528"
"FI","2017","N14 C_OtherStatComb","NMVOC","Gg","22.578560671957"
"FI","2017","N14 D_Fugitive","NMVOC","Gg","6.17962333585"
"FI","2017","N14 E_Solvents","NMVOC","Gg","17.4824681340763"
"FI","2017","N14 F_RoadTransport","NMVOC","Gg","5.69266343384162"
"FI","2017","N14 G_Shipping","NMVOC","Gg","2.95458190758183"
"FI","2017","N14 H_Aviation","NMVOC","Gg","0.131062169039093"
"FI","2017","N14 I_Offroad","NMVOC","Gg","6.53414595064434"
"FI","2017","N14 J_Waste","NMVOC","Gg","0.10991484515888"
"FI","2017","N14 K_AgriLivestock","NMVOC","Gg","12.9891947903442"
"FI","2017","N14 L_AgriOther","NMVOC","Gg","3.70159954747688"
"FI","2017","N14 M_Other","NMVOC","Gg","0"
"FI","2017","N14 O_AviCruise","NMVOC","Gg","0.187852651404814"
"FI","2017","N14 P_IntShipping","NMVOC","Gg","0.798"
"FI","2017","N14 N_Natural","NMVOC","Gg","0"
"FI","2017","N14 z_Memo","NMVOC","Gg","0"
"MC","2017","N14 A_PublicPower","NMVOC","Gg","0.000126622001547093"
"MC","2017","N14 B_Industry","NMVOC","Gg","7.67512e-05"
"MC","2017","N14 C_OtherStatComb","NMVOC","Gg","0.0005202506712807"
"MC","2017","N14 D_Fugitive","NMVOC","Gg","0.000100457142857153"
"MC","2017","N14 E_Solvents","NMVOC","Gg","0.110228242263271"
"MC","2017","N14 F_RoadTransport","NMVOC","Gg","0.104127205755819"
"MC","2017","N14 G_Shipping","NMVOC","Gg","0.0169585803853659"
"MC","2017","N14 H_Aviation","NMVOC","Gg","0.0184583558432001"
"MC","2017","N14 I_Offroad","NMVOC","Gg","0.0191012301355566"
"MC","2017","N14 J_Waste","NMVOC","Gg","8.55995775623268e-05"
"MC","2017","N14 K_AgriLivestock","NMVOC","Gg","0"
"MC","2017","N14 L_AgriOther","NMVOC","Gg","0"
"MC","2017","N14 M_Other","NMVOC","Gg","0"
"MC","2017","N14 O_AviCruise","NMVOC","Gg","0"
"MC","2017","N14 P_IntShipping","NMVOC","Gg","0.0639350496183962"
"MC","2017","N14 N_Natural","NMVOC","Gg","0"
"MC","2017","N14 z_Memo","NMVOC","Gg","0"
"AZ","1995","N14 A_PublicPower","NMVOC","Gg","0.112016268"
"AZ","1995","N14 B_Industry","NMVOC","Gg","0.00036"
"AZ","1995","N14 C_OtherStatComb","NMVOC","Gg","0"
"AZ","1995","N14 D_Fugitive","NMVOC","Gg","5.1762"
"AZ","1995","N14 E_Solvents","NMVOC","Gg","20.63745"
"AZ","1995","N14 F_RoadTransport","NMVOC","Gg","10.3495784975"
"AZ","1995","N14 G_Shipping","NMVOC","Gg","0"
"AZ","1995","N14 H_Aviation","NMVOC","Gg","0"
"AZ","1995","N14 I_Offroad","NMVOC","Gg","0"
"AZ","1995","N14 J_Waste","NMVOC","Gg","0"
"AZ","1995","N14 K_AgriLivestock","NMVOC","Gg","14.9978135"
"AZ","1995","N14 L_AgriOther","NMVOC","Gg","0"
"AZ","1995","N14 M_Other","NMVOC","Gg","0"
"AZ","1995","N14 O_AviCruise","NMVOC","Gg","0"
"AZ","1995","N14 P_IntShipping","NMVOC","Gg","0"
"AZ","1995","N14 N_Natural","NMVOC","Gg","0"
"AZ","1995","N14 z_Memo","NMVOC","Gg","7.7961"
"FR","1987","N14 A_PublicPower","NMVOC","Gg","0"
"FR","1987","N14 B_Industry","NMVOC","Gg","0"
"FR","1987","N14 C_OtherStatComb","NMVOC","Gg","0"
"FR","1987","N14 D_Fugitive","NMVOC","Gg","0"
"FR","1987","N14 E_Solvents","NMVOC","Gg","0"
"FR","1987","N14 F_RoadTransport","NMVOC","Gg","0"
"FR","1987","N14 G_Shipping","NMVOC","Gg","0"
"FR","1987","N14 H_Aviation","NMVOC","Gg","0"
"FR","1987","N14 I_Offroad","NMVOC","Gg","0"
"FR","1987","N14 J_Waste","NMVOC","Gg","0"
"FR","1987","N14 K_AgriLivestock","NMVOC","Gg","0"
"FR","1987","N14 L_AgriOther","NMVOC","Gg","0"
"FR","1987","N14 M_Other","NMVOC","Gg","0"
"FR","1987","N14 O_AviCruise","NMVOC","Gg","0"
"FR","1987","N14 P_IntShipping","NMVOC","Gg","0"
"FR","1987","N14 N_Natural","NMVOC","Gg","0"
"FR","1987","N14 z_Memo","NMVOC","Gg","0"
"SE","2010","N14 A_PublicPower","NMVOC","Gg","3.9157049603533"
"SE","2010","N14 B_Industry","NMVOC","Gg","11.8372131726684"
"SE","2010","N14 C_OtherStatComb","NMVOC","Gg","13.0708918846423"
"SE","2010","N14 D_Fugitive","NMVOC","Gg","14.0612393438897"
"SE","2010","N14 E_Solvents","NMVOC","Gg","61.8435681790129"
"SE","2010","N14 F_RoadTransport","NMVOC","Gg","21.5697020068081"
"SE","2010","N14 G_Shipping","NMVOC","Gg","5.449697104288"
"SE","2010","N14 H_Aviation","NMVOC","Gg","0.156014256596032"
"SE","2010","N14 I_Offroad","NMVOC","Gg","16.0211720845316"
"SE","2010","N14 J_Waste","NMVOC","Gg","1.00083487525527"
"SE","2010","N14 K_AgriLivestock","NMVOC","Gg","21.4683428992939"
"SE","2010","N14 L_AgriOther","NMVOC","Gg","10.2396961791198"
"SE","2010","N14 M_Other","NMVOC","Gg","0"
"SE","2010","N14 O_AviCruise","NMVOC","Gg","0.530016532967373"
"SE","2010","N14 P_IntShipping","NMVOC","Gg","2.3356308532"
"SE","2010","N14 N_Natural","NMVOC","Gg","0"
"SE","2010","N14 z_Memo","NMVOC","Gg","0"
"NO","1992","N14 A_PublicPower","NMVOC","Gg","0.4016453784"
"NO","1992","N14 B_Industry","NMVOC","Gg","7.4391408172"
"NO","1992","N14 C_OtherStatComb","NMVOC","Gg","6.4865434155"
"NO","1992","N14 D_Fugitive","NMVOC","Gg","180.2023966582"
"NO","1992","N14 E_Solvents","NMVOC","Gg","46.9655002324"
"NO","1992","N14 F_RoadTransport","NMVOC","Gg","57.8091533574"
"NO","1992","N14 G_Shipping","NMVOC","Gg","2.1474396293"
"NO","1992","N14 H_Aviation","NMVOC","Gg","0.2570428283"
"NO","1992","N14 I_Offroad","NMVOC","Gg","30.4934831567"
"NO","1992","N14 J_Waste","NMVOC","Gg","1.2561868365"
"NO","1992","N14 K_AgriLivestock","NMVOC","Gg","10.3541820047"
"NO","1992","N14 L_AgriOther","NMVOC","Gg","0.8457298941"
"NO","1992","N14 M_Other","NMVOC","Gg","0"
"NO","1992","N14 O_AviCruise","NMVOC","Gg","0.6725935089"
"NO","1992","N14 P_IntShipping","NMVOC","Gg","0.3726421093"
"NO","1992","N14 N_Natural","NMVOC","Gg","0"
"NO","1992","N14 z_Memo","NMVOC","Gg","60.896017803"
"MC","2016","N14 A_PublicPower","NMVOC","Gg","7.069288630572e-05"
"MC","2016","N14 B_Industry","NMVOC","Gg","0.00018107"
"MC","2016","N14 C_OtherStatComb","NMVOC","Gg","0.0005131978223715"
"MC","2016","N14 D_Fugitive","NMVOC","Gg","9.37428571428572e-05"
"MC","2016","N14 E_Solvents","NMVOC","Gg","0.122163690498445"
"MC","2016","N14 F_RoadTransport","NMVOC","Gg","0.102714018770304"
"MC","2016","N14 G_Shipping","NMVOC","Gg","0.0160077537605032"
"MC","2016","N14 H_Aviation","NMVOC","Gg","0.0183937950326"
"MC","2016","N14 I_Offroad","NMVOC","Gg","0.0221747223694434"
"MC","2016","N14 J_Waste","NMVOC","Gg","8.809941e-05"
"MC","2016","N14 K_AgriLivestock","NMVOC","Gg","0"
"MC","2016","N14 L_AgriOther","NMVOC","Gg","0"
"MC","2016","N14 M_Other","NMVOC","Gg","0"
"MC","2016","N14 O_AviCruise","NMVOC","Gg","0"
"MC","2016","N14 P_IntShipping","NMVOC","Gg","0.06377712123295"
"MC","2016","N14 N_Natural","NMVOC","Gg","0"
"MC","2016","N14 z_Memo","NMVOC","Gg","0"
"EE","2010","N14 A_PublicPower","NMVOC","Gg","0.394811"
"EE","2010","N14 B_Industry","NMVOC","Gg","2.257293"
"EE","2010","N14 C_OtherStatComb","NMVOC","Gg","5.047945"
"EE","2010","N14 D_Fugitive","NMVOC","Gg","1.817601"
"EE","2010","N14 E_Solvents","NMVOC","Gg","4.697423"
"EE","2010","N14 F_RoadTransport","NMVOC","Gg","3.08619"
"EE","2010","N14 G_Shipping","NMVOC","Gg","0.0596"
"EE","2010","N14 H_Aviation","NMVOC","Gg","0.010273"
"EE","2010","N14 I_Offroad","NMVOC","Gg","1.097615"
"EE","2010","N14 J_Waste","NMVOC","Gg","0.556473"
"EE","2010","N14 K_AgriLivestock","NMVOC","Gg","3.940975"
"EE","2010","N14 L_AgriOther","NMVOC","Gg","0.37608"
"EE","2010","N14 M_Other","NMVOC","Gg","0"
"EE","2010","N14 O_AviCruise","NMVOC","Gg","0.012994"
"EE","2010","N14 P_IntShipping","NMVOC","Gg","0.623026"
"EE","2010","N14 N_Natural","NMVOC","Gg","37.32092"
"EE","2010","N14 z_Memo","NMVOC","Gg","0"
"PL","2002","N14 A_PublicPower","NMVOC","Gg","2.02319447"
"PL","2002","N14 B_Industry","NMVOC","Gg","84.900922155665"
"PL","2002","N14 C_OtherStatComb","NMVOC","Gg","141.3941340323"
"PL","2002","N14 D_Fugitive","NMVOC","Gg","49.9056024990692"
"PL","2002","N14 E_Solvents","NMVOC","Gg","185.991593176147"
"PL","2002","N14 F_RoadTransport","NMVOC","Gg","121.199382111013"
"PL","2002","N14 G_Shipping","NMVOC","Gg","0.0240502063739021"
"PL","2002","N14 H_Aviation","NMVOC","Gg","0.0238352957083397"
"PL","2002","N14 I_Offroad","NMVOC","Gg","10.6974816281407"
"PL","2002","N14 J_Waste","NMVOC","Gg","18.716902093351"
"PL","2002","N14 K_AgriLivestock","NMVOC","Gg","100.8861580825"
"PL","2002","N14 L_AgriOther","NMVOC","Gg","7.05671675902044"
"PL","2002","N14 M_Other","NMVOC","Gg","0"
"PL","2002","N14 O_AviCruise","NMVOC","Gg","0.175053798101257"
"PL","2002","N14 P_IntShipping","NMVOC","Gg","0.7452"
"PL","2002","N14 N_Natural","NMVOC","Gg","234.407649003538"
"PL","2002","N14 z_Memo","NMVOC","Gg","0"
"AT","1998","N14 A_PublicPower","NMVOC","Gg","0.233679048143885"
"AT","1998","N14 B_Industry","NMVOC","Gg","5.11249462344164"
"AT","1998","N14 C_OtherStatComb","NMVOC","Gg","34.0675665156094"
"AT","1998","N14 D_Fugitive","NMVOC","Gg","6.43211578267716"
"AT","1998","N14 E_Solvents","NMVOC","Gg","76.7244108100687"
"AT","1998","N14 F_RoadTransport","NMVOC","Gg","34.0509321567064"
"AT","1998","N14 G_Shipping","NMVOC","Gg","0.601015724528193"
"AT","1998","N14 H_Aviation","NMVOC","Gg","0.37738146185603"
"AT","1998","N14 I_Offroad","NMVOC","Gg","8.79844866445183"
"AT","1998","N14 J_Waste","NMVOC","Gg","0.125951706473933"
"AT","1998","N14 K_AgriLivestock","NMVOC","Gg","30.5152794867595"
"AT","1998","N14 L_AgriOther","NMVOC","Gg","13.9861229669238"
"AT","1998","N14 M_Other","NMVOC","Gg","0"
"AT","1998","N14 O_AviCruise","NMVOC","Gg","0.396937882403928"
"AT","1998","N14 P_IntShipping","NMVOC","Gg","0"
"AT","1998","N14 N_Natural","NMVOC","Gg","0"
"AT","1998","N14 z_Memo","NMVOC","Gg","34.4983090262462"
"NO","2006","N14 A_PublicPower","NMVOC","Gg","0.7044292622"
"NO","2006","N14 B_Industry","NMVOC","Gg","7.9802927407"
"NO","2006","N14 C_OtherStatComb","NMVOC","Gg","9.4736661233"
"NO","2006","N14 D_Fugitive","NMVOC","Gg","93.8598091277"
"NO","2006","N14 E_Solvents","NMVOC","Gg","42.5878457647"
"NO","2006","N14 F_RoadTransport","NMVOC","Gg","17.6490894182"
"NO","2006","N14 G_Shipping","NMVOC","Gg","3.4060050446"
"NO","2006","N14 H_Aviation","NMVOC","Gg","0.3763513434"
"NO","2006","N14 I_Offroad","NMVOC","Gg","26.0453838243"
"NO","2006","N14 J_Waste","NMVOC","Gg","1.1018436165"
"NO","2006","N14 K_AgriLivestock","NMVOC","Gg","10.0295722102"
"NO","2006","N14 L_AgriOther","NMVOC","Gg","0.7745378589"
"NO","2006","N14 M_Other","NMVOC","Gg","0"
"NO","2006","N14 O_AviCruise","NMVOC","Gg","1.1705555412"
"NO","2006","N14 P_IntShipping","NMVOC","Gg","0.2570237406"
"NO","2006","N14 N_Natural","NMVOC","Gg","0"
"NO","2006","N14 z_Memo","NMVOC","Gg","22.488217976"
"CZ","2011","N14 A_PublicPower","NMVOC","Gg","6.02734399200001"
"CZ","2011","N14 B_Industry","NMVOC","Gg","5.04263164607998"
"CZ","2011","N14 C_OtherStatComb","NMVOC","Gg","98.1587564361615"
"CZ","2011","N14 D_Fugitive","NMVOC","Gg","10.5076189"
"CZ","2011","N14 E_Solvents","NMVOC","Gg","75.5113125513544"
"CZ","2011","N14 F_RoadTransport","NMVOC","Gg","24.7538731426836"
"CZ","2011","N14 G_Shipping","NMVOC","Gg","0.014054634"
"CZ","2011","N14 H_Aviation","NMVOC","Gg","0.0758207499999999"
"CZ","2011","N14 I_Offroad","NMVOC","Gg","3.46245796647833"
"CZ","2011","N14 J_Waste","NMVOC","Gg","6.07128108773168"
"CZ","2011","N14 K_AgriLivestock","NMVOC","Gg","0"
"CZ","2011","N14 L_AgriOther","NMVOC","Gg","0"
"CZ","2011","N14 M_Other","NMVOC","Gg","0"
"CZ","2011","N14 O_AviCruise","NMVOC","Gg","0.43832175"
"CZ","2011","N14 P_IntShipping","NMVOC","Gg","0"
"CZ","2011","N14 N_Natural","NMVOC","Gg","0.1685"
"CZ","2011","N14 z_Memo","NMVOC","Gg","25.2684037466835"
"GE","2016","N14 A_PublicPower","NMVOC","Gg","0.02983988"
"GE","2016","N14 B_Industry","NMVOC","Gg","3.45210508036165"
"GE","2016","N14 C_OtherStatComb","NMVOC","Gg","9.875315852"
"GE","2016","N14 D_Fugitive","NMVOC","Gg","0.25542"
"GE","2016","N14 E_Solvents","NMVOC","Gg","4.4743632"
"GE","2016","N14 F_RoadTransport","NMVOC","Gg","14.8889183669172"
"GE","2016","N14 G_Shipping","NMVOC","Gg","0.005215"
"GE","2016","N14 H_Aviation","NMVOC","Gg","0"
"GE","2016","N14 I_Offroad","NMVOC","Gg","0.3030839"
"GE","2016","N14 J_Waste","NMVOC","Gg","0.675125889752683"
"GE","2016","N14 K_AgriLivestock","NMVOC","Gg","7.20717875"
"GE","2016","N14 L_AgriOther","NMVOC","Gg","0.2064"
"GE","2016","N14 M_Other","NMVOC","Gg","0"
"AZ","2004","N14 A_PublicPower","NMVOC","Gg","0.451010196"
"AZ","2004","N14 B_Industry","NMVOC","Gg","0.01356"
"AZ","2004","N14 C_OtherStatComb","NMVOC","Gg","0"
"AZ","2004","N14 D_Fugitive","NMVOC","Gg","5.366"
"AZ","2004","N14 E_Solvents","NMVOC","Gg","22.54257"
"AZ","2004","N14 F_RoadTransport","NMVOC","Gg","9.897756539"
"AZ","2004","N14 G_Shipping","NMVOC","Gg","0"
"AZ","2004","N14 H_Aviation","NMVOC","Gg","0"
"AZ","2004","N14 I_Offroad","NMVOC","Gg","0"
"AZ","2004","N14 J_Waste","NMVOC","Gg","0"
"AZ","2004","N14 K_AgriLivestock","NMVOC","Gg","21.1891849"
"AZ","2004","N14 L_AgriOther","NMVOC","Gg","1.11262672"
"AZ","2004","N14 M_Other","NMVOC","Gg","0"
"AZ","2004","N14 O_AviCruise","NMVOC","Gg","0"
"AZ","2004","N14 P_IntShipping","NMVOC","Gg","0"
"AZ","2004","N14 N_Natural","NMVOC","Gg","0"
"AZ","2004","N14 z_Memo","NMVOC","Gg","5.89912"
"LT","2011","N14 A_PublicPower","NMVOC","Gg","0.261251382350138"
"LT","2011","N14 B_Industry","NMVOC","Gg","6.15651376259156"
"LT","2011","N14 C_OtherStatComb","NMVOC","Gg","12.848997524"
"LT","2011","N14 D_Fugitive","NMVOC","Gg","2.8813484923557"
"LT","2011","N14 E_Solvents","NMVOC","Gg","7.9863874947326"
"LT","2011","N14 F_RoadTransport","NMVOC","Gg","6.140081828"
"LT","2011","N14 G_Shipping","NMVOC","Gg","0.0146336910872608"
"LT","2011","N14 H_Aviation","NMVOC","Gg","0.008289"
"LT","2011","N14 I_Offroad","NMVOC","Gg","0.999193092931503"
"LT","2011","N14 J_Waste","NMVOC","Gg","2.1608402987"
"LT","2011","N14 K_AgriLivestock","NMVOC","Gg","11.1529514872191"
"LT","2011","N14 L_AgriOther","NMVOC","Gg","1.97646979"
"LT","2011","N14 M_Other","NMVOC","Gg","0"
"LT","2011","N14 P_IntShipping","NMVOC","Gg","0.397"
"LT","2011","N14 N_Natural","NMVOC","Gg","0.05527"
"CA","1997","N14 A_PublicPower","NMVOC","Gg","3.71514924913654"
"CA","1997","N14 B_Industry","NMVOC","Gg","282.382084672206"
"CA","1997","N14 C_OtherStatComb","NMVOC","Gg","325.668919265165"
"CA","1997","N14 D_Fugitive","NMVOC","Gg","690.030499903729"
"CA","1997","N14 E_Solvents","NMVOC","Gg","381.736156202763"
"CA","1997","N14 F_RoadTransport","NMVOC","Gg","377.449085158431"
"CA","1997","N14 G_Shipping","NMVOC","Gg","6.94362426867301"
"CA","1997","N14 H_Aviation","NMVOC","Gg","1.83311818149714"
"CA","1997","N14 I_Offroad","NMVOC","Gg","769.74703176053"
"CA","1997","N14 J_Waste","NMVOC","Gg","14.9894575958444"
"CA","1997","N14 K_AgriLivestock","NMVOC","Gg","115.116093392815"
"CA","1997","N14 L_AgriOther","NMVOC","Gg","2.08489011645008"
"CA","1997","N14 M_Other","NMVOC","Gg","15.7527787770372"
"CA","1997","N14 O_AviCruise","NMVOC","Gg","3.0677689120508"
"CA","1997","N14 P_IntShipping","NMVOC","Gg","0"
"CA","1997","N14 N_Natural","NMVOC","Gg","0"
"CA","1997","N14 z_Memo","NMVOC","Gg","0"
"EU12","2008","N14 A_PublicPower","NMVOC","Gg","26.0779697588929"
"EU12","2008","N14 B_Industry","NMVOC","Gg","470.059201641762"
"EU12","2008","N14 C_OtherStatComb","NMVOC","Gg","614.325574378612"
"EU12","2008","N14 D_Fugitive","NMVOC","Gg","495.348613867252"
"EU12","2008","N14 E_Solvents","NMVOC","Gg","2476.75504694631"
"EU12","2008","N14 F_RoadTransport","NMVOC","Gg","811.768570353314"
"EU12","2008","N14 G_Shipping","NMVOC","Gg","65.4956436625177"
"EU12","2008","N14 H_Aviation","NMVOC","Gg","7.57997297324627"
"EU12","2008","N14 I_Offroad","NMVOC","Gg","179.409060624218"
"EU12","2008","N14 J_Waste","NMVOC","Gg","49.021628507436"
"EU12","2008","N14 K_AgriLivestock","NMVOC","Gg","601.894427362839"
"EU12","2008","N14 L_AgriOther","NMVOC","Gg","165.914522187058"
"EU12","2008","N14 M_Other","NMVOC","Gg","1.879454819098"
"EU12","2008","N14 O_AviCruise","NMVOC","Gg","9.94401523313636"
"EU12","2008","N14 P_IntShipping","NMVOC","Gg","57.7556774546176"
"EU12","2008","N14 N_Natural","NMVOC","Gg","2084.81331807322"
"EU12","2008","N14 z_Memo","NMVOC","Gg","1386.19245796322"
"GE","2008","N14 A_PublicPower","NMVOC","Gg","0.91405112"
"GE","2008","N14 B_Industry","NMVOC","Gg","6.8149142903"
"GE","2008","N14 C_OtherStatComb","NMVOC","Gg","0"
"GE","2008","N14 D_Fugitive","NMVOC","Gg","0"
"GE","2008","N14 E_Solvents","NMVOC","Gg","4.6171152"
"GE","2008","N14 F_RoadTransport","NMVOC","Gg","16.3174553454788"
"GE","2008","N14 G_Shipping","NMVOC","Gg","0"
"GE","2008","N14 H_Aviation","NMVOC","Gg","0"
"GE","2008","N14 I_Offroad","NMVOC","Gg","0"
"GE","2008","N14 J_Waste","NMVOC","Gg","0.644032080243903"
"GE","2008","N14 K_AgriLivestock","NMVOC","Gg","7.4021112"
"GE","2008","N14 L_AgriOther","NMVOC","Gg","0.283198"
"GE","2008","N14 M_Other","NMVOC","Gg","0"
"SI","1982","N14 A_PublicPower","NMVOC","Gg","0"
"SI","1982","N14 B_Industry","NMVOC","Gg","0"
"SI","1982","N14 C_OtherStatComb","NMVOC","Gg","0"
"SI","1982","N14 D_Fugitive","NMVOC","Gg","0"
"SI","1982","N14 E_Solvents","NMVOC","Gg","0"
"SI","1982","N14 F_RoadTransport","NMVOC","Gg","0"
"SI","1982","N14 G_Shipping","NMVOC","Gg","0"
"SI","1982","N14 H_Aviation","NMVOC","Gg","0"
"SI","1982","N14 I_Offroad","NMVOC","Gg","0"
"SI","1982","N14 J_Waste","NMVOC","Gg","0"
"SI","1982","N14 K_AgriLivestock","NMVOC","Gg","0"
"SI","1982","N14 L_AgriOther","NMVOC","Gg","0"
"SI","1982","N14 M_Other","NMVOC","Gg","0"
"SI","1982","N14 O_AviCruise","NMVOC","Gg","0"
"SI","1982","N14 P_IntShipping","NMVOC","Gg","0"
"SI","1982","N14 N_Natural","NMVOC","Gg","0"
"SI","1982","N14 z_Memo","NMVOC","Gg","0"
"AT","2004","N14 A_PublicPower","NMVOC","Gg","0.250645433166742"
"AT","2004","N14 B_Industry","NMVOC","Gg","4.03435676291923"
"AT","2004","N14 C_OtherStatComb","NMVOC","Gg","28.9699636948048"
"AT","2004","N14 D_Fugitive","NMVOC","Gg","3.56976281262074"
"AT","2004","N14 E_Solvents","NMVOC","Gg","47.1116349900907"
"AT","2004","N14 F_RoadTransport","NMVOC","Gg","22.147459173042"
"AT","2004","N14 G_Shipping","NMVOC","Gg","0.553801653745547"
"AT","2004","N14 H_Aviation","NMVOC","Gg","0.490449040336494"
"AT","2004","N14 I_Offroad","NMVOC","Gg","7.75220386240305"
"AT","2004","N14 J_Waste","NMVOC","Gg","0.11461124371153"
"AT","2004","N14 K_AgriLivestock","NMVOC","Gg","28.6169200354057"
"AT","2004","N14 L_AgriOther","NMVOC","Gg","12.0513015182916"
"AT","2004","N14 M_Other","NMVOC","Gg","0"
"AT","2004","N14 O_AviCruise","NMVOC","Gg","0.401606009260773"
"AT","2004","N14 P_IntShipping","NMVOC","Gg","0"
"AT","2004","N14 N_Natural","NMVOC","Gg","0"
"AT","2004","N14 z_Memo","NMVOC","Gg","19.4045891698757"
"MC","1995","N14 A_PublicPower","NMVOC","Gg","0.000163371810920117"
"MC","1995","N14 B_Industry","NMVOC","Gg","6.5376e-06"
"MC","1995","N14 C_OtherStatComb","NMVOC","Gg","0.000558458887463751"
"MC","1995","N14 D_Fugitive","NMVOC","Gg","7.38571428571429e-05"
"MC","1995","N14 E_Solvents","NMVOC","Gg","0.0676716052832135"
"MC","1995","N14 F_RoadTransport","NMVOC","Gg","0.422320370767796"
"MC","1995","N14 G_Shipping","NMVOC","Gg","0.0122031514973389"
"MC","1995","N14 H_Aviation","NMVOC","Gg","0.0171221882"
"MC","1995","N14 I_Offroad","NMVOC","Gg","0.0125964802838625"
"MC","1995","N14 J_Waste","NMVOC","Gg","9.1263645e-05"
"MC","1995","N14 K_AgriLivestock","NMVOC","Gg","0"
"MC","1995","N14 L_AgriOther","NMVOC","Gg","0"
"MC","1995","N14 M_Other","NMVOC","Gg","0"
"MC","1995","N14 O_AviCruise","NMVOC","Gg","0"
"MC","1995","N14 P_IntShipping","NMVOC","Gg","0.035206451911673"
"MC","1995","N14 N_Natural","NMVOC","Gg","0"
"MC","1995","N14 z_Memo","NMVOC","Gg","0"
"TR","2009","N14 A_PublicPower","NMVOC","Gg","2.29471794361664"
"TR","2009","N14 B_Industry","NMVOC","Gg","123.181260756559"
"TR","2009","N14 C_OtherStatComb","NMVOC","Gg","262.644385836081"
"TR","2009","N14 D_Fugitive","NMVOC","Gg","0"
"TR","2009","N14 E_Solvents","NMVOC","Gg","231.926682218477"
"TR","2009","N14 F_RoadTransport","NMVOC","Gg","51.1805320904153"
"TR","2009","N14 G_Shipping","NMVOC","Gg","1.37078253478421"
"TR","2009","N14 H_Aviation","NMVOC","Gg","3.00949830077777"
"TR","2009","N14 I_Offroad","NMVOC","Gg","0.649293559301344"
"TR","2009","N14 J_Waste","NMVOC","Gg","38.26134434"
"TR","2009","N14 K_AgriLivestock","NMVOC","Gg","149.18613309223"
"TR","2009","N14 L_AgriOther","NMVOC","Gg","163.75886443311"
"TR","2009","N14 M_Other","NMVOC","Gg","0"
"TR","2009","N14 O_AviCruise","NMVOC","Gg","0.826493138661846"
"TR","2009","N14 P_IntShipping","NMVOC","Gg","0"
"TR","2009","N14 N_Natural","NMVOC","Gg","0"
"RO","1997","N14 A_PublicPower","NMVOC","Gg","1.3900087"
"RO","1997","N14 B_Industry","NMVOC","Gg","42.76619911"
"RO","1997","N14 C_OtherStatComb","NMVOC","Gg","75.47236873"
"RO","1997","N14 D_Fugitive","NMVOC","Gg","33.194748137"
"RO","1997","N14 E_Solvents","NMVOC","Gg","43.211024316"
"RO","1997","N14 F_RoadTransport","NMVOC","Gg","22.3066940171255"
"RO","1997","N14 G_Shipping","NMVOC","Gg","0.2968"
"RO","1997","N14 H_Aviation","NMVOC","Gg","0"
"RO","1997","N14 I_Offroad","NMVOC","Gg","35.1169153348022"
"RO","1997","N14 J_Waste","NMVOC","Gg","1.06130092315898"
"RO","1997","N14 K_AgriLivestock","NMVOC","Gg","40.3045724967121"
"RO","1997","N14 L_AgriOther","NMVOC","Gg","5.7604986390494"
"RO","1997","N14 M_Other","NMVOC","Gg","0"
"RO","1997","N14 O_AviCruise","NMVOC","Gg","0"
"RO","1997","N14 P_IntShipping","NMVOC","Gg","0"
"MK","1980","N14 A_PublicPower","NMVOC","Gg","0"
"MK","1980","N14 B_Industry","NMVOC","Gg","0"
"MK","1980","N14 C_OtherStatComb","NMVOC","Gg","0"
"MK","1980","N14 D_Fugitive","NMVOC","Gg","0"
"MK","1980","N14 E_Solvents","NMVOC","Gg","0"
"MK","1980","N14 F_RoadTransport","NMVOC","Gg","0"
"MK","1980","N14 G_Shipping","NMVOC","Gg","0"
"MK","1980","N14 H_Aviation","NMVOC","Gg","0"
"MK","1980","N14 I_Offroad","NMVOC","Gg","0"
"MK","1980","N14 J_Waste","NMVOC","Gg","0"
"MK","1980","N14 K_AgriLivestock","NMVOC","Gg","0"
"MK","1980","N14 L_AgriOther","NMVOC","Gg","0"
"MK","1980","N14 M_Other","NMVOC","Gg","0"
"MK","1980","N14 O_AviCruise","NMVOC","Gg","0"
"MK","1980","N14 P_IntShipping","NMVOC","Gg","0"
"MK","1980","N14 N_Natural","NMVOC","Gg","0"
"MK","1980","N14 z_Memo","NMVOC","Gg","0"
"EU15","1991","N14 A_PublicPower","NMVOC","Gg","25.1410398451652"
"EU15","1991","N14 B_Industry","NMVOC","Gg","785.705913515486"
"EU15","1991","N14 C_OtherStatComb","NMVOC","Gg","1293.46953135451"
"EU15","1991","N14 D_Fugitive","NMVOC","Gg","1485.72820325126"
"EU15","1991","N14 E_Solvents","NMVOC","Gg","4047.67305231613"
"EU15","1991","N14 F_RoadTransport","NMVOC","Gg","4687.6441408114"
"EU15","1991","N14 G_Shipping","NMVOC","Gg","93.5548702851004"
"EU15","1991","N14 H_Aviation","NMVOC","Gg","12.7843825186447"
"EU15","1991","N14 I_Offroad","NMVOC","Gg","363.119978954218"
"EU15","1991","N14 J_Waste","NMVOC","Gg","59.162930560121"
"EU15","1991","N14 K_AgriLivestock","NMVOC","Gg","739.984982126421"
"EU15","1991","N14 L_AgriOther","NMVOC","Gg","240.501130242339"
"EU15","1991","N14 M_Other","NMVOC","Gg","1.285784388648"
"EU15","1991","N14 O_AviCruise","NMVOC","Gg","8.42494467095046"
"EU15","1991","N14 P_IntShipping","NMVOC","Gg","36.410521589257"
"EU15","1991","N14 N_Natural","NMVOC","Gg","1900.20758594711"
"EU15","1991","N14 z_Memo","NMVOC","Gg","1423.51919657751"
"AT","2002","N14 A_PublicPower","NMVOC","Gg","0.216219438064608"
"AT","2002","N14 B_Industry","NMVOC","Gg","3.78495835447812"
"AT","2002","N14 C_OtherStatComb","NMVOC","Gg","30.7074202996391"
"AT","2002","N14 D_Fugitive","NMVOC","Gg","4.030608007644"
"AT","2002","N14 E_Solvents","NMVOC","Gg","56.038909744586"
"AT","2002","N14 F_RoadTransport","NMVOC","Gg","24.5282466547845"
"AT","2002","N14 G_Shipping","NMVOC","Gg","0.587921858365851"
"AT","2002","N14 H_Aviation","NMVOC","Gg","0.409136434142947"
"AT","2002","N14 I_Offroad","NMVOC","Gg","8.20960815153532"
"AT","2002","N14 J_Waste","NMVOC","Gg","0.112855544398565"
"AT","2002","N14 K_AgriLivestock","NMVOC","Gg","28.9846539072822"
"AT","2002","N14 L_AgriOther","NMVOC","Gg","12.4713250278598"
"AT","2002","N14 M_Other","NMVOC","Gg","0"
"AT","2002","N14 O_AviCruise","NMVOC","Gg","0.366835170822323"
"AT","2002","N14 P_IntShipping","NMVOC","Gg","0"
"AT","2002","N14 N_Natural","NMVOC","Gg","0"
"AT","2002","N14 z_Memo","NMVOC","Gg","22.804341198342"
"NO","1999","N14 A_PublicPower","NMVOC","Gg","0.4597259165"
"NO","1999","N14 B_Industry","NMVOC","Gg","8.4850951032"
"NO","1999","N14 C_OtherStatComb","NMVOC","Gg","8.2154903662"
"NO","1999","N14 D_Fugitive","NMVOC","Gg","246.7189227602"
"NO","1999","N14 E_Solvents","NMVOC","Gg","49.3797800389"
"NO","1999","N14 F_RoadTransport","NMVOC","Gg","35.8125185134"
"NO","1999","N14 G_Shipping","NMVOC","Gg","3.7297091526"
"NO","1999","N14 H_Aviation","NMVOC","Gg","0.3797643961"
"NO","1999","N14 I_Offroad","NMVOC","Gg","29.4984278955"
"NO","1999","N14 J_Waste","NMVOC","Gg","1.2338607588"
"NO","1999","N14 K_AgriLivestock","NMVOC","Gg","10.6418107505"
"NO","1999","N14 L_AgriOther","NMVOC","Gg","0.8412419694"
"NO","1999","N14 M_Other","NMVOC","Gg","0"
"NO","1999","N14 O_AviCruise","NMVOC","Gg","0.9790636432"
"NO","1999","N14 P_IntShipping","NMVOC","Gg","0.6669481536"
"NO","1999","N14 N_Natural","NMVOC","Gg","0"
"NO","1999","N14 z_Memo","NMVOC","Gg","40.82207264"
"MT","2010","N14 A_PublicPower","NMVOC","Gg","0.0486919846986704"
"MT","2010","N14 B_Industry","NMVOC","Gg","0.15662701194503"
"MT","2010","N14 C_OtherStatComb","NMVOC","Gg","0.0202830830211313"
"MT","2010","N14 D_Fugitive","NMVOC","Gg","0.146"
"MT","2010","N14 E_Solvents","NMVOC","Gg","0.4976904"
"MT","2010","N14 F_RoadTransport","NMVOC","Gg","1.5818840873802"
"MT","2010","N14 G_Shipping","NMVOC","Gg","0.000119118868234971"
"MT","2010","N14 H_Aviation","NMVOC","Gg","0.03347744"
"MT","2010","N14 I_Offroad","NMVOC","Gg","0.0148"
"MT","2010","N14 J_Waste","NMVOC","Gg","0.380377035095223"
"MT","2010","N14 K_AgriLivestock","NMVOC","Gg","0.489663865809802"
"MT","2010","N14 L_AgriOther","NMVOC","Gg","0.000312655845957447"
"MT","2010","N14 M_Other","NMVOC","Gg","0.00348"
"MT","2010","N14 O_AviCruise","NMVOC","Gg","0.0080516875"
"MT","2010","N14 P_IntShipping","NMVOC","Gg","9.2986251720922e-12"
"SI","1998","N14 A_PublicPower","NMVOC","Gg","0.0868721781741"
"SI","1998","N14 B_Industry","NMVOC","Gg","4.27214164434215"
"SI","1998","N14 C_OtherStatComb","NMVOC","Gg","6.3530041709171"
"SI","1998","N14 D_Fugitive","NMVOC","Gg","4.5749713009573"
"SI","1998","N14 E_Solvents","NMVOC","Gg","12.855197621"
"SI","1998","N14 F_RoadTransport","NMVOC","Gg","19.8020849762678"
"SI","1998","N14 G_Shipping","NMVOC","Gg","0"
"SI","1998","N14 H_Aviation","NMVOC","Gg","0.04702175"
"SI","1998","N14 I_Offroad","NMVOC","Gg","2.8396636960579"
"SI","1998","N14 J_Waste","NMVOC","Gg","1.19022877596677"
"SI","1998","N14 K_AgriLivestock","NMVOC","Gg","5.26054612391561"
"SI","1998","N14 L_AgriOther","NMVOC","Gg","0.0200657936798474"
"SI","1998","N14 M_Other","NMVOC","Gg","0"
"SI","1998","N14 O_AviCruise","NMVOC","Gg","0"
"SI","1998","N14 P_IntShipping","NMVOC","Gg","0"
"SI","1998","N14 N_Natural","NMVOC","Gg","0"
"SI","1998","N14 z_Memo","NMVOC","Gg","0.00018648"
"CA","2004","N14 A_PublicPower","NMVOC","Gg","3.51227694790358"
"CA","2004","N14 B_Industry","NMVOC","Gg","223.200767687437"
"CA","2004","N14 C_OtherStatComb","NMVOC","Gg","264.634124103657"
"CA","2004","N14 D_Fugitive","NMVOC","Gg","691.421579651603"
"CA","2004","N14 E_Solvents","NMVOC","Gg","369.646352488785"
"CA","2004","N14 F_RoadTransport","NMVOC","Gg","299.539080984259"
"CA","2004","N14 G_Shipping","NMVOC","Gg","8.39162621583359"
"CA","2004","N14 H_Aviation","NMVOC","Gg","1.85342999587996"
"CA","2004","N14 I_Offroad","NMVOC","Gg","467.063564007709"
"CA","2004","N14 J_Waste","NMVOC","Gg","14.9970406653818"
"CA","2004","N14 K_AgriLivestock","NMVOC","Gg","124.410237024901"
"CA","2004","N14 L_AgriOther","NMVOC","Gg","2.24618196832068"
"CA","2004","N14 M_Other","NMVOC","Gg","1.85944206852085"
"CA","2004","N14 O_AviCruise","NMVOC","Gg","3.43471492974932"
"CA","2004","N14 P_IntShipping","NMVOC","Gg","0"
"CA","2004","N14 N_Natural","NMVOC","Gg","0"
"CA","2004","N14 z_Memo","NMVOC","Gg","0"
"BG","1992","N14 A_PublicPower","NMVOC","Gg","0.05941409"
"BG","1992","N14 B_Industry","NMVOC","Gg","10.361823783"
"BG","1992","N14 C_OtherStatComb","NMVOC","Gg","18.676652099"
"BG","1992","N14 D_Fugitive","NMVOC","Gg","19.136597116"
"BG","1992","N14 E_Solvents","NMVOC","Gg","394.7575188875"
"BG","1992","N14 F_RoadTransport","NMVOC","Gg","37.7659270317493"
"BG","1992","N14 G_Shipping","NMVOC","Gg","0.7464"
"BG","1992","N14 H_Aviation","NMVOC","Gg","0.0206864"
"BG","1992","N14 I_Offroad","NMVOC","Gg","2.0444097573568"
"BG","1992","N14 J_Waste","NMVOC","Gg","12.2125094823585"
"BG","1992","N14 K_AgriLivestock","NMVOC","Gg","22.1844408800692"
"BG","1992","N14 L_AgriOther","NMVOC","Gg","3.16227679052416"
"BG","1992","N14 M_Other","NMVOC","Gg","0"
"BG","1992","N14 O_AviCruise","NMVOC","Gg","0.139885714285714"
"BG","1992","N14 P_IntShipping","NMVOC","Gg","0"
"HU","2008","N14 A_PublicPower","NMVOC","Gg","2.9195056635602"
"HU","2008","N14 B_Industry","NMVOC","Gg","12.870874769719"
"HU","2008","N14 C_OtherStatComb","NMVOC","Gg","22.36657727"
"HU","2008","N14 D_Fugitive","NMVOC","Gg","3.36378522375641"
"HU","2008","N14 E_Solvents","NMVOC","Gg","46.6270842805108"
"HU","2008","N14 F_RoadTransport","NMVOC","Gg","31.0937819344122"
"HU","2008","N14 G_Shipping","NMVOC","Gg","0.0205333333333333"
"HU","2008","N14 H_Aviation","NMVOC","Gg","0.00416866179614"
"HU","2008","N14 I_Offroad","NMVOC","Gg","2.2475012038594"
"HU","2008","N14 J_Waste","NMVOC","Gg","2.32657824911158"
"HU","2008","N14 K_AgriLivestock","NMVOC","Gg","22.1350512955876"
"HU","2008","N14 L_AgriOther","NMVOC","Gg","3.65941094"
"HU","2008","N14 M_Other","NMVOC","Gg","0"
"HU","2008","N14 O_AviCruise","NMVOC","Gg","0.0103820235851885"
"HU","2008","N14 P_IntShipping","NMVOC","Gg","0"
"HU","2008","N14 N_Natural","NMVOC","Gg","0"
"HU","2008","N14 z_Memo","NMVOC","Gg","0"
"AZ","2001","N14 A_PublicPower","NMVOC","Gg","0.420035616"
"AZ","2001","N14 B_Industry","NMVOC","Gg","0.00069"
"AZ","2001","N14 C_OtherStatComb","NMVOC","Gg","0"
"AZ","2001","N14 D_Fugitive","NMVOC","Gg","5.0978"
"AZ","2001","N14 E_Solvents","NMVOC","Gg","21.90861"
"AZ","2001","N14 F_RoadTransport","NMVOC","Gg","7.746675958"
"AZ","2001","N14 G_Shipping","NMVOC","Gg","0"
"AZ","2001","N14 H_Aviation","NMVOC","Gg","0"
"AZ","2001","N14 I_Offroad","NMVOC","Gg","0"
"AZ","2001","N14 J_Waste","NMVOC","Gg","0"
"AZ","2001","N14 K_AgriLivestock","NMVOC","Gg","18.445404"
"AZ","2001","N14 L_AgriOther","NMVOC","Gg","0.9996081"
"AZ","2001","N14 M_Other","NMVOC","Gg","0"
"AZ","2001","N14 O_AviCruise","NMVOC","Gg","0"
"AZ","2001","N14 P_IntShipping","NMVOC","Gg","0"
"AZ","2001","N14 N_Natural","NMVOC","Gg","0"
"AZ","2001","N14 z_Memo","NMVOC","Gg","4.61744"
"MK","2004","N14 A_PublicPower","NMVOC","Gg","0.075938463002428"
"MK","2004","N14 B_Industry","NMVOC","Gg","1.54463317922392"
"MK","2004","N14 C_OtherStatComb","NMVOC","Gg","10.0648717587655"
"MK","2004","N14 D_Fugitive","NMVOC","Gg","2.42238909371544"
"MK","2004","N14 E_Solvents","NMVOC","Gg","7.41483753959975"
"MK","2004","N14 F_RoadTransport","NMVOC","Gg","9.915450775"
"MK","2004","N14 G_Shipping","NMVOC","Gg","1.75306510576702e-05"
"MK","2004","N14 H_Aviation","NMVOC","Gg","0.00247851837251646"
"MK","2004","N14 I_Offroad","NMVOC","Gg","0.754005352402145"
"MK","2004","N14 J_Waste","NMVOC","Gg","2.16573009312324"
"MK","2004","N14 K_AgriLivestock","NMVOC","Gg","3.61639238694687"
"MK","2004","N14 L_AgriOther","NMVOC","Gg","1.0879"
"MK","2004","N14 M_Other","NMVOC","Gg","0"
"MK","2004","N14 O_AviCruise","NMVOC","Gg","0.168761467569101"
"MK","2004","N14 P_IntShipping","NMVOC","Gg","0"
"MK","2004","N14 N_Natural","NMVOC","Gg","0.5394"
"MK","2004","N14 z_Memo","NMVOC","Gg","0"
"HR","2003","N14 A_PublicPower","NMVOC","Gg","0.3280755529"
"HR","2003","N14 B_Industry","NMVOC","Gg","8.91317920508979"
"HR","2003","N14 C_OtherStatComb","NMVOC","Gg","25.7868144471513"
"HR","2003","N14 D_Fugitive","NMVOC","Gg","5.4732529906998"
"HR","2003","N14 E_Solvents","NMVOC","Gg","31.3577217875"
"HR","2003","N14 F_RoadTransport","NMVOC","Gg","22.3075691954344"
"HR","2003","N14 G_Shipping","NMVOC","Gg","0.285606990288"
"HR","2003","N14 H_Aviation","NMVOC","Gg","0.0290063706"
"HR","2003","N14 I_Offroad","NMVOC","Gg","2.56746826140875"
"HR","2003","N14 J_Waste","NMVOC","Gg","2.56781696084"
"HR","2003","N14 K_AgriLivestock","NMVOC","Gg","8.72303915062"
"HR","2003","N14 L_AgriOther","NMVOC","Gg","1.02833124"
"HR","2003","N14 M_Other","NMVOC","Gg","0"
"HR","2003","N14 O_AviCruise","NMVOC","Gg","0.02629697742"
"HR","2003","N14 P_IntShipping","NMVOC","Gg","0.06055984632"
"HR","2003","N14 N_Natural","NMVOC","Gg","2.481"
"HR","2003","N14 z_Memo","NMVOC","Gg","0"
"LV","2002","N14 A_PublicPower","NMVOC","Gg","0.124726217405238"
"LV","2002","N14 B_Industry","NMVOC","Gg","3.77155811444076"
"LV","2002","N14 C_OtherStatComb","NMVOC","Gg","14.726785315932"
"LV","2002","N14 D_Fugitive","NMVOC","Gg","2.51962581818182"
"LV","2002","N14 E_Solvents","NMVOC","Gg","8.29852880759794"
"LV","2002","N14 F_RoadTransport","NMVOC","Gg","11.7030542102011"
"LV","2002","N14 G_Shipping","NMVOC","Gg","0.0152265848533815"
"LV","2002","N14 H_Aviation","NMVOC","Gg","0.0290071175387271"
"LV","2002","N14 I_Offroad","NMVOC","Gg","1.2132981868675"
"LV","2002","N14 J_Waste","NMVOC","Gg","1.030005282845"
"LV","2002","N14 K_AgriLivestock","NMVOC","Gg","5.79713825386117"
"LV","2002","N14 L_AgriOther","NMVOC","Gg","1.147436"
"LV","2002","N14 M_Other","NMVOC","Gg","0"
"LV","2002","N14 O_AviCruise","NMVOC","Gg","0.0307557155612729"
"LV","2002","N14 P_IntShipping","NMVOC","Gg","0.5701"
"LV","2002","N14 N_Natural","NMVOC","Gg","1.182"
"LV","2002","N14 z_Memo","NMVOC","Gg","0"
"LI","1996","N14 A_PublicPower","NMVOC","Gg","0.000150615300096"
"LI","1996","N14 B_Industry","NMVOC","Gg","0.0224935874967882"
"LI","1996","N14 C_OtherStatComb","NMVOC","Gg","0.00809527609049625"
"LI","1996","N14 D_Fugitive","NMVOC","Gg","0.01704783"
"LI","1996","N14 E_Solvents","NMVOC","Gg","0.383462050886424"
"LI","1996","N14 F_RoadTransport","NMVOC","Gg","0.141838258959353"
"LI","1996","N14 G_Shipping","NMVOC","Gg","0"
"LI","1996","N14 H_Aviation","NMVOC","Gg","7.255e-06"
"LI","1996","N14 I_Offroad","NMVOC","Gg","0.025320518188866"
"LI","1996","N14 J_Waste","NMVOC","Gg","0.00504572932549677"
"LI","1996","N14 K_AgriLivestock","NMVOC","Gg","0.057616398"
"LI","1996","N14 L_AgriOther","NMVOC","Gg","3.638375e-14"
"LI","1996","N14 M_Other","NMVOC","Gg","0"
"CZ","1996","N14 A_PublicPower","NMVOC","Gg","6.975297941"
"CZ","1996","N14 B_Industry","NMVOC","Gg","8.298917045"
"CZ","1996","N14 C_OtherStatComb","NMVOC","Gg","127.582745263855"
"CZ","1996","N14 D_Fugitive","NMVOC","Gg","19.30586964"
"CZ","1996","N14 E_Solvents","NMVOC","Gg","119.436765322968"
"CZ","1996","N14 F_RoadTransport","NMVOC","Gg","67.6910814596647"
"CZ","1996","N14 G_Shipping","NMVOC","Gg","0.074958048"
"CZ","1996","N14 H_Aviation","NMVOC","Gg","0.042841"
"CZ","1996","N14 I_Offroad","NMVOC","Gg","7.95950480666667"
"CZ","1996","N14 J_Waste","NMVOC","Gg","0.0200818999714648"
"CZ","1996","N14 K_AgriLivestock","NMVOC","Gg","0"
"CZ","1996","N14 L_AgriOther","NMVOC","Gg","0"
"CZ","1996","N14 M_Other","NMVOC","Gg","0"
"CZ","1996","N14 O_AviCruise","NMVOC","Gg","0.277449000000001"
"CZ","1996","N14 P_IntShipping","NMVOC","Gg","0"
"CZ","1996","N14 N_Natural","NMVOC","Gg","0.965"
"CZ","1996","N14 z_Memo","NMVOC","Gg","68.4179146476646"
"MT","2016","N14 A_PublicPower","NMVOC","Gg","0.0199808799160345"
"MT","2016","N14 B_Industry","NMVOC","Gg","0.180538570277074"
"MT","2016","N14 C_OtherStatComb","NMVOC","Gg","0.028802665412373"
"MT","2016","N14 D_Fugitive","NMVOC","Gg","0.154"
"MT","2016","N14 E_Solvents","NMVOC","Gg","0.5465452"
"MT","2016","N14 F_RoadTransport","NMVOC","Gg","0.948709436786666"
"MT","2016","N14 G_Shipping","NMVOC","Gg","0.0166341166942216"
"MT","2016","N14 H_Aviation","NMVOC","Gg","0.03828821"
"MT","2016","N14 I_Offroad","NMVOC","Gg","0.0002966517968544"
"MT","2016","N14 J_Waste","NMVOC","Gg","0.41957345888"
"MT","2016","N14 K_AgriLivestock","NMVOC","Gg","0.416380795599637"
"MT","2016","N14 L_AgriOther","NMVOC","Gg","0.000343780296025268"
"MT","2016","N14 M_Other","NMVOC","Gg","0.003666"
"MT","2016","N14 O_AviCruise","NMVOC","Gg","0.007503908"
"MT","2016","N14 P_IntShipping","NMVOC","Gg","1.00437124741486e-11"
"ES","2015","N14 A_PublicPower","NMVOC","Gg","4.34988627116365"
"ES","2015","N14 B_Industry","NMVOC","Gg","75.6855583834831"
"ES","2015","N14 C_OtherStatComb","NMVOC","Gg","42.208176332"
"ES","2015","N14 D_Fugitive","NMVOC","Gg","27.9392938866178"
"ES","2015","N14 E_Solvents","NMVOC","Gg","259.77309058565"
"ES","2015","N14 F_RoadTransport","NMVOC","Gg","23.365626317"
"ES","2015","N14 G_Shipping","NMVOC","Gg","0.703451029"
"ES","2015","N14 H_Aviation","NMVOC","Gg","0.679351921489269"
"ES","2015","N14 I_Offroad","NMVOC","Gg","7.848736479"
"ES","2015","N14 J_Waste","NMVOC","Gg","6.20965617085434"
"ES","2015","N14 K_AgriLivestock","NMVOC","Gg","54.274888928"
"ES","2015","N14 L_AgriOther","NMVOC","Gg","85.271281931"
"ES","2015","N14 M_Other","NMVOC","Gg","0"
"ES","2015","N14 O_AviCruise","NMVOC","Gg","1.2807009488472"
"ES","2015","N14 P_IntShipping","NMVOC","Gg","17.589639401"
"ES","2015","N14 N_Natural","NMVOC","Gg","0"
"ES","2015","N14 z_Memo","NMVOC","Gg","0"
"FI","1983","N14 A_PublicPower","NMVOC","Gg","0"
"FI","1983","N14 B_Industry","NMVOC","Gg","0"
"FI","1983","N14 C_OtherStatComb","NMVOC","Gg","0"
"FI","1983","N14 D_Fugitive","NMVOC","Gg","0"
"FI","1983","N14 E_Solvents","NMVOC","Gg","0"
"FI","1983","N14 F_RoadTransport","NMVOC","Gg","61.6018609517675"
"FI","1983","N14 G_Shipping","NMVOC","Gg","9.639"
"FI","1983","N14 H_Aviation","NMVOC","Gg","0.0629347122835183"
"FI","1983","N14 I_Offroad","NMVOC","Gg","17.653087946232"
"FI","1983","N14 J_Waste","NMVOC","Gg","0"
"FI","1983","N14 K_AgriLivestock","NMVOC","Gg","16.1152498664467"
"FI","1983","N14 L_AgriOther","NMVOC","Gg","4.8948108691964"
"FI","1983","N14 M_Other","NMVOC","Gg","0"
"FI","1983","N14 O_AviCruise","NMVOC","Gg","0.0966004617493196"
"FI","1983","N14 P_IntShipping","NMVOC","Gg","0"
"FI","1983","N14 N_Natural","NMVOC","Gg","0"
"FI","1983","N14 z_Memo","NMVOC","Gg","0"
"BY","2016","N14 A_PublicPower","NMVOC","Gg","1.095"
"BY","2016","N14 B_Industry","NMVOC","Gg","3.318"
"BY","2016","N14 C_OtherStatComb","NMVOC","Gg","15.142"
"BY","2016","N14 D_Fugitive","NMVOC","Gg","43.978"
"BY","2016","N14 E_Solvents","NMVOC","Gg","57.946"
"BY","2016","N14 F_RoadTransport","NMVOC","Gg","113.194"
"BY","2016","N14 G_Shipping","NMVOC","Gg","0.005"
"BY","2016","N14 H_Aviation","NMVOC","Gg","0"
"BY","2016","N14 I_Offroad","NMVOC","Gg","50.141"
"BY","2016","N14 J_Waste","NMVOC","Gg","5.805"
"BY","2016","N14 K_AgriLivestock","NMVOC","Gg","0.048"
"BY","2016","N14 L_AgriOther","NMVOC","Gg","0"
"BY","2016","N14 M_Other","NMVOC","Gg","0"
"BY","2016","N14 O_AviCruise","NMVOC","Gg","0.623"
"BY","2016","N14 P_IntShipping","NMVOC","Gg","0"
"BY","2016","N14 N_Natural","NMVOC","Gg","0"
"BY","2016","N14 z_Memo","NMVOC","Gg","0"
"CY","2001","N14 A_PublicPower","NMVOC","Gg","0.086070270663"
"CY","2001","N14 B_Industry","NMVOC","Gg","1.13562969925"
"CY","2001","N14 C_OtherStatComb","NMVOC","Gg","0.0485429419637112"
"CY","2001","N14 D_Fugitive","NMVOC","Gg","1.19658777048795"
"CY","2001","N14 E_Solvents","NMVOC","Gg","9.1988858237172"
"CY","2001","N14 F_RoadTransport","NMVOC","Gg","5.01749142056606"
"CY","2001","N14 G_Shipping","NMVOC","Gg","0.00232603594499277"
"CY","2001","N14 H_Aviation","NMVOC","Gg","0.0200622632463613"
"CY","2001","N14 I_Offroad","NMVOC","Gg","0.0835197139497682"
"CY","2001","N14 J_Waste","NMVOC","Gg","0.690860015948916"
"CY","2001","N14 K_AgriLivestock","NMVOC","Gg","1.14508630326266"
"CY","2001","N14 L_AgriOther","NMVOC","Gg","0.05569015"
"CY","2001","N14 M_Other","NMVOC","Gg","0"
"CY","2001","N14 O_AviCruise","NMVOC","Gg","0"
"CY","2001","N14 P_IntShipping","NMVOC","Gg","0.113183290352146"
"CY","2001","N14 N_Natural","NMVOC","Gg","0"
"CY","2001","N14 z_Memo","NMVOC","Gg","5.03987971975742"
"EU15","2014","N14 A_PublicPower","NMVOC","Gg","28.621538112659"
"EU15","2014","N14 B_Industry","NMVOC","Gg","463.037581820466"
"EU15","2014","N14 C_OtherStatComb","NMVOC","Gg","549.529758606148"
"EU15","2014","N14 D_Fugitive","NMVOC","Gg","386.821727087635"
"EU15","2014","N14 E_Solvents","NMVOC","Gg","2164.9017101212"
"EU15","2014","N14 F_RoadTransport","NMVOC","Gg","469.633833553617"
"EU15","2014","N14 G_Shipping","NMVOC","Gg","46.5508704901208"
"EU15","2014","N14 H_Aviation","NMVOC","Gg","7.28902634742305"
"EU15","2014","N14 I_Offroad","NMVOC","Gg","138.787016340028"
"EU15","2014","N14 J_Waste","NMVOC","Gg","39.7848268469718"
"EU15","2014","N14 K_AgriLivestock","NMVOC","Gg","675.206055717792"
"EU15","2014","N14 L_AgriOther","NMVOC","Gg","191.513398148323"
"EU15","2014","N14 M_Other","NMVOC","Gg","1.922695197885"
"EU15","2014","N14 O_AviCruise","NMVOC","Gg","10.8169486996914"
"EU15","2014","N14 P_IntShipping","NMVOC","Gg","48.518936701019"
"EU15","2014","N14 N_Natural","NMVOC","Gg","2153.25974283285"
"EU15","2014","N14 z_Memo","NMVOC","Gg","1512.63191509104"
"MD","2005","N14 A_PublicPower","NMVOC","Gg","0.1504654456"
"MD","2005","N14 B_Industry","NMVOC","Gg","5.3801986"
"MD","2005","N14 C_OtherStatComb","NMVOC","Gg","2.9028420194"
"MD","2005","N14 D_Fugitive","NMVOC","Gg","0"
"MD","2005","N14 E_Solvents","NMVOC","Gg","23.08352"
"MD","2005","N14 F_RoadTransport","NMVOC","Gg","2.91117237639"
"MD","2005","N14 G_Shipping","NMVOC","Gg","0.0002856"
"MD","2005","N14 H_Aviation","NMVOC","Gg","0.000684"
"MD","2005","N14 K_AgriLivestock","NMVOC","Gg","11.383259842"
"MD","2005","N14 L_AgriOther","NMVOC","Gg","1.39793241987"
"DE","2011","N14 A_PublicPower","NMVOC","Gg","12.1681154292063"
"DE","2011","N14 B_Industry","NMVOC","Gg","44.1258766734249"
"DE","2011","N14 C_OtherStatComb","NMVOC","Gg","46.5820638502215"
"DE","2011","N14 D_Fugitive","NMVOC","Gg","74.7573044938051"
"DE","2011","N14 E_Solvents","NMVOC","Gg","620.338306995403"
"DE","2011","N14 F_RoadTransport","NMVOC","Gg","111.444967890553"
"DE","2011","N14 G_Shipping","NMVOC","Gg","1.15058345267033"
"DE","2011","N14 H_Aviation","NMVOC","Gg","0.938531005223203"
"DE","2011","N14 I_Offroad","NMVOC","Gg","35.2627865785363"
"DE","2011","N14 J_Waste","NMVOC","Gg","0.154934560000005"
"DE","2011","N14 K_AgriLivestock","NMVOC","Gg","191.699045781816"
"DE","2011","N14 L_AgriOther","NMVOC","Gg","8.99243068591546"
"DE","2011","N14 M_Other","NMVOC","Gg","0"
"DE","2011","N14 O_AviCruise","NMVOC","Gg","1.60292916692035"
"DE","2011","N14 P_IntShipping","NMVOC","Gg","3.92210672162656"
"DE","2011","N14 N_Natural","NMVOC","Gg","0.09278898974"
"DE","2011","N14 z_Memo","NMVOC","Gg","0"
"NO","2003","N14 A_PublicPower","NMVOC","Gg","0.6986799939"
"NO","2003","N14 B_Industry","NMVOC","Gg","7.4656497983"
"NO","2003","N14 C_OtherStatComb","NMVOC","Gg","9.940589616"
"NO","2003","N14 D_Fugitive","NMVOC","Gg","190.6041686407"
"NO","2003","N14 E_Solvents","NMVOC","Gg","49.9880586049"
"NO","2003","N14 F_RoadTransport","NMVOC","Gg","24.1384802051"
"NO","2003","N14 G_Shipping","NMVOC","Gg","3.1432369449"
"NO","2003","N14 H_Aviation","NMVOC","Gg","0.371322633"
"NO","2003","N14 I_Offroad","NMVOC","Gg","27.8293590343"
"NO","2003","N14 J_Waste","NMVOC","Gg","1.1591416615"
"NO","2003","N14 K_AgriLivestock","NMVOC","Gg","10.1845628001"
"NO","2003","N14 L_AgriOther","NMVOC","Gg","0.7947045853"
"NO","2003","N14 M_Other","NMVOC","Gg","0"
"NO","2003","N14 O_AviCruise","NMVOC","Gg","1.3278584693"
"NO","2003","N14 P_IntShipping","NMVOC","Gg","0.3908062987"
"NO","2003","N14 N_Natural","NMVOC","Gg","0"
"NO","2003","N14 z_Memo","NMVOC","Gg","28.938585218"
"MD","1994","N14 A_PublicPower","NMVOC","Gg","0.2206724962"
"MD","1994","N14 B_Industry","NMVOC","Gg","6.461337278"
"MD","1994","N14 C_OtherStatComb","NMVOC","Gg","4.34371704"
"MD","1994","N14 D_Fugitive","NMVOC","Gg","0"
"MD","1994","N14 E_Solvents","NMVOC","Gg","14.80836"
"MD","1994","N14 F_RoadTransport","NMVOC","Gg","2.59395117831773"
"MD","1994","N14 G_Shipping","NMVOC","Gg","0.0001652"
"MD","1994","N14 H_Aviation","NMVOC","Gg","0"
"MD","1994","N14 K_AgriLivestock","NMVOC","Gg","17.022156428"
"MD","1994","N14 L_AgriOther","NMVOC","Gg","1.475344311565"
"PT","1994","N14 A_PublicPower","NMVOC","Gg","0.342888557036604"
"PT","1994","N14 B_Industry","NMVOC","Gg","19.0014975933804"
"PT","1994","N14 C_OtherStatComb","NMVOC","Gg","25.8729987511809"
"PT","1994","N14 D_Fugitive","NMVOC","Gg","12.2007785525848"
"PT","1994","N14 E_Solvents","NMVOC","Gg","79.8153911832954"
"PT","1994","N14 F_RoadTransport","NMVOC","Gg","93.4367921739533"
"PT","1994","N14 G_Shipping","NMVOC","Gg","0.214216382042898"
"PT","1994","N14 H_Aviation","NMVOC","Gg","1.15304761868289"
"PT","1994","N14 I_Offroad","NMVOC","Gg","1.39712270674465"
"PT","1994","N14 J_Waste","NMVOC","Gg","1.63004699495547"
"PT","1994","N14 K_AgriLivestock","NMVOC","Gg","9.97035458721187"
"PT","1994","N14 L_AgriOther","NMVOC","Gg","7.74302072652323"
"PT","1994","N14 M_Other","NMVOC","Gg","0"
"PT","1994","N14 O_AviCruise","NMVOC","Gg","0.328036189613033"
"PT","1994","N14 P_IntShipping","NMVOC","Gg","0.931948075163032"
"PT","1994","N14 N_Natural","NMVOC","Gg","550.979126322997"
"PT","1994","N14 z_Memo","NMVOC","Gg","0"
"CA","2001","N14 A_PublicPower","NMVOC","Gg","3.83950125363709"
"CA","2001","N14 B_Industry","NMVOC","Gg","251.283940785275"
"CA","2001","N14 C_OtherStatComb","NMVOC","Gg","292.706089272119"
"CA","2001","N14 D_Fugitive","NMVOC","Gg","689.236540466555"
"CA","2001","N14 E_Solvents","NMVOC","Gg","381.379725748321"
"CA","2001","N14 F_RoadTransport","NMVOC","Gg","355.759352983027"
"CA","2001","N14 G_Shipping","NMVOC","Gg","7.76988445799554"
"CA","2001","N14 H_Aviation","NMVOC","Gg","2.35881154760039"
"CA","2001","N14 I_Offroad","NMVOC","Gg","482.412156124056"
"CA","2001","N14 J_Waste","NMVOC","Gg","14.5682147271902"
"CA","2001","N14 K_AgriLivestock","NMVOC","Gg","119.781302239806"
"CA","2001","N14 L_AgriOther","NMVOC","Gg","2.29009839034297"
"CA","2001","N14 M_Other","NMVOC","Gg","3.54813110465055"
"CA","2001","N14 O_AviCruise","NMVOC","Gg","3.29406582903799"
"CA","2001","N14 P_IntShipping","NMVOC","Gg","0"
"CA","2001","N14 N_Natural","NMVOC","Gg","0"
"CA","2001","N14 z_Memo","NMVOC","Gg","0"
"LU","1991","N14 A_PublicPower","NMVOC","Gg","0.00120050687371327"
"LU","1991","N14 B_Industry","NMVOC","Gg","0.725957534336734"
"LU","1991","N14 C_OtherStatComb","NMVOC","Gg","0.632743756205695"
"LU","1991","N14 D_Fugitive","NMVOC","Gg","0.679902609051247"
"LU","1991","N14 E_Solvents","NMVOC","Gg","5.00988299279911"
"LU","1991","N14 F_RoadTransport","NMVOC","Gg","16.8134176720989"
"LU","1991","N14 G_Shipping","NMVOC","Gg","0.025917380834823"
"LU","1991","N14 H_Aviation","NMVOC","Gg","0.0145601710344828"
"LU","1991","N14 I_Offroad","NMVOC","Gg","0.515093758606728"
"LU","1991","N14 J_Waste","NMVOC","Gg","0.0329214000723689"
"LU","1991","N14 K_AgriLivestock","NMVOC","Gg","3.20387499767699"
"LU","1991","N14 L_AgriOther","NMVOC","Gg","0.10790334"
"LU","1991","N14 M_Other","NMVOC","Gg","0"
"LU","1991","N14 O_AviCruise","NMVOC","Gg","0.0253133786943473"
"LU","1991","N14 P_IntShipping","NMVOC","Gg","0"
"LU","1991","N14 N_Natural","NMVOC","Gg","0"
"LU","1991","N14 z_Memo","NMVOC","Gg","6.48626415471507"
"LT","1998","N14 A_PublicPower","NMVOC","Gg","0.3159995"
"LT","1998","N14 B_Industry","NMVOC","Gg","0.302436138955362"
"LT","1998","N14 C_OtherStatComb","NMVOC","Gg","11.2780398986"
"LT","1998","N14 D_Fugitive","NMVOC","Gg","6.79078108127408"
"LT","1998","N14 E_Solvents","NMVOC","Gg","18.6337131024198"
"LT","1998","N14 F_RoadTransport","NMVOC","Gg","20.758648832"
"LT","1998","N14 G_Shipping","NMVOC","Gg","0.00973401773215119"
"LT","1998","N14 H_Aviation","NMVOC","Gg","0.002109"
"LT","1998","N14 I_Offroad","NMVOC","Gg","3.95616866488155"
"LT","1998","N14 J_Waste","NMVOC","Gg","2.31418399558888"
"LT","1998","N14 K_AgriLivestock","NMVOC","Gg","13.6592328360294"
"LT","1998","N14 L_AgriOther","NMVOC","Gg","0"
"LT","1998","N14 M_Other","NMVOC","Gg","0"
"LT","1998","N14 P_IntShipping","NMVOC","Gg","0.14"
"LT","1998","N14 N_Natural","NMVOC","Gg","0.04665"
"DK","2003","N14 A_PublicPower","NMVOC","Gg","3.24598877382872"
"DK","2003","N14 B_Industry","NMVOC","Gg","4.33459656931698"
"DK","2003","N14 C_OtherStatComb","NMVOC","Gg","15.2564191117462"
"DK","2003","N14 D_Fugitive","NMVOC","Gg","16.449364605916"
"DK","2003","N14 E_Solvents","NMVOC","Gg","33.3532622980227"
"DK","2003","N14 F_RoadTransport","NMVOC","Gg","31.8491722543608"
"DK","2003","N14 G_Shipping","NMVOC","Gg","0.509417000023017"
"DK","2003","N14 H_Aviation","NMVOC","Gg","0.196948995964102"
"DK","2003","N14 I_Offroad","NMVOC","Gg","8.3112871309094"
"DK","2003","N14 J_Waste","NMVOC","Gg","0.536888339312115"
"DK","2003","N14 K_AgriLivestock","NMVOC","Gg","35.1915253623598"
"DK","2003","N14 L_AgriOther","NMVOC","Gg","1.4660813525"
"DK","2003","N14 M_Other","NMVOC","Gg","0"
"DK","2003","N14 O_AviCruise","NMVOC","Gg","0.127303180772731"
"DK","2003","N14 P_IntShipping","NMVOC","Gg","2.12925944904761"
"DK","2003","N14 N_Natural","NMVOC","Gg","0"
"DK","2003","N14 z_Memo","NMVOC","Gg","0"
"DK","1994","N14 A_PublicPower","NMVOC","Gg","1.68580633806104"
"DK","1994","N14 B_Industry","NMVOC","Gg","5.26208052963378"
"DK","1994","N14 C_OtherStatComb","NMVOC","Gg","15.8613680948273"
"DK","1994","N14 D_Fugitive","NMVOC","Gg","11.8376762318474"
"DK","1994","N14 E_Solvents","NMVOC","Gg","47.5409808556486"
"DK","1994","N14 F_RoadTransport","NMVOC","Gg","62.2774219337869"
"DK","1994","N14 G_Shipping","NMVOC","Gg","0.464741441082365"
"DK","1994","N14 H_Aviation","NMVOC","Gg","0.231272332371071"
"DK","1994","N14 I_Offroad","NMVOC","Gg","10.0101846272719"
"DK","1994","N14 J_Waste","NMVOC","Gg","1.48048419236647"
"DK","1994","N14 K_AgriLivestock","NMVOC","Gg","36.7780352767356"
"DK","1994","N14 L_AgriOther","NMVOC","Gg","1.446393155625"
"DK","1994","N14 M_Other","NMVOC","Gg","0"
"DK","1994","N14 O_AviCruise","NMVOC","Gg","0.120562179264636"
"DK","1994","N14 P_IntShipping","NMVOC","Gg","3.31802885264225"
"DK","1994","N14 N_Natural","NMVOC","Gg","0"
"DK","1994","N14 z_Memo","NMVOC","Gg","0"
"CA","2003","N14 A_PublicPower","NMVOC","Gg","3.80248465366112"
"CA","2003","N14 B_Industry","NMVOC","Gg","237.574948508437"
"CA","2003","N14 C_OtherStatComb","NMVOC","Gg","272.736122991304"
"CA","2003","N14 D_Fugitive","NMVOC","Gg","701.997624503197"
"CA","2003","N14 E_Solvents","NMVOC","Gg","375.653751935397"
"CA","2003","N14 F_RoadTransport","NMVOC","Gg","315.402999642961"
"CA","2003","N14 G_Shipping","NMVOC","Gg","8.1843789632209"
"CA","2003","N14 H_Aviation","NMVOC","Gg","1.99620866659666"
"CA","2003","N14 I_Offroad","NMVOC","Gg","452.155453679537"
"CA","2003","N14 J_Waste","NMVOC","Gg","14.8184255337235"
"CA","2003","N14 K_AgriLivestock","NMVOC","Gg","120.477931752663"
"CA","2003","N14 L_AgriOther","NMVOC","Gg","2.03569714839604"
"CA","2003","N14 M_Other","NMVOC","Gg","12.7064080821984"
"CA","2003","N14 O_AviCruise","NMVOC","Gg","3.10463944586855"
"CA","2003","N14 P_IntShipping","NMVOC","Gg","0"
"CA","2003","N14 N_Natural","NMVOC","Gg","0"
"CA","2003","N14 z_Memo","NMVOC","Gg","0"
"SI","1984","N14 A_PublicPower","NMVOC","Gg","0"
"SI","1984","N14 B_Industry","NMVOC","Gg","0"
"SI","1984","N14 C_OtherStatComb","NMVOC","Gg","0"
"SI","1984","N14 D_Fugitive","NMVOC","Gg","0"
"SI","1984","N14 E_Solvents","NMVOC","Gg","0"
"SI","1984","N14 F_RoadTransport","NMVOC","Gg","0"
"SI","1984","N14 G_Shipping","NMVOC","Gg","0"
"SI","1984","N14 H_Aviation","NMVOC","Gg","0"
"SI","1984","N14 I_Offroad","NMVOC","Gg","0"
"SI","1984","N14 J_Waste","NMVOC","Gg","0"
"SI","1984","N14 K_AgriLivestock","NMVOC","Gg","0"
"SI","1984","N14 L_AgriOther","NMVOC","Gg","0"
"SI","1984","N14 M_Other","NMVOC","Gg","0"
"SI","1984","N14 O_AviCruise","NMVOC","Gg","0"
"SI","1984","N14 P_IntShipping","NMVOC","Gg","0"
"SI","1984","N14 N_Natural","NMVOC","Gg","0"
"SI","1984","N14 z_Memo","NMVOC","Gg","0"
"LU","2009","N14 A_PublicPower","NMVOC","Gg","0.152552291594745"
"LU","2009","N14 B_Industry","NMVOC","Gg","0.59439167568773"
"LU","2009","N14 C_OtherStatComb","NMVOC","Gg","0.469022804492117"
"LU","2009","N14 D_Fugitive","NMVOC","Gg","0.949267293503283"
"LU","2009","N14 E_Solvents","NMVOC","Gg","4.97360457039154"
"LU","2009","N14 F_RoadTransport","NMVOC","Gg","1.86295794385093"
"LU","2009","N14 G_Shipping","NMVOC","Gg","0.0116524991814225"
"LU","2009","N14 H_Aviation","NMVOC","Gg","0.044287946886157"
"LU","2009","N14 I_Offroad","NMVOC","Gg","0.237242576034488"
"LU","2009","N14 J_Waste","NMVOC","Gg","0.024788548729813"
"LU","2009","N14 K_AgriLivestock","NMVOC","Gg","3.02138366294706"
"LU","2009","N14 L_AgriOther","NMVOC","Gg","0.11245532"
"LU","2009","N14 M_Other","NMVOC","Gg","0"
"LU","2009","N14 O_AviCruise","NMVOC","Gg","0.0766306338409042"
"LU","2009","N14 P_IntShipping","NMVOC","Gg","0"
"LU","2009","N14 N_Natural","NMVOC","Gg","0"
"LU","2009","N14 z_Memo","NMVOC","Gg","0.70911969858753"
"DE","1991","N14 A_PublicPower","NMVOC","Gg","6.214311615"
"DE","1991","N14 B_Industry","NMVOC","Gg","88.5671195388197"
"DE","1991","N14 C_OtherStatComb","NMVOC","Gg","266.043135294937"
"DE","1991","N14 D_Fugitive","NMVOC","Gg","196.040792237466"
"DE","1991","N14 E_Solvents","NMVOC","Gg","1175.65905717735"
"DE","1991","N14 F_RoadTransport","NMVOC","Gg","902.842897528871"
"DE","1991","N14 G_Shipping","NMVOC","Gg","3.10278983914453"
"DE","1991","N14 H_Aviation","NMVOC","Gg","1.41149124342777"
"DE","1991","N14 I_Offroad","NMVOC","Gg","65.8316065138674"
"DE","1991","N14 J_Waste","NMVOC","Gg","0.130125508"
"DE","1991","N14 K_AgriLivestock","NMVOC","Gg","240.517951209816"
"DE","1991","N14 L_AgriOther","NMVOC","Gg","7.82699068105547"
"DE","1991","N14 M_Other","NMVOC","Gg","0"
"DE","1991","N14 O_AviCruise","NMVOC","Gg","1.97328527138743"
"DE","1991","N14 P_IntShipping","NMVOC","Gg","2.62479009486815"
"DE","1991","N14 N_Natural","NMVOC","Gg","0.3173912048"
"DE","1991","N14 z_Memo","NMVOC","Gg","0"
"EU27","2015","N14 A_PublicPower","NMVOC","Gg","38.1303808350248"
"EU27","2015","N14 B_Industry","NMVOC","Gg","629.358991798347"
"EU27","2015","N14 C_OtherStatComb","NMVOC","Gg","994.868993728046"
"EU27","2015","N14 D_Fugitive","NMVOC","Gg","486.385823176299"
"EU27","2015","N14 E_Solvents","NMVOC","Gg","2546.40244779153"
"EU27","2015","N14 F_RoadTransport","NMVOC","Gg","601.475069703186"
"EU27","2015","N14 G_Shipping","NMVOC","Gg","46.2138766021811"
"EU27","2015","N14 H_Aviation","NMVOC","Gg","7.61794867017214"
"EU27","2015","N14 I_Offroad","NMVOC","Gg","169.884915788238"
"EU27","2015","N14 J_Waste","NMVOC","Gg","65.9329166105478"
"EU27","2015","N14 K_AgriLivestock","NMVOC","Gg","873.85083500436"
"EU27","2015","N14 L_AgriOther","NMVOC","Gg","218.567745042154"
"EU27","2015","N14 M_Other","NMVOC","Gg","1.943718265406"
"EU27","2015","N14 O_AviCruise","NMVOC","Gg","12.1656898831889"
"EU27","2015","N14 P_IntShipping","NMVOC","Gg","50.2943791035549"
"EU27","2015","N14 N_Natural","NMVOC","Gg","2473.59013638901"
"EU27","2015","N14 z_Memo","NMVOC","Gg","1598.1930398604"
"KZ","2004","N14 C_OtherStatComb","NMVOC","Gg","0"
"KZ","2004","N14 D_Fugitive","NMVOC","Gg","0"
"KZ","2004","N14 E_Solvents","NMVOC","Gg","21.34639008612"
"KZ","2004","N14 F_RoadTransport","NMVOC","Gg","32.3346074431912"
"KZ","2004","N14 G_Shipping","NMVOC","Gg","0.738619701772968"
"KZ","2004","N14 H_Aviation","NMVOC","Gg","0.0256117227031467"
"KZ","2004","N14 I_Offroad","NMVOC","Gg","1.40315477023256"
"KZ","2004","N14 J_Waste","NMVOC","Gg","4.9537368"
"KZ","2004","N14 K_AgriLivestock","NMVOC","Gg","65.908254"
"KZ","2004","N14 L_AgriOther","NMVOC","Gg","15.511304"
"KZ","2004","N14 M_Other","NMVOC","Gg","0"
"KZ","2004","N14 N_Natural","NMVOC","Gg","43.169"
"CY","1991","N14 A_PublicPower","NMVOC","Gg","0.053973339965"
"CY","1991","N14 B_Industry","NMVOC","Gg","0.901014809349462"
"CY","1991","N14 C_OtherStatComb","NMVOC","Gg","0.0577048523530572"
"CY","1991","N14 D_Fugitive","NMVOC","Gg","0.844952077366255"
"CY","1991","N14 E_Solvents","NMVOC","Gg","7.2444219311046"
"CY","1991","N14 F_RoadTransport","NMVOC","Gg","6.81506573129225"
"CY","1991","N14 G_Shipping","NMVOC","Gg","0.00274033725625204"
"CY","1991","N14 H_Aviation","NMVOC","Gg","0.0109112286436123"
"CY","1991","N14 I_Offroad","NMVOC","Gg","0.0659906932986143"
"CY","1991","N14 J_Waste","NMVOC","Gg","0.544065959693572"
"CY","1991","N14 K_AgriLivestock","NMVOC","Gg","0.886707650145658"
"CY","1991","N14 L_AgriOther","NMVOC","Gg","0.06731455"
"CY","1991","N14 M_Other","NMVOC","Gg","0"
"CY","1991","N14 O_AviCruise","NMVOC","Gg","0"
"CY","1991","N14 P_IntShipping","NMVOC","Gg","0.118"
"CY","1991","N14 N_Natural","NMVOC","Gg","0"
"CY","1991","N14 z_Memo","NMVOC","Gg","6.82871729719211"
"PL","2006","N14 A_PublicPower","NMVOC","Gg","2.28519523"
"PL","2006","N14 B_Industry","NMVOC","Gg","80.823126150204"
"PL","2006","N14 C_OtherStatComb","NMVOC","Gg","158.7626962996"
"PL","2006","N14 D_Fugitive","NMVOC","Gg","51.12791841879"
"PL","2006","N14 E_Solvents","NMVOC","Gg","227.171646909572"
"PL","2006","N14 F_RoadTransport","NMVOC","Gg","115.610674623774"
"PL","2006","N14 G_Shipping","NMVOC","Gg","0.0241244339644888"
"PL","2006","N14 H_Aviation","NMVOC","Gg","0.0317566778398843"
"PL","2006","N14 I_Offroad","NMVOC","Gg","8.64461871356784"
"PL","2006","N14 J_Waste","NMVOC","Gg","16.7225938130839"
"PL","2006","N14 K_AgriLivestock","NMVOC","Gg","92.5763224715"
"PL","2006","N14 L_AgriOther","NMVOC","Gg","7.21365546539422"
"PL","2006","N14 M_Other","NMVOC","Gg","0"
"PL","2006","N14 O_AviCruise","NMVOC","Gg","0.222248211758793"
"PL","2006","N14 P_IntShipping","NMVOC","Gg","0.8127"
"PL","2006","N14 N_Natural","NMVOC","Gg","241.127350493045"
"PL","2006","N14 z_Memo","NMVOC","Gg","0"
"LV","2017","N14 A_PublicPower","NMVOC","Gg","0.20619468004829"
"LV","2017","N14 B_Industry","NMVOC","Gg","5.79931856970979"
"LV","2017","N14 C_OtherStatComb","NMVOC","Gg","9.84768405600926"
"LV","2017","N14 D_Fugitive","NMVOC","Gg","0.912026238799181"
"LV","2017","N14 E_Solvents","NMVOC","Gg","9.46364290288879"
"LV","2017","N14 F_RoadTransport","NMVOC","Gg","2.41219885145681"
"LV","2017","N14 G_Shipping","NMVOC","Gg","0.0329666665667306"
"LV","2017","N14 H_Aviation","NMVOC","Gg","0.04698942"
"LV","2017","N14 I_Offroad","NMVOC","Gg","1.44568894413013"
"LV","2017","N14 J_Waste","NMVOC","Gg","0.3634731573175"
"LV","2017","N14 K_AgriLivestock","NMVOC","Gg","6.48322203416854"
"LV","2017","N14 L_AgriOther","NMVOC","Gg","1.086338"
"LV","2017","N14 M_Other","NMVOC","Gg","0"
"LV","2017","N14 O_AviCruise","NMVOC","Gg","0.0611980210290442"
"LV","2017","N14 P_IntShipping","NMVOC","Gg","0.721050324214217"
"LV","2017","N14 N_Natural","NMVOC","Gg","0.1325"
"LV","2017","N14 z_Memo","NMVOC","Gg","0"
"SE","2004","N14 A_PublicPower","NMVOC","Gg","2.79516569510016"
"SE","2004","N14 B_Industry","NMVOC","Gg","13.6922437879694"
"SE","2004","N14 C_OtherStatComb","NMVOC","Gg","14.217343694464"
"SE","2004","N14 D_Fugitive","NMVOC","Gg","14.9413613244464"
"SE","2004","N14 E_Solvents","NMVOC","Gg","68.0746756133333"
"SE","2004","N14 F_RoadTransport","NMVOC","Gg","40.5178921002173"
"SE","2004","N14 G_Shipping","NMVOC","Gg","4.58466071336423"
"SE","2004","N14 H_Aviation","NMVOC","Gg","0.152082654192731"
"SE","2004","N14 I_Offroad","NMVOC","Gg","16.3960771549954"
"SE","2004","N14 J_Waste","NMVOC","Gg","1.59588465619896"
"SE","2004","N14 K_AgriLivestock","NMVOC","Gg","22.7939367402048"
"SE","2004","N14 L_AgriOther","NMVOC","Gg","10.4022333051425"
"SE","2004","N14 M_Other","NMVOC","Gg","0"
"SE","2004","N14 O_AviCruise","NMVOC","Gg","0.609709425965785"
"SE","2004","N14 P_IntShipping","NMVOC","Gg","2.28827942031963"
"SE","2004","N14 N_Natural","NMVOC","Gg","0"
"SE","2004","N14 z_Memo","NMVOC","Gg","0"
"PT","2013","N14 A_PublicPower","NMVOC","Gg","1.4410892419985"
"PT","2013","N14 B_Industry","NMVOC","Gg","26.7158003877487"
"PT","2013","N14 C_OtherStatComb","NMVOC","Gg","15.1785676195107"
"PT","2013","N14 D_Fugitive","NMVOC","Gg","8.99805410015443"
"PT","2013","N14 E_Solvents","NMVOC","Gg","75.4440085753401"
"PT","2013","N14 F_RoadTransport","NMVOC","Gg","19.8490848550512"
"PT","2013","N14 G_Shipping","NMVOC","Gg","0.218706622847802"
"PT","2013","N14 H_Aviation","NMVOC","Gg","0.431747296890051"
"PT","2013","N14 I_Offroad","NMVOC","Gg","0.704206096738968"
"PT","2013","N14 J_Waste","NMVOC","Gg","2.30067461216477"
"PT","2013","N14 K_AgriLivestock","NMVOC","Gg","7.28917714307306"
"PT","2013","N14 L_AgriOther","NMVOC","Gg","6.50099536668641"
"PT","2013","N14 M_Other","NMVOC","Gg","0"
"PT","2013","N14 O_AviCruise","NMVOC","Gg","0.356245514445431"
"PT","2013","N14 P_IntShipping","NMVOC","Gg","1.93181942434084"
"PT","2013","N14 N_Natural","NMVOC","Gg","543.6096252186"
"PT","2013","N14 z_Memo","NMVOC","Gg","0"
"LI","2003","N14 A_PublicPower","NMVOC","Gg","0.0001345041967104"
"LI","2003","N14 B_Industry","NMVOC","Gg","0.0215739648944361"
"LI","2003","N14 C_OtherStatComb","NMVOC","Gg","0.0107155265605322"
"LI","2003","N14 D_Fugitive","NMVOC","Gg","0.012326720301"
"LI","2003","N14 E_Solvents","NMVOC","Gg","0.219973985735297"
"LI","2003","N14 F_RoadTransport","NMVOC","Gg","0.0455956295404199"
"LI","2003","N14 G_Shipping","NMVOC","Gg","0"
"LI","2003","N14 H_Aviation","NMVOC","Gg","7.7256e-06"
"LI","2003","N14 I_Offroad","NMVOC","Gg","0.0342522087471012"
"LI","2003","N14 J_Waste","NMVOC","Gg","0.00485906439366144"
"LI","2003","N14 K_AgriLivestock","NMVOC","Gg","0.054719348"
"LI","2003","N14 L_AgriOther","NMVOC","Gg","3.7665918e-14"
"LI","2003","N14 M_Other","NMVOC","Gg","0"
"SI","2013","N14 A_PublicPower","NMVOC","Gg","0.147574978594244"
"SI","2013","N14 B_Industry","NMVOC","Gg","2.77554407581987"
"SI","2013","N14 C_OtherStatComb","NMVOC","Gg","7.99417337378356"
"SI","2013","N14 D_Fugitive","NMVOC","Gg","1.73902635852074"
"SI","2013","N14 E_Solvents","NMVOC","Gg","9.200071019"
"SI","2013","N14 F_RoadTransport","NMVOC","Gg","3.03152889670102"
"SI","2013","N14 G_Shipping","NMVOC","Gg","0"
"SI","2013","N14 H_Aviation","NMVOC","Gg","0.0505775725"
"SI","2013","N14 I_Offroad","NMVOC","Gg","1.5718901853961"
"SI","2013","N14 J_Waste","NMVOC","Gg","0.4803116971342"
"SI","2013","N14 K_AgriLivestock","NMVOC","Gg","5.50793689266159"
"SI","2013","N14 L_AgriOther","NMVOC","Gg","0.0253301089002771"
"SI","2013","N14 M_Other","NMVOC","Gg","0"
"SI","2013","N14 O_AviCruise","NMVOC","Gg","0"
"SI","2013","N14 P_IntShipping","NMVOC","Gg","0.1701"
"SI","2013","N14 N_Natural","NMVOC","Gg","0"
"SI","2013","N14 z_Memo","NMVOC","Gg","0.000325130211"
"SI","1996","N14 A_PublicPower","NMVOC","Gg","0.0768922952993"
"SI","1996","N14 B_Industry","NMVOC","Gg","3.96822521835421"
"SI","1996","N14 C_OtherStatComb","NMVOC","Gg","6.65904914297535"
"SI","1996","N14 D_Fugitive","NMVOC","Gg","4.99516315066374"
"SI","1996","N14 E_Solvents","NMVOC","Gg","13.48406903"
"SI","1996","N14 F_RoadTransport","NMVOC","Gg","27.6284909894412"
"SI","1996","N14 G_Shipping","NMVOC","Gg","0"
"SI","1996","N14 H_Aviation","NMVOC","Gg","0.0444147"
"SI","1996","N14 I_Offroad","NMVOC","Gg","2.57908684307424"
"SI","1996","N14 J_Waste","NMVOC","Gg","1.13424760008682"
"SI","1996","N14 K_AgriLivestock","NMVOC","Gg","5.28256785427123"
"SI","1996","N14 L_AgriOther","NMVOC","Gg","0.0187536394507023"
"SI","1996","N14 M_Other","NMVOC","Gg","0"
"SI","1996","N14 O_AviCruise","NMVOC","Gg","0"
"SI","1996","N14 P_IntShipping","NMVOC","Gg","0"
"SI","1996","N14 N_Natural","NMVOC","Gg","0"
"SI","1996","N14 z_Memo","NMVOC","Gg","0"
"CZ","2000","N14 A_PublicPower","NMVOC","Gg","7.85808605"
"CZ","2000","N14 B_Industry","NMVOC","Gg","4.11934136099999"
"CZ","2000","N14 C_OtherStatComb","NMVOC","Gg","89.3672490518937"
"CZ","2000","N14 D_Fugitive","NMVOC","Gg","13.9659872"
"CZ","2000","N14 E_Solvents","NMVOC","Gg","109.105887735528"
"CZ","2000","N14 F_RoadTransport","NMVOC","Gg","50.6133794107798"
"CZ","2000","N14 G_Shipping","NMVOC","Gg","0.02342439"
"CZ","2000","N14 H_Aviation","NMVOC","Gg","0.04839325"
"CZ","2000","N14 I_Offroad","NMVOC","Gg","7.812239952"
"CZ","2000","N14 J_Waste","NMVOC","Gg","4.388833815"
"CZ","2000","N14 K_AgriLivestock","NMVOC","Gg","0"
"CZ","2000","N14 L_AgriOther","NMVOC","Gg","0"
"CZ","2000","N14 M_Other","NMVOC","Gg","0"
"CZ","2000","N14 O_AviCruise","NMVOC","Gg","0.28289925"
"CZ","2000","N14 P_IntShipping","NMVOC","Gg","0"
"CZ","2000","N14 N_Natural","NMVOC","Gg","0.1875"
"CZ","2000","N14 z_Memo","NMVOC","Gg","51.1724243627798"
"EU12","2013","N14 A_PublicPower","NMVOC","Gg","25.3353645603658"
"EU12","2013","N14 B_Industry","NMVOC","Gg","435.593466156129"
"EU12","2013","N14 C_OtherStatComb","NMVOC","Gg","573.014330183082"
"EU12","2013","N14 D_Fugitive","NMVOC","Gg","377.888535223831"
"EU12","2013","N14 E_Solvents","NMVOC","Gg","2078.51167715017"
"EU12","2013","N14 F_RoadTransport","NMVOC","Gg","466.345209973058"
"EU12","2013","N14 G_Shipping","NMVOC","Gg","39.4670586518777"
"EU12","2013","N14 H_Aviation","NMVOC","Gg","6.32387231205885"
"EU12","2013","N14 I_Offroad","NMVOC","Gg","116.492665759744"
"EU12","2013","N14 J_Waste","NMVOC","Gg","40.6669805393574"
"EU12","2013","N14 K_AgriLivestock","NMVOC","Gg","615.689503381787"
"EU12","2013","N14 L_AgriOther","NMVOC","Gg","165.558240598698"
"EU12","2013","N14 M_Other","NMVOC","Gg","1.961246608888"
"EU12","2013","N14 O_AviCruise","NMVOC","Gg","9.52143863297113"
"EU12","2013","N14 P_IntShipping","NMVOC","Gg","45.782577195816"
"EU12","2013","N14 N_Natural","NMVOC","Gg","2144.05409812647"
"EU12","2013","N14 z_Memo","NMVOC","Gg","1490.82977118721"
"HU","1997","N14 A_PublicPower","NMVOC","Gg","0.559798649011679"
"HU","1997","N14 B_Industry","NMVOC","Gg","13.7116376987655"
"HU","1997","N14 C_OtherStatComb","NMVOC","Gg","22.2692488133784"
"HU","1997","N14 D_Fugitive","NMVOC","Gg","5.80000519768441"
"HU","1997","N14 E_Solvents","NMVOC","Gg","51.1198603259634"
"HU","1997","N14 F_RoadTransport","NMVOC","Gg","72.4336813249594"
"HU","1997","N14 G_Shipping","NMVOC","Gg","0.0252"
"HU","1997","N14 H_Aviation","NMVOC","Gg","0.00309572293180666"
"HU","1997","N14 I_Offroad","NMVOC","Gg","3.3498540122131"
"HU","1997","N14 J_Waste","NMVOC","Gg","2.06551096836953"
"HU","1997","N14 K_AgriLivestock","NMVOC","Gg","24.5036367506222"
"HU","1997","N14 L_AgriOther","NMVOC","Gg","3.71471891389896"
"HU","1997","N14 M_Other","NMVOC","Gg","0"
"HU","1997","N14 O_AviCruise","NMVOC","Gg","0"
"HU","1997","N14 P_IntShipping","NMVOC","Gg","0"
"HU","1997","N14 N_Natural","NMVOC","Gg","0"
"HU","1997","N14 z_Memo","NMVOC","Gg","0"
"FR","1994","N14 A_PublicPower","NMVOC","Gg","1.71192650214382"
"FR","1994","N14 B_Industry","NMVOC","Gg","88.7266594926914"
"FR","1994","N14 C_OtherStatComb","NMVOC","Gg","496.453129589158"
"FR","1994","N14 D_Fugitive","NMVOC","Gg","124.172608634956"
"FR","1994","N14 E_Solvents","NMVOC","Gg","592.897277220718"
"FR","1994","N14 F_RoadTransport","NMVOC","Gg","749.585242343902"
"FR","1994","N14 G_Shipping","NMVOC","Gg","15.8850319091908"
"FR","1994","N14 H_Aviation","NMVOC","Gg","2.33408507618637"
"FR","1994","N14 I_Offroad","NMVOC","Gg","54.5787653356197"
"FR","1994","N14 J_Waste","NMVOC","Gg","11.9972259521789"
"FR","1994","N14 K_AgriLivestock","NMVOC","Gg","0"
"FR","1994","N14 L_AgriOther","NMVOC","Gg","2.3993163257223"
"FR","1994","N14 M_Other","NMVOC","Gg","0"
"FR","1994","N14 O_AviCruise","NMVOC","Gg","1.28325283558396"
"FR","1994","N14 P_IntShipping","NMVOC","Gg","5.91596675439101"
"FR","1994","N14 N_Natural","NMVOC","Gg","112.153048951863"
"FR","1994","N14 z_Memo","NMVOC","Gg","1486.81816051369"
"HR","2017","N14 A_PublicPower","NMVOC","Gg","0.280892143687188"
"HR","2017","N14 B_Industry","NMVOC","Gg","6.5980580179834"
"HR","2017","N14 C_OtherStatComb","NMVOC","Gg","15.03503088165"
"HR","2017","N14 D_Fugitive","NMVOC","Gg","3.63553872216598"
"HR","2017","N14 E_Solvents","NMVOC","Gg","19.4937607134696"
"HR","2017","N14 F_RoadTransport","NMVOC","Gg","5.48429863068069"
"HR","2017","N14 G_Shipping","NMVOC","Gg","0.33003080479"
"HR","2017","N14 H_Aviation","NMVOC","Gg","0.025052828045"
"HR","2017","N14 I_Offroad","NMVOC","Gg","0.892495637115935"
"HR","2017","N14 J_Waste","NMVOC","Gg","2.630991513"
"HR","2017","N14 K_AgriLivestock","NMVOC","Gg","7.54779497402"
"HR","2017","N14 L_AgriOther","NMVOC","Gg","1.28713018"
"HR","2017","N14 M_Other","NMVOC","Gg","0"
"HR","2017","N14 O_AviCruise","NMVOC","Gg","0.059542933"
"HR","2017","N14 P_IntShipping","NMVOC","Gg","0.0176601638"
"HR","2017","N14 N_Natural","NMVOC","Gg","14.5629"
"HR","2017","N14 z_Memo","NMVOC","Gg","0"
"DK","1996","N14 A_PublicPower","NMVOC","Gg","3.64658407554426"
"DK","1996","N14 B_Industry","NMVOC","Gg","5.24625418185113"
"DK","1996","N14 C_OtherStatComb","NMVOC","Gg","15.4808036277166"
"DK","1996","N14 D_Fugitive","NMVOC","Gg","12.1789324307104"
"DK","1996","N14 E_Solvents","NMVOC","Gg","49.9346112095465"
"DK","1996","N14 F_RoadTransport","NMVOC","Gg","57.4175002048355"
"DK","1996","N14 G_Shipping","NMVOC","Gg","0.559325021779932"
"DK","1996","N14 H_Aviation","NMVOC","Gg","0.233846153566459"
"DK","1996","N14 I_Offroad","NMVOC","Gg","9.54589696979719"
"DK","1996","N14 J_Waste","NMVOC","Gg","1.50934205172088"
"DK","1996","N14 K_AgriLivestock","NMVOC","Gg","36.6594716010638"
"DK","1996","N14 L_AgriOther","NMVOC","Gg","1.421593695"
"DK","1996","N14 M_Other","NMVOC","Gg","0"
"DK","1996","N14 O_AviCruise","NMVOC","Gg","0.131154866339822"
"DK","1996","N14 P_IntShipping","NMVOC","Gg","3.34339912419701"
"DK","1996","N14 N_Natural","NMVOC","Gg","0"
"DK","1996","N14 z_Memo","NMVOC","Gg","0"
"DE","2009","N14 A_PublicPower","NMVOC","Gg","11.4891330803688"
"DE","2009","N14 B_Industry","NMVOC","Gg","40.8289974375809"
"DE","2009","N14 C_OtherStatComb","NMVOC","Gg","42.9961943916753"
"DE","2009","N14 D_Fugitive","NMVOC","Gg","79.8154987328386"
"DE","2009","N14 E_Solvents","NMVOC","Gg","593.974766527728"
"DE","2009","N14 F_RoadTransport","NMVOC","Gg","124.361293756494"
"DE","2009","N14 G_Shipping","NMVOC","Gg","1.17432173341911"
"DE","2009","N14 H_Aviation","NMVOC","Gg","0.902771119061292"
"DE","2009","N14 I_Offroad","NMVOC","Gg","36.2063965760384"
"DE","2009","N14 J_Waste","NMVOC","Gg","0.15556691"
"DE","2009","N14 K_AgriLivestock","NMVOC","Gg","193.88202944149"
"DE","2009","N14 L_AgriOther","NMVOC","Gg","10.6258474754671"
"DE","2009","N14 M_Other","NMVOC","Gg","0"
"DE","2009","N14 O_AviCruise","NMVOC","Gg","1.74991913777117"
"DE","2009","N14 P_IntShipping","NMVOC","Gg","3.84566365743499"
"DE","2009","N14 N_Natural","NMVOC","Gg","0.32201082806"
"DE","2009","N14 z_Memo","NMVOC","Gg","0"
"NO","2000","N14 A_PublicPower","NMVOC","Gg","0.5006230904"
"NO","2000","N14 B_Industry","NMVOC","Gg","8.3711349662"
"NO","2000","N14 C_OtherStatComb","NMVOC","Gg","8.3513758413"
"NO","2000","N14 D_Fugitive","NMVOC","Gg","264.3873926301"
"NO","2000","N14 E_Solvents","NMVOC","Gg","47.2535658506"
"NO","2000","N14 F_RoadTransport","NMVOC","Gg","32.7307185227"
"NO","2000","N14 G_Shipping","NMVOC","Gg","3.1794626355"
"NO","2000","N14 H_Aviation","NMVOC","Gg","0.3640252962"
"NO","2000","N14 I_Offroad","NMVOC","Gg","28.8423816157"
"NO","2000","N14 J_Waste","NMVOC","Gg","1.2172296758"
"NO","2000","N14 K_AgriLivestock","NMVOC","Gg","10.3440981756"
"NO","2000","N14 L_AgriOther","NMVOC","Gg","0.8437304205"
"NO","2000","N14 M_Other","NMVOC","Gg","0"
"NO","2000","N14 O_AviCruise","NMVOC","Gg","1.0018536492"
"NO","2000","N14 P_IntShipping","NMVOC","Gg","0.5377673002"
"NO","2000","N14 N_Natural","NMVOC","Gg","0"
"NO","2000","N14 z_Memo","NMVOC","Gg","37.195374861"
"PL","2011","N14 A_PublicPower","NMVOC","Gg","2.61966412"
"PL","2011","N14 B_Industry","NMVOC","Gg","88.37834423835"
"PL","2011","N14 C_OtherStatComb","NMVOC","Gg","136.8539220102"
"PL","2011","N14 D_Fugitive","NMVOC","Gg","54.0498253013962"
"PL","2011","N14 E_Solvents","NMVOC","Gg","207.729177726368"
"PL","2011","N14 F_RoadTransport","NMVOC","Gg","89.8928940662305"
"PL","2011","N14 G_Shipping","NMVOC","Gg","0.010003512254452"
"PL","2011","N14 H_Aviation","NMVOC","Gg","0.0399455972704564"
"PL","2011","N14 I_Offroad","NMVOC","Gg","7.99898713065327"
"PL","2011","N14 J_Waste","NMVOC","Gg","12.9386969063024"
"PL","2011","N14 K_AgriLivestock","NMVOC","Gg","87.8635114496667"
"PL","2011","N14 L_AgriOther","NMVOC","Gg","6.0965858986389"
"PL","2011","N14 M_Other","NMVOC","Gg","0"
"PL","2011","N14 O_AviCruise","NMVOC","Gg","0.285218371534759"
"PL","2011","N14 P_IntShipping","NMVOC","Gg","0.4671"
"PL","2011","N14 N_Natural","NMVOC","Gg","253.555356494833"
"PL","2011","N14 z_Memo","NMVOC","Gg","0"
"SI","1993","N14 A_PublicPower","NMVOC","Gg","0.0829177831657"
"SI","1993","N14 B_Industry","NMVOC","Gg","3.46858226505058"
"SI","1993","N14 C_OtherStatComb","NMVOC","Gg","7.35649730762642"
"SI","1993","N14 D_Fugitive","NMVOC","Gg","4.25305568182001"
"SI","1993","N14 E_Solvents","NMVOC","Gg","10.498304022"
"SI","1993","N14 F_RoadTransport","NMVOC","Gg","26.3355215177027"
"SI","1993","N14 G_Shipping","NMVOC","Gg","0"
"SI","1993","N14 H_Aviation","NMVOC","Gg","0.0384986"
"SI","1993","N14 I_Offroad","NMVOC","Gg","2.72759302992208"
"SI","1993","N14 J_Waste","NMVOC","Gg","1.08964365000764"
"SI","1993","N14 K_AgriLivestock","NMVOC","Gg","5.12775256668908"
"SI","1993","N14 L_AgriOther","NMVOC","Gg","0.0150017220986369"
"SI","1993","N14 M_Other","NMVOC","Gg","0"
"SI","1993","N14 O_AviCruise","NMVOC","Gg","0"
"SI","1993","N14 P_IntShipping","NMVOC","Gg","0"
"SI","1993","N14 N_Natural","NMVOC","Gg","0"
"SI","1993","N14 z_Memo","NMVOC","Gg","0"
"CH","2004","N14 A_PublicPower","NMVOC","Gg","0.2016376920267"
"CH","2004","N14 B_Industry","NMVOC","Gg","7.99998045781283"
"CH","2004","N14 C_OtherStatComb","NMVOC","Gg","5.22460439205902"
"CH","2004","N14 D_Fugitive","NMVOC","Gg","6.06350043693072"
"CH","2004","N14 E_Solvents","NMVOC","Gg","42.4069981469963"
"CH","2004","N14 F_RoadTransport","NMVOC","Gg","22.1731368786291"
"CH","2004","N14 G_Shipping","NMVOC","Gg","0.674342768463664"
"CH","2004","N14 H_Aviation","NMVOC","Gg","0.221757913713031"
"CH","2004","N14 I_Offroad","NMVOC","Gg","6.05586605661537"
"CH","2004","N14 J_Waste","NMVOC","Gg","0.745797868700613"
"CH","2004","N14 K_AgriLivestock","NMVOC","Gg","17.2253393708272"
"CH","2004","N14 L_AgriOther","NMVOC","Gg","0.4708022221771"
"CH","2004","N14 M_Other","NMVOC","Gg","0.19262989337605"
"CH","2004","N14 O_AviCruise","NMVOC","Gg","0.409932876643849"
"CH","2004","N14 P_IntShipping","NMVOC","Gg","0.162809090647527"
"CH","2004","N14 N_Natural","NMVOC","Gg","60.8807640080019"
"CH","2004","N14 z_Memo","NMVOC","Gg","21.2330455670244"
"TR","2017","N14 A_PublicPower","NMVOC","Gg","3"
"TR","2017","N14 B_Industry","NMVOC","Gg","144.554621890364"
"TR","2017","N14 C_OtherStatComb","NMVOC","Gg","146"
"TR","2017","N14 D_Fugitive","NMVOC","Gg","0"
"TR","2017","N14 E_Solvents","NMVOC","Gg","263.246122316723"
"TR","2017","N14 F_RoadTransport","NMVOC","Gg","47.4977828504785"
"TR","2017","N14 G_Shipping","NMVOC","Gg","1.026"
"TR","2017","N14 H_Aviation","NMVOC","Gg","3.82396769916516"
"TR","2017","N14 I_Offroad","NMVOC","Gg","0.5870394"
"TR","2017","N14 J_Waste","NMVOC","Gg","44.51241525"
"TR","2017","N14 K_AgriLivestock","NMVOC","Gg","208.45996252363"
"TR","2017","N14 L_AgriOther","NMVOC","Gg","236.26566036361"
"TR","2017","N14 M_Other","NMVOC","Gg","0"
"TR","2017","N14 O_AviCruise","NMVOC","Gg","0.215190739545718"
"TR","2017","N14 P_IntShipping","NMVOC","Gg","0"
"TR","2017","N14 N_Natural","NMVOC","Gg","0"
"FI","2008","N14 A_PublicPower","NMVOC","Gg","1.13085769489389"
"FI","2008","N14 B_Industry","NMVOC","Gg","11.0637930994731"
"FI","2008","N14 C_OtherStatComb","NMVOC","Gg","21.1907974070187"
"FI","2008","N14 D_Fugitive","NMVOC","Gg","7.85870846"
"FI","2008","N14 E_Solvents","NMVOC","Gg","25.586396472"
"FI","2008","N14 F_RoadTransport","NMVOC","Gg","18.4973787752746"
"FI","2008","N14 G_Shipping","NMVOC","Gg","4.41890796317806"
"FI","2008","N14 H_Aviation","NMVOC","Gg","0.136399460386915"
"FI","2008","N14 I_Offroad","NMVOC","Gg","15.5346781943499"
"FI","2008","N14 J_Waste","NMVOC","Gg","0.149025255"
"FI","2008","N14 K_AgriLivestock","NMVOC","Gg","12.13593933568"
"FI","2008","N14 L_AgriOther","NMVOC","Gg","4.16632864624466"
"FI","2008","N14 M_Other","NMVOC","Gg","0"
"FI","2008","N14 O_AviCruise","NMVOC","Gg","0.204705622679309"
"FI","2008","N14 P_IntShipping","NMVOC","Gg","0.7804"
"FI","2008","N14 N_Natural","NMVOC","Gg","0"
"FI","2008","N14 z_Memo","NMVOC","Gg","0"
"EU27","1992","N14 A_PublicPower","NMVOC","Gg","39.1262816592536"
"EU27","1992","N14 B_Industry","NMVOC","Gg","963.604049739992"
"EU27","1992","N14 C_OtherStatComb","NMVOC","Gg","1737.4879753335"
"EU27","1992","N14 D_Fugitive","NMVOC","Gg","1610.58052866367"
"EU27","1992","N14 E_Solvents","NMVOC","Gg","4794.30179215447"
"EU27","1992","N14 F_RoadTransport","NMVOC","Gg","5115.49468935053"
"EU27","1992","N14 G_Shipping","NMVOC","Gg","95.8173140214794"
"EU27","1992","N14 H_Aviation","NMVOC","Gg","12.0224506458631"
"EU27","1992","N14 I_Offroad","NMVOC","Gg","395.613099372486"
"EU27","1992","N14 J_Waste","NMVOC","Gg","100.174309890349"
"EU27","1992","N14 K_AgriLivestock","NMVOC","Gg","1004.15730206997"
"EU27","1992","N14 L_AgriOther","NMVOC","Gg","246.810863456341"
"EU27","1992","N14 M_Other","NMVOC","Gg","1.31940321293646"
"EU27","1992","N14 O_AviCruise","NMVOC","Gg","9.17751337871601"
"EU27","1992","N14 P_IntShipping","NMVOC","Gg","39.2952066290755"
"EU27","1992","N14 N_Natural","NMVOC","Gg","2154.02295953906"
"EU27","1992","N14 z_Memo","NMVOC","Gg","1421.5098605866"
"SI","1991","N14 A_PublicPower","NMVOC","Gg","0.0818732429106324"
"SI","1991","N14 B_Industry","NMVOC","Gg","4.14119436088623"
"SI","1991","N14 C_OtherStatComb","NMVOC","Gg","8.27636402067221"
"SI","1991","N14 D_Fugitive","NMVOC","Gg","3.68331264233928"
"SI","1991","N14 E_Solvents","NMVOC","Gg","13.180703861"
"SI","1991","N14 F_RoadTransport","NMVOC","Gg","21.7971516801613"
"SI","1991","N14 G_Shipping","NMVOC","Gg","0"
"SI","1991","N14 H_Aviation","NMVOC","Gg","0.016108"
"SI","1991","N14 I_Offroad","NMVOC","Gg","3.88236809973517"
"SI","1991","N14 J_Waste","NMVOC","Gg","1.06968381483818"
"SI","1991","N14 K_AgriLivestock","NMVOC","Gg","5.4768670363821"
"SI","1991","N14 L_AgriOther","NMVOC","Gg","0.0133619758252926"
"SI","1991","N14 M_Other","NMVOC","Gg","0"
"SI","1991","N14 O_AviCruise","NMVOC","Gg","0"
"SI","1991","N14 P_IntShipping","NMVOC","Gg","0"
"SI","1991","N14 N_Natural","NMVOC","Gg","0"
"SI","1991","N14 z_Memo","NMVOC","Gg","0"
"MT","2009","N14 A_PublicPower","NMVOC","Gg","0.0497711170410534"
"MT","2009","N14 B_Industry","NMVOC","Gg","0.159143482623571"
"MT","2009","N14 C_OtherStatComb","NMVOC","Gg","0.0192346620125255"
"MT","2009","N14 D_Fugitive","NMVOC","Gg","0.138"
"MT","2009","N14 E_Solvents","NMVOC","Gg","0.4950726"
"MT","2009","N14 F_RoadTransport","NMVOC","Gg","1.66617454682524"
"MT","2009","N14 G_Shipping","NMVOC","Gg","0.0139995013993291"
"MT","2009","N14 H_Aviation","NMVOC","Gg","0.03146956"
"MT","2009","N14 I_Offroad","NMVOC","Gg","0.000111806097477943"
"MT","2009","N14 J_Waste","NMVOC","Gg","0.416370152718517"
"MT","2009","N14 K_AgriLivestock","NMVOC","Gg","0.512240480654105"
"MT","2009","N14 L_AgriOther","NMVOC","Gg","0.000297161021276596"
"MT","2009","N14 M_Other","NMVOC","Gg","0.004122"
"MT","2009","N14 O_AviCruise","NMVOC","Gg","0.0080516875"
"MT","2009","N14 P_IntShipping","NMVOC","Gg","9.24289265132408e-12"
"CA","2010","N14 A_PublicPower","NMVOC","Gg","2.10027070902307"
"CA","2010","N14 B_Industry","NMVOC","Gg","147.283134059048"
"CA","2010","N14 C_OtherStatComb","NMVOC","Gg","238.896608993786"
"CA","2010","N14 D_Fugitive","NMVOC","Gg","650.824082673825"
"CA","2010","N14 E_Solvents","NMVOC","Gg","317.59858007145"
"CA","2010","N14 F_RoadTransport","NMVOC","Gg","201.211147651724"
"CA","2010","N14 G_Shipping","NMVOC","Gg","8.48346153878822"
"CA","2010","N14 H_Aviation","NMVOC","Gg","2.67760100449259"
"CA","2010","N14 I_Offroad","NMVOC","Gg","317.084475801043"
"CA","2010","N14 J_Waste","NMVOC","Gg","10.7447446756795"
"CA","2010","N14 K_AgriLivestock","NMVOC","Gg","115.111910024952"
"CA","2010","N14 L_AgriOther","NMVOC","Gg","2.89430928469578"
"CA","2010","N14 M_Other","NMVOC","Gg","2.39549326914551"
"CA","2010","N14 O_AviCruise","NMVOC","Gg","3.09100028303996"
"CA","2010","N14 P_IntShipping","NMVOC","Gg","0"
"CA","2010","N14 N_Natural","NMVOC","Gg","0"
"CA","2010","N14 z_Memo","NMVOC","Gg","0"
"NL","2014","N14 A_PublicPower","NMVOC","Gg","1.417951564"
"NL","2014","N14 B_Industry","NMVOC","Gg","23.758966112"
"NL","2014","N14 C_OtherStatComb","NMVOC","Gg","12.336690591"
"NL","2014","N14 D_Fugitive","NMVOC","Gg","14.20502716"
"NL","2014","N14 E_Solvents","NMVOC","Gg","76.3300815"
"NL","2014","N14 F_RoadTransport","NMVOC","Gg","27.212306086"
"NL","2014","N14 G_Shipping","NMVOC","Gg","1.454086401"
"NL","2014","N14 H_Aviation","NMVOC","Gg","0.290084543"
"NL","2014","N14 I_Offroad","NMVOC","Gg","5.622192343"
"NL","2014","N14 J_Waste","NMVOC","Gg","1.460497112"
"NL","2014","N14 K_AgriLivestock","NMVOC","Gg","56.423869636"
"NL","2014","N14 L_AgriOther","NMVOC","Gg","24.454563833"
"NL","2014","N14 M_Other","NMVOC","Gg","0.409784166"
"NL","2014","N14 O_AviCruise","NMVOC","Gg","0"
"NL","2014","N14 P_IntShipping","NMVOC","Gg","2.917601957"
"NL","2014","N14 N_Natural","NMVOC","Gg","0"
"NL","2014","N14 z_Memo","NMVOC","Gg","29.465569759"
"RU","2016","N14 A_PublicPower","NMVOC","Gg","6.665073"
"RU","2016","N14 B_Industry","NMVOC","Gg","483.257082"
"RU","2016","N14 C_OtherStatComb","NMVOC","Gg","5.87899498329146"
"RU","2016","N14 D_Fugitive","NMVOC","Gg","230.68899"
"RU","2016","N14 E_Solvents","NMVOC","Gg","149.8515362"
"RU","2016","N14 F_RoadTransport","NMVOC","Gg","1160.8118587602"
"RU","2016","N14 G_Shipping","NMVOC","Gg","3.2600069"
"RU","2016","N14 H_Aviation","NMVOC","Gg","0.304505"
"RU","2016","N14 I_Offroad","NMVOC","Gg","149.715823522085"
"RU","2016","N14 J_Waste","NMVOC","Gg","25.10433"
"RU","2016","N14 K_AgriLivestock","NMVOC","Gg","269.363228586"
"RU","2016","N14 L_AgriOther","NMVOC","Gg","121.255614"
"RU","2016","N14 M_Other","NMVOC","Gg","44.317911"
"RU","2016","N14 O_AviCruise","NMVOC","Gg","0"
"RU","2016","N14 P_IntShipping","NMVOC","Gg","0"
"RU","2016","N14 N_Natural","NMVOC","Gg","1.6407"
"RU","2016","N14 z_Memo","NMVOC","Gg","0"
"NL","1991","N14 A_PublicPower","NMVOC","Gg","0.776738263"
"NL","1991","N14 B_Industry","NMVOC","Gg","72.128541136"
"NL","1991","N14 C_OtherStatComb","NMVOC","Gg","14.728576097"
"NL","1991","N14 D_Fugitive","NMVOC","Gg","44.602144854"
"NL","1991","N14 E_Solvents","NMVOC","Gg","152.051155951"
"NL","1991","N14 F_RoadTransport","NMVOC","Gg","162.25939888"
"NL","1991","N14 G_Shipping","NMVOC","Gg","1.95664602"
"NL","1991","N14 H_Aviation","NMVOC","Gg","0.376303441"
"NL","1991","N14 I_Offroad","NMVOC","Gg","12.71793915"
"NL","1991","N14 J_Waste","NMVOC","Gg","2.429093679"
"NL","1991","N14 K_AgriLivestock","NMVOC","Gg","43.675768635"
"NL","1991","N14 L_AgriOther","NMVOC","Gg","59.825474507"
"NL","1991","N14 M_Other","NMVOC","Gg","0.412479208"
"NL","1991","N14 O_AviCruise","NMVOC","Gg","0"
"NL","1991","N14 P_IntShipping","NMVOC","Gg","2.559705557"
"NL","1991","N14 N_Natural","NMVOC","Gg","0"
"NL","1991","N14 z_Memo","NMVOC","Gg","157.478808336"
"ES","1999","N14 A_PublicPower","NMVOC","Gg","1.04616333385384"
"ES","1999","N14 B_Industry","NMVOC","Gg","78.350271536643"
"ES","1999","N14 C_OtherStatComb","NMVOC","Gg","32.919878083"
"ES","1999","N14 D_Fugitive","NMVOC","Gg","42.5616501275851"
"ES","1999","N14 E_Solvents","NMVOC","Gg","403.421121796"
"ES","1999","N14 F_RoadTransport","NMVOC","Gg","247.930993773"
"ES","1999","N14 G_Shipping","NMVOC","Gg","2.741700747"
"ES","1999","N14 H_Aviation","NMVOC","Gg","0.472233318168179"
"ES","1999","N14 I_Offroad","NMVOC","Gg","19.036232031"
"ES","1999","N14 J_Waste","NMVOC","Gg","6.175139564385"
"ES","1999","N14 K_AgriLivestock","NMVOC","Gg","53.624999947"
"ES","1999","N14 L_AgriOther","NMVOC","Gg","87.114008657"
"ES","1999","N14 M_Other","NMVOC","Gg","0"
"ES","1999","N14 O_AviCruise","NMVOC","Gg","0.857461306744746"
"ES","1999","N14 P_IntShipping","NMVOC","Gg","14.101032219"
"ES","1999","N14 N_Natural","NMVOC","Gg","0"
"ES","1999","N14 z_Memo","NMVOC","Gg","0"
"BE","1993","N14 A_PublicPower","NMVOC","Gg","0.244953391985"
"BE","1993","N14 B_Industry","NMVOC","Gg","35.1896766651527"
"BE","1993","N14 C_OtherStatComb","NMVOC","Gg","16.8967205195777"
"BE","1993","N14 D_Fugitive","NMVOC","Gg","34.4817818149722"
"BE","1993","N14 E_Solvents","NMVOC","Gg","96.7583543883807"
"BE","1993","N14 F_RoadTransport","NMVOC","Gg","72.2201535596611"
"BE","1993","N14 G_Shipping","NMVOC","Gg","0.314956957738727"
"BE","1993","N14 H_Aviation","NMVOC","Gg","0.0999553392744552"
"BE","1993","N14 I_Offroad","NMVOC","Gg","7.46120699206894"
"BE","1993","N14 J_Waste","NMVOC","Gg","2.62933098531487"
"BE","1993","N14 K_AgriLivestock","NMVOC","Gg","28.068813421"
"BE","1993","N14 L_AgriOther","NMVOC","Gg","1.1591434126"
"BE","1993","N14 M_Other","NMVOC","Gg","0"
"BE","1993","N14 O_AviCruise","NMVOC","Gg","0.154456627017216"
"BE","1993","N14 P_IntShipping","NMVOC","Gg","1.17073590170084"
"BE","1993","N14 N_Natural","NMVOC","Gg","44.8677787"
"BE","1993","N14 z_Memo","NMVOC","Gg","61.0571764997164"
"HR","1992","N14 A_PublicPower","NMVOC","Gg","0.516022837102"
"HR","1992","N14 B_Industry","NMVOC","Gg","15.1001181033329"
"HR","1992","N14 C_OtherStatComb","NMVOC","Gg","23.07522026414"
"HR","1992","N14 D_Fugitive","NMVOC","Gg","4.078057972646"
"HR","1992","N14 E_Solvents","NMVOC","Gg","25.5063205899391"
"HR","1992","N14 F_RoadTransport","NMVOC","Gg","23.9408517716391"
"HR","1992","N14 G_Shipping","NMVOC","Gg","1.7640992253135"
"HR","1992","N14 H_Aviation","NMVOC","Gg","0.004341752375"
"HR","1992","N14 I_Offroad","NMVOC","Gg","1.43428166314249"
"HR","1992","N14 J_Waste","NMVOC","Gg","1.68664181564"
"HR","1992","N14 K_AgriLivestock","NMVOC","Gg","9.9086788182"
"HR","1992","N14 L_AgriOther","NMVOC","Gg","1.82366096"
"HR","1992","N14 M_Other","NMVOC","Gg","0"
"HR","1992","N14 O_AviCruise","NMVOC","Gg","0.00970726172"
"HR","1992","N14 P_IntShipping","NMVOC","Gg","0.068500139"
"HR","1992","N14 N_Natural","NMVOC","Gg","0.2892"
"HR","1992","N14 z_Memo","NMVOC","Gg","0"
"SI","2010","N14 A_PublicPower","NMVOC","Gg","0.168160130045779"
"SI","2010","N14 B_Industry","NMVOC","Gg","3.36233550759637"
"SI","2010","N14 C_OtherStatComb","NMVOC","Gg","8.17635981097406"
"SI","2010","N14 D_Fugitive","NMVOC","Gg","2.04773782920797"
"SI","2010","N14 E_Solvents","NMVOC","Gg","11.052994877"
"SI","2010","N14 F_RoadTransport","NMVOC","Gg","4.19769402196121"
"SI","2010","N14 G_Shipping","NMVOC","Gg","0"
"SI","2010","N14 H_Aviation","NMVOC","Gg","0.05270168412"
"SI","2010","N14 I_Offroad","NMVOC","Gg","1.63911136965791"
"SI","2010","N14 J_Waste","NMVOC","Gg","0.9941605650705"
"SI","2010","N14 K_AgriLivestock","NMVOC","Gg","5.59866897312311"
"SI","2010","N14 L_AgriOther","NMVOC","Gg","0.0250758722646367"
"SI","2010","N14 M_Other","NMVOC","Gg","0"
"SI","2010","N14 O_AviCruise","NMVOC","Gg","0"
"SI","2010","N14 P_IntShipping","NMVOC","Gg","0.05053887"
"SI","2010","N14 N_Natural","NMVOC","Gg","0"
"SI","2010","N14 z_Memo","NMVOC","Gg","0.000280894824"
"BE","2007","N14 A_PublicPower","NMVOC","Gg","0.571819960016925"
"BE","2007","N14 B_Industry","NMVOC","Gg","24.7828008861171"
"BE","2007","N14 C_OtherStatComb","NMVOC","Gg","12.579693310787"
"BE","2007","N14 D_Fugitive","NMVOC","Gg","10.3188671124106"
"BE","2007","N14 E_Solvents","NMVOC","Gg","59.912692302279"
"BE","2007","N14 F_RoadTransport","NMVOC","Gg","16.5797256977961"
"BE","2007","N14 G_Shipping","NMVOC","Gg","0.321791881701824"
"BE","2007","N14 H_Aviation","NMVOC","Gg","0.169751711377968"
"BE","2007","N14 I_Offroad","NMVOC","Gg","5.42743983459166"
"BE","2007","N14 J_Waste","NMVOC","Gg","1.69643445672404"
"BE","2007","N14 K_AgriLivestock","NMVOC","Gg","24.302218301"
"BE","2007","N14 L_AgriOther","NMVOC","Gg","1.22766995139997"
"BE","2007","N14 M_Other","NMVOC","Gg","0"
"BE","2007","N14 O_AviCruise","NMVOC","Gg","0.502416531355943"
"BE","2007","N14 P_IntShipping","NMVOC","Gg","0.85785276869351"
"BE","2007","N14 N_Natural","NMVOC","Gg","48.5430292086"
"BE","2007","N14 z_Memo","NMVOC","Gg","15.1891089896871"
"CH","1981","N14 A_PublicPower","NMVOC","Gg","0.562182336317091"
"CH","1981","N14 B_Industry","NMVOC","Gg","9.70278121532142"
"CH","1981","N14 C_OtherStatComb","NMVOC","Gg","8.69795744497462"
"CH","1981","N14 D_Fugitive","NMVOC","Gg","13.9531084217847"
"CH","1981","N14 E_Solvents","NMVOC","Gg","133.29747822075"
"CH","1981","N14 F_RoadTransport","NMVOC","Gg","120.371549923727"
"CH","1981","N14 G_Shipping","NMVOC","Gg","1.55488610236572"
"CH","1981","N14 H_Aviation","NMVOC","Gg","0.192662206656474"
"CH","1981","N14 I_Offroad","NMVOC","Gg","6.42220234737326"
"CH","1981","N14 J_Waste","NMVOC","Gg","2.43349438166073"
"CH","1981","N14 K_AgriLivestock","NMVOC","Gg","20.9406970001359"
"CH","1981","N14 L_AgriOther","NMVOC","Gg","2.06273450788221"
"CH","1981","N14 M_Other","NMVOC","Gg","0.12872"
"CH","1981","N14 O_AviCruise","NMVOC","Gg","0.396538244082173"
"CH","1981","N14 P_IntShipping","NMVOC","Gg","0.357438218185787"
"CH","1981","N14 N_Natural","NMVOC","Gg","0.75737275"
"CH","1981","N14 z_Memo","NMVOC","Gg","122.182809456349"
"AZ","1993","N14 A_PublicPower","NMVOC","Gg","0"
"AZ","1993","N14 B_Industry","NMVOC","Gg","0"
"AZ","1993","N14 C_OtherStatComb","NMVOC","Gg","0"
"AZ","1993","N14 D_Fugitive","NMVOC","Gg","0"
"AZ","1993","N14 E_Solvents","NMVOC","Gg","20.088"
"AZ","1993","N14 F_RoadTransport","NMVOC","Gg","2.4142846525"
"AZ","1993","N14 G_Shipping","NMVOC","Gg","0"
"AZ","1993","N14 H_Aviation","NMVOC","Gg","0"
"AZ","1993","N14 I_Offroad","NMVOC","Gg","0"
"AZ","1993","N14 J_Waste","NMVOC","Gg","0"
"AZ","1993","N14 K_AgriLivestock","NMVOC","Gg","17.44717265"
"AZ","1993","N14 L_AgriOther","NMVOC","Gg","0"
"AZ","1993","N14 M_Other","NMVOC","Gg","0"
"AZ","1993","N14 O_AviCruise","NMVOC","Gg","0"
"AZ","1993","N14 P_IntShipping","NMVOC","Gg","0"
"AZ","1993","N14 N_Natural","NMVOC","Gg","0"
"AZ","1993","N14 z_Memo","NMVOC","Gg","0"
"EE","1990","N14 A_PublicPower","NMVOC","Gg","0.9"
"EE","1990","N14 B_Industry","NMVOC","Gg","16.823342"
"EE","1990","N14 C_OtherStatComb","NMVOC","Gg","4.428288"
"EE","1990","N14 D_Fugitive","NMVOC","Gg","2.474"
"EE","1990","N14 E_Solvents","NMVOC","Gg","8.3642"
"EE","1990","N14 F_RoadTransport","NMVOC","Gg","17.546053"
"EE","1990","N14 G_Shipping","NMVOC","Gg","0.05215"
"EE","1990","N14 H_Aviation","NMVOC","Gg","0.012034"
"EE","1990","N14 I_Offroad","NMVOC","Gg","2.372664"
"EE","1990","N14 J_Waste","NMVOC","Gg","1.212976"
"EE","1990","N14 K_AgriLivestock","NMVOC","Gg","9.99564"
"EE","1990","N14 L_AgriOther","NMVOC","Gg","0.678812"
"EE","1990","N14 M_Other","NMVOC","Gg","0"
"EE","1990","N14 O_AviCruise","NMVOC","Gg","0.014571"
"EE","1990","N14 P_IntShipping","NMVOC","Gg","0.4833"
"EE","1990","N14 N_Natural","NMVOC","Gg","35.4964"
"EE","1990","N14 z_Memo","NMVOC","Gg","0"
"CZ","2012","N14 A_PublicPower","NMVOC","Gg","5.14390631000001"
"CZ","2012","N14 B_Industry","NMVOC","Gg","5.21236841724998"
"CZ","2012","N14 C_OtherStatComb","NMVOC","Gg","100.887118444635"
"CZ","2012","N14 D_Fugitive","NMVOC","Gg","10.3220782"
"CZ","2012","N14 E_Solvents","NMVOC","Gg","71.090739993615"
"CZ","2012","N14 F_RoadTransport","NMVOC","Gg","22.0403155923697"
"CZ","2012","N14 G_Shipping","NMVOC","Gg","0.02342439"
"CZ","2012","N14 H_Aviation","NMVOC","Gg","0.0734135"
"CZ","2012","N14 I_Offroad","NMVOC","Gg","3.35196902801557"
"CZ","2012","N14 J_Waste","NMVOC","Gg","5.9617009720448"
"CZ","2012","N14 K_AgriLivestock","NMVOC","Gg","0"
"CZ","2012","N14 L_AgriOther","NMVOC","Gg","0"
"CZ","2012","N14 M_Other","NMVOC","Gg","0"
"CZ","2012","N14 O_AviCruise","NMVOC","Gg","0.4333515"
"CZ","2012","N14 P_IntShipping","NMVOC","Gg","0"
"CZ","2012","N14 N_Natural","NMVOC","Gg","0.317"
"CZ","2012","N14 z_Memo","NMVOC","Gg","22.5477730683696"
"DK","2000","N14 A_PublicPower","NMVOC","Gg","3.51907529878562"
"DK","2000","N14 B_Industry","NMVOC","Gg","4.64187387232056"
"DK","2000","N14 C_OtherStatComb","NMVOC","Gg","13.9935446333968"
"DK","2000","N14 D_Fugitive","NMVOC","Gg","17.458921995248"
"DK","2000","N14 E_Solvents","NMVOC","Gg","41.6747855698175"
"DK","2000","N14 F_RoadTransport","NMVOC","Gg","40.2727392547339"
"DK","2000","N14 G_Shipping","NMVOC","Gg","0.433113632629771"
"DK","2000","N14 H_Aviation","NMVOC","Gg","0.220357680614146"
"DK","2000","N14 I_Offroad","NMVOC","Gg","8.77613462487306"
"DK","2000","N14 J_Waste","NMVOC","Gg","1.15703410835312"
"DK","2000","N14 K_AgriLivestock","NMVOC","Gg","35.6231125617736"
"DK","2000","N14 L_AgriOther","NMVOC","Gg","1.50644666875"
"DK","2000","N14 M_Other","NMVOC","Gg","0"
"DK","2000","N14 O_AviCruise","NMVOC","Gg","0.151149449608497"
"DK","2000","N14 P_IntShipping","NMVOC","Gg","2.93986196312048"
"DK","2000","N14 N_Natural","NMVOC","Gg","0"
"DK","2000","N14 z_Memo","NMVOC","Gg","0"
"EU15","2011","N14 A_PublicPower","NMVOC","Gg","31.6333813253167"
"EU15","2011","N14 B_Industry","NMVOC","Gg","468.966984588124"
"EU15","2011","N14 C_OtherStatComb","NMVOC","Gg","548.091517483514"
"EU15","2011","N14 D_Fugitive","NMVOC","Gg","445.900751804681"
"EU15","2011","N14 E_Solvents","NMVOC","Gg","2342.91591076314"
"EU15","2011","N14 F_RoadTransport","NMVOC","Gg","605.340428187798"
"EU15","2011","N14 G_Shipping","NMVOC","Gg","58.1308666041814"
"EU15","2011","N14 H_Aviation","NMVOC","Gg","7.69839067167379"
"EU15","2011","N14 I_Offroad","NMVOC","Gg","175.220636510361"
"EU15","2011","N14 J_Waste","NMVOC","Gg","44.5612861037403"
"EU15","2011","N14 K_AgriLivestock","NMVOC","Gg","666.146575798954"
"EU15","2011","N14 L_AgriOther","NMVOC","Gg","191.090172267878"
"EU15","2011","N14 M_Other","NMVOC","Gg","1.96168150681"
"EU15","2011","N14 O_AviCruise","NMVOC","Gg","11.3945355360312"
"EU15","2011","N14 P_IntShipping","NMVOC","Gg","56.3449259944553"
"EU15","2011","N14 N_Natural","NMVOC","Gg","2132.47735158479"
"EU15","2011","N14 z_Memo","NMVOC","Gg","1528.27255367489"
"DK","1980","N14 A_PublicPower","NMVOC","Gg","0"
"DK","1980","N14 B_Industry","NMVOC","Gg","0"
"DK","1980","N14 C_OtherStatComb","NMVOC","Gg","0"
"DK","1980","N14 D_Fugitive","NMVOC","Gg","0"
"DK","1980","N14 E_Solvents","NMVOC","Gg","0"
"DK","1980","N14 F_RoadTransport","NMVOC","Gg","0"
"DK","1980","N14 G_Shipping","NMVOC","Gg","0"
"DK","1980","N14 H_Aviation","NMVOC","Gg","0"
"DK","1980","N14 I_Offroad","NMVOC","Gg","0"
"DK","1980","N14 J_Waste","NMVOC","Gg","0"
"DK","1980","N14 K_AgriLivestock","NMVOC","Gg","0"
"DK","1980","N14 L_AgriOther","NMVOC","Gg","0"
"DK","1980","N14 M_Other","NMVOC","Gg","0"
"DK","1980","N14 O_AviCruise","NMVOC","Gg","0"
"DK","1980","N14 P_IntShipping","NMVOC","Gg","0"
"DK","1980","N14 N_Natural","NMVOC","Gg","0"
"DK","1980","N14 z_Memo","NMVOC","Gg","0"
"IT","1996","N14 A_PublicPower","NMVOC","Gg","3.7781533294224"
"IT","1996","N14 B_Industry","NMVOC","Gg","61.4505171509853"
"IT","1996","N14 C_OtherStatComb","NMVOC","Gg","110.414287982666"
"IT","1996","N14 D_Fugitive","NMVOC","Gg","125.818634648545"
"IT","1996","N14 E_Solvents","NMVOC","Gg","553.101425581845"
"IT","1996","N14 F_RoadTransport","NMVOC","Gg","837.605112368088"
"IT","1996","N14 G_Shipping","NMVOC","Gg","54.0111167671988"
"IT","1996","N14 H_Aviation","NMVOC","Gg","0.426054245123984"
"IT","1996","N14 I_Offroad","NMVOC","Gg","69.8292320542533"
"IT","1996","N14 J_Waste","NMVOC","Gg","13.2481234687911"
"IT","1996","N14 K_AgriLivestock","NMVOC","Gg","120.854857352798"
"IT","1996","N14 L_AgriOther","NMVOC","Gg","30.1275774308255"
"IT","1996","N14 M_Other","NMVOC","Gg","0"
"IT","1996","N14 O_AviCruise","NMVOC","Gg","0.544054672091321"
"IT","1996","N14 P_IntShipping","NMVOC","Gg","2.14230061807874"
"IT","1996","N14 N_Natural","NMVOC","Gg","1178.4233522813"
"IT","1996","N14 z_Memo","NMVOC","Gg","0"
"LT","2009","N14 A_PublicPower","NMVOC","Gg","0.2753066951234"
"LT","2009","N14 B_Industry","NMVOC","Gg","5.02403273436796"
"LT","2009","N14 C_OtherStatComb","NMVOC","Gg","13.1692944497"
"LT","2009","N14 D_Fugitive","NMVOC","Gg","3.20724440404406"
"LT","2009","N14 E_Solvents","NMVOC","Gg","8.52400222750016"
"LT","2009","N14 F_RoadTransport","NMVOC","Gg","8.704756481"
"LT","2009","N14 G_Shipping","NMVOC","Gg","0.014699020065329"
"LT","2009","N14 H_Aviation","NMVOC","Gg","0.0066926"
"LT","2009","N14 I_Offroad","NMVOC","Gg","1.00869962463827"
"LT","2009","N14 J_Waste","NMVOC","Gg","1.94267005352"
"LT","2009","N14 K_AgriLivestock","NMVOC","Gg","11.2845863580538"
"LT","2009","N14 L_AgriOther","NMVOC","Gg","1.87516171"
"LT","2009","N14 M_Other","NMVOC","Gg","0"
"LT","2009","N14 P_IntShipping","NMVOC","Gg","0.355"
"LT","2009","N14 N_Natural","NMVOC","Gg","0.317255"
"FR","1996","N14 A_PublicPower","NMVOC","Gg","1.44989445986086"
"FR","1996","N14 B_Industry","NMVOC","Gg","87.9490084422282"
"FR","1996","N14 C_OtherStatComb","NMVOC","Gg","538.463170619655"
"FR","1996","N14 D_Fugitive","NMVOC","Gg","109.122793025212"
"FR","1996","N14 E_Solvents","NMVOC","Gg","582.792476001522"
"FR","1996","N14 F_RoadTransport","NMVOC","Gg","622.470433882275"
"FR","1996","N14 G_Shipping","NMVOC","Gg","17.2096705132971"
"FR","1996","N14 H_Aviation","NMVOC","Gg","2.15782675979817"
"FR","1996","N14 I_Offroad","NMVOC","Gg","53.8935369560701"
"FR","1996","N14 J_Waste","NMVOC","Gg","12.2931331913115"
"FR","1996","N14 K_AgriLivestock","NMVOC","Gg","0"
"FR","1996","N14 L_AgriOther","NMVOC","Gg","2.51326512706476"
"FR","1996","N14 M_Other","NMVOC","Gg","0"
"FR","1996","N14 O_AviCruise","NMVOC","Gg","1.37301614282921"
"FR","1996","N14 P_IntShipping","NMVOC","Gg","6.41279317912314"
"FR","1996","N14 N_Natural","NMVOC","Gg","102.491853462641"
"FR","1996","N14 z_Memo","NMVOC","Gg","1368.30283284042"
"AT","2011","N14 A_PublicPower","NMVOC","Gg","0.416650868136461"
"AT","2011","N14 B_Industry","NMVOC","Gg","4.50409163996154"
"AT","2011","N14 C_OtherStatComb","NMVOC","Gg","24.7126015765919"
"AT","2011","N14 D_Fugitive","NMVOC","Gg","2.40935"
"AT","2011","N14 E_Solvents","NMVOC","Gg","44.6329459218455"
"AT","2011","N14 F_RoadTransport","NMVOC","Gg","11.2122919431963"
"AT","2011","N14 G_Shipping","NMVOC","Gg","0.368373375619598"
"AT","2011","N14 H_Aviation","NMVOC","Gg","0.560093101904217"
"AT","2011","N14 I_Offroad","NMVOC","Gg","4.1037822838983"
"AT","2011","N14 J_Waste","NMVOC","Gg","0.0790603345352117"
"AT","2011","N14 K_AgriLivestock","NMVOC","Gg","27.4047822094333"
"AT","2011","N14 L_AgriOther","NMVOC","Gg","10.9320066059508"
"AT","2011","N14 M_Other","NMVOC","Gg","0"
"AT","2011","N14 O_AviCruise","NMVOC","Gg","0.511253771216377"
"AT","2011","N14 P_IntShipping","NMVOC","Gg","0"
"AT","2011","N14 N_Natural","NMVOC","Gg","0"
"AT","2011","N14 z_Memo","NMVOC","Gg","10.9888834846873"
"EU09","2006","N14 A_PublicPower","NMVOC","Gg","24.4316670331023"
"EU09","2006","N14 B_Industry","NMVOC","Gg","388.429633235026"
"EU09","2006","N14 C_OtherStatComb","NMVOC","Gg","494.102848730299"
"EU09","2006","N14 D_Fugitive","NMVOC","Gg","514.580257238116"
"EU09","2006","N14 E_Solvents","NMVOC","Gg","2293.01995047186"
"EU09","2006","N14 F_RoadTransport","NMVOC","Gg","944.036304878432"
"EU09","2006","N14 G_Shipping","NMVOC","Gg","72.6181173000398"
"EU09","2006","N14 H_Aviation","NMVOC","Gg","6.67132464026779"
"EU09","2006","N14 I_Offroad","NMVOC","Gg","187.264779303893"
"EU09","2006","N14 J_Waste","NMVOC","Gg","42.170207983407"
"EU09","2006","N14 K_AgriLivestock","NMVOC","Gg","529.401352647792"
"EU09","2006","N14 L_AgriOther","NMVOC","Gg","75.9467704072773"
"EU09","2006","N14 M_Other","NMVOC","Gg","1.854533366416"
"EU09","2006","N14 O_AviCruise","NMVOC","Gg","7.81360409883227"
"EU09","2006","N14 P_IntShipping","NMVOC","Gg","32.0129061152475"
"EU09","2006","N14 N_Natural","NMVOC","Gg","1560.79607089123"
"EU09","2006","N14 z_Memo","NMVOC","Gg","1680.17558154878"
"HR","1995","N14 A_PublicPower","NMVOC","Gg","0.53610713118"
"HR","1995","N14 B_Industry","NMVOC","Gg","10.9809209249567"
"HR","1995","N14 C_OtherStatComb","NMVOC","Gg","23.25785068038"
"HR","1995","N14 D_Fugitive","NMVOC","Gg","5.0373702288622"
"HR","1995","N14 E_Solvents","NMVOC","Gg","43.0247943068039"
"HR","1995","N14 F_RoadTransport","NMVOC","Gg","25.7430130690387"
"HR","1995","N14 G_Shipping","NMVOC","Gg","0.298477562794"
"HR","1995","N14 H_Aviation","NMVOC","Gg","0.013932086975"
"HR","1995","N14 I_Offroad","NMVOC","Gg","2.22266334180325"
"HR","1995","N14 J_Waste","NMVOC","Gg","1.89215325224"
"HR","1995","N14 K_AgriLivestock","NMVOC","Gg","9.1163132635"
"HR","1995","N14 L_AgriOther","NMVOC","Gg","1.87346958"
"HR","1995","N14 M_Other","NMVOC","Gg","0"
"HR","1995","N14 O_AviCruise","NMVOC","Gg","0.03266318551"
"HR","1995","N14 P_IntShipping","NMVOC","Gg","0.09020023876"
"HR","1995","N14 N_Natural","NMVOC","Gg","0.1899"
"HR","1995","N14 z_Memo","NMVOC","Gg","0"
"BG","2016","N14 A_PublicPower","NMVOC","Gg","0.039877557"
"BG","2016","N14 B_Industry","NMVOC","Gg","6.004512028258"
"BG","2016","N14 C_OtherStatComb","NMVOC","Gg","22.099544548"
"BG","2016","N14 D_Fugitive","NMVOC","Gg","10.289329293"
"BG","2016","N14 E_Solvents","NMVOC","Gg","14.47408029593"
"BG","2016","N14 F_RoadTransport","NMVOC","Gg","11.0959930957597"
"BG","2016","N14 G_Shipping","NMVOC","Gg","0.22308640892"
"BG","2016","N14 H_Aviation","NMVOC","Gg","0.0212104"
"BG","2016","N14 I_Offroad","NMVOC","Gg","0.547328"
"BG","2016","N14 J_Waste","NMVOC","Gg","2.9405210775"
"BG","2016","N14 K_AgriLivestock","NMVOC","Gg","8.8981792345"
"BG","2016","N14 L_AgriOther","NMVOC","Gg","3.08126623664328"
"BG","2016","N14 M_Other","NMVOC","Gg","0"
"BG","2016","N14 O_AviCruise","NMVOC","Gg","0.1054"
"BG","2016","N14 P_IntShipping","NMVOC","Gg","0"
"HR","2013","N14 A_PublicPower","NMVOC","Gg","0.25409558702493"
"HR","2013","N14 B_Industry","NMVOC","Gg","6.5099284369453"
"HR","2013","N14 C_OtherStatComb","NMVOC","Gg","19.296401971306"
"HR","2013","N14 D_Fugitive","NMVOC","Gg","3.74459005668728"
"HR","2013","N14 E_Solvents","NMVOC","Gg","23.2302773778417"
"HR","2013","N14 F_RoadTransport","NMVOC","Gg","7.06322346441435"
"HR","2013","N14 G_Shipping","NMVOC","Gg","0.28682135405"
"HR","2013","N14 H_Aviation","NMVOC","Gg","0.020131680195"
"HR","2013","N14 I_Offroad","NMVOC","Gg","1.12030772925087"
"HR","2013","N14 J_Waste","NMVOC","Gg","3.1135281854"
"HR","2013","N14 K_AgriLivestock","NMVOC","Gg","7.3343878864"
"HR","2013","N14 L_AgriOther","NMVOC","Gg","1.34923766"
"HR","2013","N14 M_Other","NMVOC","Gg","0"
"HR","2013","N14 O_AviCruise","NMVOC","Gg","0.05054221405"
"HR","2013","N14 P_IntShipping","NMVOC","Gg","0"
"HR","2013","N14 N_Natural","NMVOC","Gg","0.5997"
"HR","2013","N14 z_Memo","NMVOC","Gg","0"
"HU","1996","N14 A_PublicPower","NMVOC","Gg","0.485046309973966"
"HU","1996","N14 B_Industry","NMVOC","Gg","16.9387815190831"
"HU","1996","N14 C_OtherStatComb","NMVOC","Gg","23.3188771184179"
"HU","1996","N14 D_Fugitive","NMVOC","Gg","6.1716973399012"
"HU","1996","N14 E_Solvents","NMVOC","Gg","51.1354415662798"
"HU","1996","N14 F_RoadTransport","NMVOC","Gg","76.1551461307972"
"HU","1996","N14 G_Shipping","NMVOC","Gg","0.0252"
"HU","1996","N14 H_Aviation","NMVOC","Gg","0.00325137380547293"
"HU","1996","N14 I_Offroad","NMVOC","Gg","3.4295824716873"
"HU","1996","N14 J_Waste","NMVOC","Gg","2.03701672450302"
"HU","1996","N14 K_AgriLivestock","NMVOC","Gg","24.8991535842918"
"HU","1996","N14 L_AgriOther","NMVOC","Gg","3.66584950811953"
"HU","1996","N14 M_Other","NMVOC","Gg","0"
"HU","1996","N14 O_AviCruise","NMVOC","Gg","0"
"HU","1996","N14 P_IntShipping","NMVOC","Gg","0"
"HU","1996","N14 N_Natural","NMVOC","Gg","0"
"HU","1996","N14 z_Memo","NMVOC","Gg","0"
"MC","1999","N14 A_PublicPower","NMVOC","Gg","0.000184856624394572"
"MC","1999","N14 B_Industry","NMVOC","Gg","1.41344e-05"
"MC","1999","N14 C_OtherStatComb","NMVOC","Gg","0.000581652935135751"
"MC","1999","N14 D_Fugitive","NMVOC","Gg","7.65714285714286e-05"
"MC","1999","N14 E_Solvents","NMVOC","Gg","0.070998153100231"
"MC","1999","N14 F_RoadTransport","NMVOC","Gg","0.304243526332792"
"MC","1999","N14 G_Shipping","NMVOC","Gg","0.0135450686985197"
"MC","1999","N14 H_Aviation","NMVOC","Gg","0.0217932546"
"MC","1999","N14 I_Offroad","NMVOC","Gg","0.0125964802838625"
"MC","1999","N14 J_Waste","NMVOC","Gg","9.733983e-05"
"MC","1999","N14 K_AgriLivestock","NMVOC","Gg","0"
"MC","1999","N14 L_AgriOther","NMVOC","Gg","0"
"MC","1999","N14 M_Other","NMVOC","Gg","0"
"MC","1999","N14 O_AviCruise","NMVOC","Gg","0"
"MC","1999","N14 P_IntShipping","NMVOC","Gg","0.0408070569363239"
"MC","1999","N14 N_Natural","NMVOC","Gg","0"
"MC","1999","N14 z_Memo","NMVOC","Gg","0"
"EU15","2002","N14 A_PublicPower","NMVOC","Gg","30.0234596825198"
"EU15","2002","N14 B_Industry","NMVOC","Gg","553.015246690014"
"EU15","2002","N14 C_OtherStatComb","NMVOC","Gg","638.732610202482"
"EU15","2002","N14 D_Fugitive","NMVOC","Gg","766.623891223717"
"EU15","2002","N14 E_Solvents","NMVOC","Gg","3059.50086224953"
"EU15","2002","N14 F_RoadTransport","NMVOC","Gg","1875.5700573447"
"EU15","2002","N14 G_Shipping","NMVOC","Gg","97.6044508639151"
"EU15","2002","N14 H_Aviation","NMVOC","Gg","8.95471725155537"
"EU15","2002","N14 I_Offroad","NMVOC","Gg","287.036073517882"
"EU15","2002","N14 J_Waste","NMVOC","Gg","56.5495965005185"
"EU15","2002","N14 K_AgriLivestock","NMVOC","Gg","689.675461228087"
"EU15","2002","N14 L_AgriOther","NMVOC","Gg","200.91848869237"
"EU15","2002","N14 M_Other","NMVOC","Gg","1.960385572623"
"EU15","2002","N14 O_AviCruise","NMVOC","Gg","9.07427073626862"
"EU15","2002","N14 P_IntShipping","NMVOC","Gg","46.7678421406695"
"EU15","2002","N14 N_Natural","NMVOC","Gg","2022.98051633027"
"EU15","2002","N14 z_Memo","NMVOC","Gg","1406.18464580843"
"MK","1987","N14 A_PublicPower","NMVOC","Gg","0"
"MK","1987","N14 B_Industry","NMVOC","Gg","0"
"MK","1987","N14 C_OtherStatComb","NMVOC","Gg","0"
"MK","1987","N14 D_Fugitive","NMVOC","Gg","0"
"MK","1987","N14 E_Solvents","NMVOC","Gg","0"
"MK","1987","N14 F_RoadTransport","NMVOC","Gg","0"
"MK","1987","N14 G_Shipping","NMVOC","Gg","0"
"MK","1987","N14 H_Aviation","NMVOC","Gg","0"
"MK","1987","N14 I_Offroad","NMVOC","Gg","0"
"MK","1987","N14 J_Waste","NMVOC","Gg","0"
"MK","1987","N14 K_AgriLivestock","NMVOC","Gg","0"
"MK","1987","N14 L_AgriOther","NMVOC","Gg","0"
"MK","1987","N14 M_Other","NMVOC","Gg","0"
"MK","1987","N14 O_AviCruise","NMVOC","Gg","0"
"MK","1987","N14 P_IntShipping","NMVOC","Gg","0"
"MK","1987","N14 N_Natural","NMVOC","Gg","0"
"MK","1987","N14 z_Memo","NMVOC","Gg","0"
"AZ","1998","N14 A_PublicPower","NMVOC","Gg","0.125726328"
"AZ","1998","N14 B_Industry","NMVOC","Gg","7.5e-05"
"AZ","1998","N14 C_OtherStatComb","NMVOC","Gg","0"
"AZ","1998","N14 D_Fugitive","NMVOC","Gg","5.6272"
"AZ","1998","N14 E_Solvents","NMVOC","Gg","21.26709"
"AZ","1998","N14 F_RoadTransport","NMVOC","Gg","7.839096395"
"AZ","1998","N14 G_Shipping","NMVOC","Gg","0"
"AZ","1998","N14 H_Aviation","NMVOC","Gg","0"
"AZ","1998","N14 I_Offroad","NMVOC","Gg","0"
"AZ","1998","N14 J_Waste","NMVOC","Gg","0"
"AZ","1998","N14 K_AgriLivestock","NMVOC","Gg","16.4187134"
"AZ","1998","N14 L_AgriOther","NMVOC","Gg","0"
"AZ","1998","N14 M_Other","NMVOC","Gg","0"
"AZ","1998","N14 O_AviCruise","NMVOC","Gg","0"
"AZ","1998","N14 P_IntShipping","NMVOC","Gg","0"
"AZ","1998","N14 N_Natural","NMVOC","Gg","0"
"AZ","1998","N14 z_Memo","NMVOC","Gg","5.2654"
"SE","1993","N14 A_PublicPower","NMVOC","Gg","2.36020784318774"
"SE","1993","N14 B_Industry","NMVOC","Gg","21.321236102908"
"SE","1993","N14 C_OtherStatComb","NMVOC","Gg","21.384313914443"
"SE","1993","N14 D_Fugitive","NMVOC","Gg","17.519195547463"
"SE","1993","N14 E_Solvents","NMVOC","Gg","65.6359376384013"
"SE","1993","N14 F_RoadTransport","NMVOC","Gg","105.083291031553"
"SE","1993","N14 G_Shipping","NMVOC","Gg","5.09418187659467"
"SE","1993","N14 H_Aviation","NMVOC","Gg","0.158266005089608"
"SE","1993","N14 I_Offroad","NMVOC","Gg","14.6913395645941"
"SE","1993","N14 J_Waste","NMVOC","Gg","2.16075453770652"
"SE","1993","N14 K_AgriLivestock","NMVOC","Gg","26.6069717172674"
"SE","1993","N14 L_AgriOther","NMVOC","Gg","12.1538889613585"
"SE","1993","N14 M_Other","NMVOC","Gg","0"
"SE","1993","N14 O_AviCruise","NMVOC","Gg","1.09160924722901"
"SE","1993","N14 P_IntShipping","NMVOC","Gg","1.02121211336254"
"SE","1993","N14 N_Natural","NMVOC","Gg","0"
"SE","1993","N14 z_Memo","NMVOC","Gg","0"
"UA","2016","N14 A_PublicPower","NMVOC","Gg","1.40003253401112"
"UA","2016","N14 B_Industry","NMVOC","Gg","71.1674650681905"
"UA","2016","N14 C_OtherStatComb","NMVOC","Gg","16.5892015160059"
"UA","2016","N14 D_Fugitive","NMVOC","Gg","19.4887871810899"
"UA","2016","N14 E_Solvents","NMVOC","Gg","42.9340135273313"
"UA","2016","N14 F_RoadTransport","NMVOC","Gg","67.3029798039717"
"UA","2016","N14 G_Shipping","NMVOC","Gg","0.130060232368434"
"UA","2016","N14 H_Aviation","NMVOC","Gg","0.12255904267"
"UA","2016","N14 I_Offroad","NMVOC","Gg","0.901463490913668"
"UA","2016","N14 J_Waste","NMVOC","Gg","3.01366984581639"
"UA","2016","N14 K_AgriLivestock","NMVOC","Gg","0.161478329659839"
"UA","2016","N14 L_AgriOther","NMVOC","Gg","0.00542312358227044"
"UA","2016","N14 M_Other","NMVOC","Gg","0"
"UA","2016","N14 O_AviCruise","NMVOC","Gg","1.3553125032554"
"UA","2016","N14 P_IntShipping","NMVOC","Gg","0"
"UA","2016","N14 N_Natural","NMVOC","Gg","3.9131"
"UA","2016","N14 z_Memo","NMVOC","Gg","0"
"CH","2006","N14 A_PublicPower","NMVOC","Gg","0.207906963865111"
"CH","2006","N14 B_Industry","NMVOC","Gg","7.72220889319633"
"CH","2006","N14 C_OtherStatComb","NMVOC","Gg","4.79398793260162"
"CH","2006","N14 D_Fugitive","NMVOC","Gg","5.73040163355041"
"CH","2006","N14 E_Solvents","NMVOC","Gg","41.4582968725031"
"CH","2006","N14 F_RoadTransport","NMVOC","Gg","18.5682673541427"
"CH","2006","N14 G_Shipping","NMVOC","Gg","0.576857570534382"
"CH","2006","N14 H_Aviation","NMVOC","Gg","0.2377240051656"
"CH","2006","N14 I_Offroad","NMVOC","Gg","5.28800095763484"
"CH","2006","N14 J_Waste","NMVOC","Gg","0.809761671330846"
"CH","2006","N14 K_AgriLivestock","NMVOC","Gg","17.6659165209743"
"CH","2006","N14 L_AgriOther","NMVOC","Gg","0.4698497825861"
"CH","2006","N14 M_Other","NMVOC","Gg","0.172420741199584"
"CH","2006","N14 O_AviCruise","NMVOC","Gg","0.452293161386784"
"CH","2006","N14 P_IntShipping","NMVOC","Gg","0.160482696552299"
"CH","2006","N14 N_Natural","NMVOC","Gg","68.2618126584073"
"CH","2006","N14 z_Memo","NMVOC","Gg","17.6259433713747"
"HU","2011","N14 A_PublicPower","NMVOC","Gg","2.13050096114592"
"HU","2011","N14 B_Industry","NMVOC","Gg","12.859097354169"
"HU","2011","N14 C_OtherStatComb","NMVOC","Gg","40.2729688912"
"HU","2011","N14 D_Fugitive","NMVOC","Gg","3.04759592881965"
"HU","2011","N14 E_Solvents","NMVOC","Gg","41.0533485542864"
"HU","2011","N14 F_RoadTransport","NMVOC","Gg","21.7049792299999"
"HU","2011","N14 G_Shipping","NMVOC","Gg","0.0177333333333333"
"HU","2011","N14 H_Aviation","NMVOC","Gg","0.00370995185328643"
"HU","2011","N14 I_Offroad","NMVOC","Gg","2.00356281913347"
"HU","2011","N14 J_Waste","NMVOC","Gg","2.21666809276418"
"HU","2011","N14 K_AgriLivestock","NMVOC","Gg","21.3588517250088"
"HU","2011","N14 L_AgriOther","NMVOC","Gg","3.57009478"
"HU","2011","N14 M_Other","NMVOC","Gg","0"
"HU","2011","N14 O_AviCruise","NMVOC","Gg","0.00811215705847285"
"HU","2011","N14 P_IntShipping","NMVOC","Gg","0"
"HU","2011","N14 N_Natural","NMVOC","Gg","0"
"HU","2011","N14 z_Memo","NMVOC","Gg","0"
"FI","2002","N14 A_PublicPower","NMVOC","Gg","0.8004415319289"
"FI","2002","N14 B_Industry","NMVOC","Gg","12.9967257196933"
"FI","2002","N14 C_OtherStatComb","NMVOC","Gg","18.498266191234"
"FI","2002","N14 D_Fugitive","NMVOC","Gg","7.88553966"
"FI","2002","N14 E_Solvents","NMVOC","Gg","30.830265354"
"FI","2002","N14 F_RoadTransport","NMVOC","Gg","44.1303511289603"
"FI","2002","N14 G_Shipping","NMVOC","Gg","8.85658007145286"
"FI","2002","N14 H_Aviation","NMVOC","Gg","0.147913342410652"
"FI","2002","N14 I_Offroad","NMVOC","Gg","24.9196238694182"
"FI","2002","N14 J_Waste","NMVOC","Gg","0.196253753"
"FI","2002","N14 K_AgriLivestock","NMVOC","Gg","12.6031014440848"
"FI","2002","N14 L_AgriOther","NMVOC","Gg","4.44273906784722"
"FI","2002","N14 M_Other","NMVOC","Gg","0"
"FI","2002","N14 O_AviCruise","NMVOC","Gg","0.168457548323856"
"FI","2002","N14 P_IntShipping","NMVOC","Gg","1.2851"
"FI","2002","N14 N_Natural","NMVOC","Gg","0"
"FI","2002","N14 z_Memo","NMVOC","Gg","0"
"EU09","1999","N14 A_PublicPower","NMVOC","Gg","22.5579690972307"
"EU09","1999","N14 B_Industry","NMVOC","Gg","446.939187233789"
"EU09","1999","N14 C_OtherStatComb","NMVOC","Gg","697.883708213132"
"EU09","1999","N14 D_Fugitive","NMVOC","Gg","798.308686958802"
"EU09","1999","N14 E_Solvents","NMVOC","Gg","2721.4881011117"
"EU09","1999","N14 F_RoadTransport","NMVOC","Gg","2243.15157255706"
"EU09","1999","N14 G_Shipping","NMVOC","Gg","82.7242817867653"
"EU09","1999","N14 H_Aviation","NMVOC","Gg","8.30827533566739"
"EU09","1999","N14 I_Offroad","NMVOC","Gg","243.664974834745"
"EU09","1999","N14 J_Waste","NMVOC","Gg","47.9063408961807"
"EU09","1999","N14 K_AgriLivestock","NMVOC","Gg","584.475316630378"
"EU09","1999","N14 L_AgriOther","NMVOC","Gg","84.7433581849365"
"EU09","1999","N14 M_Other","NMVOC","Gg","2.003833816506"
"EU09","1999","N14 O_AviCruise","NMVOC","Gg","6.50415096045486"
"EU09","1999","N14 P_IntShipping","NMVOC","Gg","27.5055364916628"
"EU09","1999","N14 N_Natural","NMVOC","Gg","1478.38106488145"
"EU09","1999","N14 z_Memo","NMVOC","Gg","1543.18304412669"
"PT","1995","N14 A_PublicPower","NMVOC","Gg","0.409434601313311"
"PT","1995","N14 B_Industry","NMVOC","Gg","19.6679823141405"
"PT","1995","N14 C_OtherStatComb","NMVOC","Gg","25.711911216221"
"PT","1995","N14 D_Fugitive","NMVOC","Gg","12.4800422150077"
"PT","1995","N14 E_Solvents","NMVOC","Gg","79.0886908374756"
"PT","1995","N14 F_RoadTransport","NMVOC","Gg","89.497180848221"
"PT","1995","N14 G_Shipping","NMVOC","Gg","0.199238126774217"
"PT","1995","N14 H_Aviation","NMVOC","Gg","1.21012283539903"
"PT","1995","N14 I_Offroad","NMVOC","Gg","1.31798868166614"
"PT","1995","N14 J_Waste","NMVOC","Gg","1.70512590450393"
"PT","1995","N14 K_AgriLivestock","NMVOC","Gg","9.87915158112332"
"PT","1995","N14 L_AgriOther","NMVOC","Gg","7.80659465411479"
"PT","1995","N14 M_Other","NMVOC","Gg","0"
"PT","1995","N14 O_AviCruise","NMVOC","Gg","0.330993988976194"
"PT","1995","N14 P_IntShipping","NMVOC","Gg","0.981806473713275"
"PT","1995","N14 N_Natural","NMVOC","Gg","518.262651214546"
"PT","1995","N14 z_Memo","NMVOC","Gg","0"
"PT","2000","N14 A_PublicPower","NMVOC","Gg","0.588715126533997"
"PT","2000","N14 B_Industry","NMVOC","Gg","23.7958870794207"
"PT","2000","N14 C_OtherStatComb","NMVOC","Gg","22.6891950977325"
"PT","2000","N14 D_Fugitive","NMVOC","Gg","12.1672559416942"
"PT","2000","N14 E_Solvents","NMVOC","Gg","102.231701005528"
"PT","2000","N14 F_RoadTransport","NMVOC","Gg","65.800701655774"
"PT","2000","N14 G_Shipping","NMVOC","Gg","0.176562894829416"
"PT","2000","N14 H_Aviation","NMVOC","Gg","0.774682903273315"
"PT","2000","N14 I_Offroad","NMVOC","Gg","0.963527664024553"
"PT","2000","N14 J_Waste","NMVOC","Gg","2.18643784438879"
"PT","2000","N14 K_AgriLivestock","NMVOC","Gg","10.093691706105"
"PT","2000","N14 L_AgriOther","NMVOC","Gg","7.90921491539038"
"PT","2000","N14 M_Other","NMVOC","Gg","0"
"PT","2000","N14 O_AviCruise","NMVOC","Gg","0.370206356991455"
"PT","2000","N14 P_IntShipping","NMVOC","Gg","1.45949329365482"
"PT","2000","N14 N_Natural","NMVOC","Gg","527.222529084589"
"PT","2000","N14 z_Memo","NMVOC","Gg","0"
"PT","2017","N14 A_PublicPower","NMVOC","Gg","1.75649177900608"
"PT","2017","N14 B_Industry","NMVOC","Gg","26.5394813255131"
"PT","2017","N14 C_OtherStatComb","NMVOC","Gg","14.5076085320866"
"PT","2017","N14 D_Fugitive","NMVOC","Gg","9.81036608078723"
"PT","2017","N14 E_Solvents","NMVOC","Gg","79.7222291674306"
"PT","2017","N14 F_RoadTransport","NMVOC","Gg","16.9354321335285"
"PT","2017","N14 G_Shipping","NMVOC","Gg","0.23510650509385"
"PT","2017","N14 H_Aviation","NMVOC","Gg","0.532431483370864"
"PT","2017","N14 I_Offroad","NMVOC","Gg","0.671524600971955"
"PT","2017","N14 J_Waste","NMVOC","Gg","2.1672498022192"
"PT","2017","N14 K_AgriLivestock","NMVOC","Gg","7.86373979513597"
"PT","2017","N14 L_AgriOther","NMVOC","Gg","6.79457242272269"
"PT","2017","N14 M_Other","NMVOC","Gg","0"
"PT","2017","N14 O_AviCruise","NMVOC","Gg","0.472911157085013"
"PT","2017","N14 P_IntShipping","NMVOC","Gg","2.17975845762935"
"PT","2017","N14 N_Natural","NMVOC","Gg","594.238827429429"
"PT","2017","N14 z_Memo","NMVOC","Gg","0"
"GB","2011","N14 A_PublicPower","NMVOC","Gg","2.597548172632"
"GB","2011","N14 B_Industry","NMVOC","Gg","120.79876061009"
"GB","2011","N14 C_OtherStatComb","NMVOC","Gg","37.365662513013"
"GB","2011","N14 D_Fugitive","NMVOC","Gg","179.211576146795"
"GB","2011","N14 E_Solvents","NMVOC","Gg","316.941829791727"
"GB","2011","N14 F_RoadTransport","NMVOC","Gg","59.3971521253341"
"GB","2011","N14 G_Shipping","NMVOC","Gg","8.384464061515"
"GB","2011","N14 H_Aviation","NMVOC","Gg","1.898203362799"
"GB","2011","N14 I_Offroad","NMVOC","Gg","31.36647947543"
"GB","2011","N14 J_Waste","NMVOC","Gg","7.878560359034"
"GB","2011","N14 K_AgriLivestock","NMVOC","Gg","85.841231373265"
"GB","2011","N14 L_AgriOther","NMVOC","Gg","7.932924103898"
"GB","2011","N14 M_Other","NMVOC","Gg","1.55196594281"
"GB","2011","N14 O_AviCruise","NMVOC","Gg","1.656109033181"
"GB","2011","N14 P_IntShipping","NMVOC","Gg","10.086297063949"
"GB","2011","N14 N_Natural","NMVOC","Gg","91.907723137255"
"GB","2011","N14 z_Memo","NMVOC","Gg","57.26835086022"
"MK","2008","N14 A_PublicPower","NMVOC","Gg","0.0807862112320636"
"MK","2008","N14 B_Industry","NMVOC","Gg","2.01150707640246"
"MK","2008","N14 C_OtherStatComb","NMVOC","Gg","10.012387660159"
"MK","2008","N14 D_Fugitive","NMVOC","Gg","2.65955055505469"
"MK","2008","N14 E_Solvents","NMVOC","Gg","7.88177060715566"
"MK","2008","N14 F_RoadTransport","NMVOC","Gg","11.9702819144055"
"MK","2008","N14 G_Shipping","NMVOC","Gg","0.00048780942073517"
"MK","2008","N14 H_Aviation","NMVOC","Gg","0.0029411801455"
"MK","2008","N14 I_Offroad","NMVOC","Gg","0.703369435289037"
"MK","2008","N14 J_Waste","NMVOC","Gg","3.23707736712737"
"MK","2008","N14 K_AgriLivestock","NMVOC","Gg","3.437150154"
"MK","2008","N14 L_AgriOther","NMVOC","Gg","0.91504"
"MK","2008","N14 M_Other","NMVOC","Gg","0"
"MK","2008","N14 O_AviCruise","NMVOC","Gg","0.116295954471"
"MK","2008","N14 P_IntShipping","NMVOC","Gg","0"
"MK","2008","N14 N_Natural","NMVOC","Gg","4.5138"
"MK","2008","N14 z_Memo","NMVOC","Gg","0"
"HR","2011","N14 A_PublicPower","NMVOC","Gg","0.2917883952462"
"HR","2011","N14 B_Industry","NMVOC","Gg","7.5355601685328"
"HR","2011","N14 C_OtherStatComb","NMVOC","Gg","21.17777453303"
"HR","2011","N14 D_Fugitive","NMVOC","Gg","4.26532077788644"
"HR","2011","N14 E_Solvents","NMVOC","Gg","27.0369267953109"
"HR","2011","N14 F_RoadTransport","NMVOC","Gg","9.83348941453048"
"HR","2011","N14 G_Shipping","NMVOC","Gg","0.26858658318"
"HR","2011","N14 H_Aviation","NMVOC","Gg","0.02149893251"
"HR","2011","N14 I_Offroad","NMVOC","Gg","1.36507960131453"
"HR","2011","N14 J_Waste","NMVOC","Gg","3.17574485964"
"HR","2011","N14 K_AgriLivestock","NMVOC","Gg","7.71689972884"
"HR","2011","N14 L_AgriOther","NMVOC","Gg","1.14043138"
"HR","2011","N14 M_Other","NMVOC","Gg","0"
"HR","2011","N14 O_AviCruise","NMVOC","Gg","0.04330758264"
"HR","2011","N14 P_IntShipping","NMVOC","Gg","0.0660092609"
"HR","2011","N14 N_Natural","NMVOC","Gg","0.9831"
"HR","2011","N14 z_Memo","NMVOC","Gg","0"
"MD","2013","N14 A_PublicPower","NMVOC","Gg","0.13745475"
"MD","2013","N14 B_Industry","NMVOC","Gg","5.268614954"
"MD","2013","N14 C_OtherStatComb","NMVOC","Gg","3.606913847008"
"MD","2013","N14 D_Fugitive","NMVOC","Gg","0"
"MD","2013","N14 E_Solvents","NMVOC","Gg","22.31041"
"MD","2013","N14 F_RoadTransport","NMVOC","Gg","2.60008124679"
"MD","2013","N14 G_Shipping","NMVOC","Gg","0.00024164"
"MD","2013","N14 H_Aviation","NMVOC","Gg","3.762e-05"
"MD","2013","N14 K_AgriLivestock","NMVOC","Gg","7.46459238084"
"MD","2013","N14 L_AgriOther","NMVOC","Gg","1.428374691715"
"DK","2008","N14 A_PublicPower","NMVOC","Gg","2.15015388428033"
"DK","2008","N14 B_Industry","NMVOC","Gg","4.52712243227618"
"DK","2008","N14 C_OtherStatComb","NMVOC","Gg","18.601137533901"
"DK","2008","N14 D_Fugitive","NMVOC","Gg","14.7865343497052"
"DK","2008","N14 E_Solvents","NMVOC","Gg","29.1346106436655"
"DK","2008","N14 F_RoadTransport","NMVOC","Gg","17.891607813957"
"DK","2008","N14 G_Shipping","NMVOC","Gg","0.553167595288235"
"DK","2008","N14 H_Aviation","NMVOC","Gg","0.223091234614897"
"DK","2008","N14 I_Offroad","NMVOC","Gg","7.60333762519186"
"DK","2008","N14 J_Waste","NMVOC","Gg","0.444304842002293"
"DK","2008","N14 K_AgriLivestock","NMVOC","Gg","35.0560077768519"
"DK","2008","N14 L_AgriOther","NMVOC","Gg","1.69144166375"
"DK","2008","N14 M_Other","NMVOC","Gg","0"
"DK","2008","N14 O_AviCruise","NMVOC","Gg","0.178376670222745"
"DK","2008","N14 P_IntShipping","NMVOC","Gg","2.1951926314996"
"DK","2008","N14 N_Natural","NMVOC","Gg","0"
"DK","2008","N14 z_Memo","NMVOC","Gg","0"
"ES","2000","N14 A_PublicPower","NMVOC","Gg","1.09371256819831"
"ES","2000","N14 B_Industry","NMVOC","Gg","78.2220996800594"
"ES","2000","N14 C_OtherStatComb","NMVOC","Gg","33.678612225"
"ES","2000","N14 D_Fugitive","NMVOC","Gg","39.855493190168"
"ES","2000","N14 E_Solvents","NMVOC","Gg","409.522652546"
"ES","2000","N14 F_RoadTransport","NMVOC","Gg","209.132547612"
"ES","2000","N14 G_Shipping","NMVOC","Gg","2.2666237"
"ES","2000","N14 H_Aviation","NMVOC","Gg","0.506425118479762"
"ES","2000","N14 I_Offroad","NMVOC","Gg","19.121862554"
"ES","2000","N14 J_Waste","NMVOC","Gg","6.330543677805"
"ES","2000","N14 K_AgriLivestock","NMVOC","Gg","55.387430259"
"ES","2000","N14 L_AgriOther","NMVOC","Gg","87.219291287"
"ES","2000","N14 M_Other","NMVOC","Gg","0"
"ES","2000","N14 O_AviCruise","NMVOC","Gg","0.918997097653809"
"ES","2000","N14 P_IntShipping","NMVOC","Gg","14.357538614"
"ES","2000","N14 N_Natural","NMVOC","Gg","0"
"ES","2000","N14 z_Memo","NMVOC","Gg","0"
"AZ","2008","N14 A_PublicPower","NMVOC","Gg","0.57326643"
"AZ","2008","N14 B_Industry","NMVOC","Gg","10.58278234"
"AZ","2008","N14 C_OtherStatComb","NMVOC","Gg","2.259604525"
"AZ","2008","N14 D_Fugitive","NMVOC","Gg","12.26344"
"AZ","2008","N14 E_Solvents","NMVOC","Gg","12.819838"
"AZ","2008","N14 F_RoadTransport","NMVOC","Gg","17.25554133"
"AZ","2008","N14 G_Shipping","NMVOC","Gg","0.37067"
"AZ","2008","N14 H_Aviation","NMVOC","Gg","0"
"AZ","2008","N14 I_Offroad","NMVOC","Gg","4.1236099"
"AZ","2008","N14 J_Waste","NMVOC","Gg","0.003399"
"AZ","2008","N14 K_AgriLivestock","NMVOC","Gg","21.773614496"
"AZ","2008","N14 L_AgriOther","NMVOC","Gg","1.28989766"
"AZ","2008","N14 M_Other","NMVOC","Gg","0"
"AZ","2008","N14 O_AviCruise","NMVOC","Gg","0"
"AZ","2008","N14 P_IntShipping","NMVOC","Gg","0"
"AZ","2008","N14 N_Natural","NMVOC","Gg","0"
"AZ","2008","N14 z_Memo","NMVOC","Gg","17.66945633"
"DE","2017","N14 A_PublicPower","NMVOC","Gg","8.67434714875416"
"DE","2017","N14 B_Industry","NMVOC","Gg","45.0347514355871"
"DE","2017","N14 C_OtherStatComb","NMVOC","Gg","38.3088770502989"
"DE","2017","N14 D_Fugitive","NMVOC","Gg","72.3309843088744"
"DE","2017","N14 E_Solvents","NMVOC","Gg","576.738860286051"
"DE","2017","N14 F_RoadTransport","NMVOC","Gg","93.6237645746798"
"DE","2017","N14 G_Shipping","NMVOC","Gg","1.11752427224393"
"DE","2017","N14 H_Aviation","NMVOC","Gg","0.885271322012303"
"DE","2017","N14 I_Offroad","NMVOC","Gg","29.4849465767378"
"DE","2017","N14 J_Waste","NMVOC","Gg","0.151697658000005"
"DE","2017","N14 K_AgriLivestock","NMVOC","Gg","192.730800692474"
"DE","2017","N14 L_AgriOther","NMVOC","Gg","9.6766380812787"
"DE","2017","N14 M_Other","NMVOC","Gg","0"
"DE","2017","N14 O_AviCruise","NMVOC","Gg","1.92763539516146"
"DE","2017","N14 P_IntShipping","NMVOC","Gg","2.82641545774379"
"DE","2017","N14 N_Natural","NMVOC","Gg","0.1810051555"
"DE","2017","N14 z_Memo","NMVOC","Gg","0"
"MT","2007","N14 A_PublicPower","NMVOC","Gg","0.057"
"MT","2007","N14 B_Industry","NMVOC","Gg","0.154917902939248"
"MT","2007","N14 C_OtherStatComb","NMVOC","Gg","0.0166758567499425"
"MT","2007","N14 D_Fugitive","NMVOC","Gg","0.13"
"MT","2007","N14 E_Solvents","NMVOC","Gg","0.48874856"
"MT","2007","N14 F_RoadTransport","NMVOC","Gg","1.80755375049633"
"MT","2007","N14 G_Shipping","NMVOC","Gg","0.0146744552783874"
"MT","2007","N14 H_Aviation","NMVOC","Gg","0.02865189"
"MT","2007","N14 I_Offroad","NMVOC","Gg","9.71805559638856e-05"
"MT","2007","N14 J_Waste","NMVOC","Gg","0.435034103422958"
"MT","2007","N14 K_AgriLivestock","NMVOC","Gg","0.584610744343979"
"MT","2007","N14 L_AgriOther","NMVOC","Gg","0.000297161021276596"
"MT","2007","N14 M_Other","NMVOC","Gg","0.003423"
"MT","2007","N14 O_AviCruise","NMVOC","Gg","0.0079367105"
"MT","2007","N14 P_IntShipping","NMVOC","Gg","6.01152136543196e-12"
"LV","1993","N14 A_PublicPower","NMVOC","Gg","0.131470882678398"
"LV","1993","N14 B_Industry","NMVOC","Gg","3.41336130798165"
"LV","1993","N14 C_OtherStatComb","NMVOC","Gg","14.9104248049095"
"LV","1993","N14 D_Fugitive","NMVOC","Gg","3.446645"
"LV","1993","N14 E_Solvents","NMVOC","Gg","9.24502596110645"
"LV","1993","N14 F_RoadTransport","NMVOC","Gg","20.608613556226"
"LV","1993","N14 G_Shipping","NMVOC","Gg","0.0116214650604002"
"LV","1993","N14 H_Aviation","NMVOC","Gg","0.0282527424041907"
"LV","1993","N14 I_Offroad","NMVOC","Gg","2.43271481529934"
"LV","1993","N14 J_Waste","NMVOC","Gg","0.77949300039404"
"LV","1993","N14 K_AgriLivestock","NMVOC","Gg","8.02725201452071"
"LV","1993","N14 L_AgriOther","NMVOC","Gg","1.226729"
"LV","1993","N14 M_Other","NMVOC","Gg","0"
"LV","1993","N14 O_AviCruise","NMVOC","Gg","0.0301485294458093"
"LV","1993","N14 P_IntShipping","NMVOC","Gg","0.5865"
"LV","1993","N14 N_Natural","NMVOC","Gg","0.285"
"LV","1993","N14 z_Memo","NMVOC","Gg","0"
"NO","2007","N14 A_PublicPower","NMVOC","Gg","0.8116269511"
"NO","2007","N14 B_Industry","NMVOC","Gg","8.0540568891"
"NO","2007","N14 C_OtherStatComb","NMVOC","Gg","9.1922514305"
"NO","2007","N14 D_Fugitive","NMVOC","Gg","91.8267983673"
"NO","2007","N14 E_Solvents","NMVOC","Gg","42.9805360977"
"NO","2007","N14 F_RoadTransport","NMVOC","Gg","16.1097963065"
"NO","2007","N14 G_Shipping","NMVOC","Gg","3.4190721651"
"NO","2007","N14 H_Aviation","NMVOC","Gg","0.3659791535"
"NO","2007","N14 I_Offroad","NMVOC","Gg","25.0783001881"
"NO","2007","N14 J_Waste","NMVOC","Gg","1.0858729983"
"NO","2007","N14 K_AgriLivestock","NMVOC","Gg","10.0309056538"
"NO","2007","N14 L_AgriOther","NMVOC","Gg","0.7683048955"
"NO","2007","N14 M_Other","NMVOC","Gg","0"
"NO","2007","N14 O_AviCruise","NMVOC","Gg","1.074073084"
"NO","2007","N14 P_IntShipping","NMVOC","Gg","0.3627743675"
"NO","2007","N14 N_Natural","NMVOC","Gg","0"
"NO","2007","N14 z_Memo","NMVOC","Gg","20.853567849"
"CH","1995","N14 A_PublicPower","NMVOC","Gg","0.226781942924359"
"CH","1995","N14 B_Industry","NMVOC","Gg","9.74429409610359"
"CH","1995","N14 C_OtherStatComb","NMVOC","Gg","7.75372079539582"
"CH","1995","N14 D_Fugitive","NMVOC","Gg","12.5267895729113"
"CH","1995","N14 E_Solvents","NMVOC","Gg","99.4423446382335"
"CH","1995","N14 F_RoadTransport","NMVOC","Gg","44.0286709131474"
"CH","1995","N14 G_Shipping","NMVOC","Gg","1.49989017316957"
"CH","1995","N14 H_Aviation","NMVOC","Gg","0.235624159376007"
"CH","1995","N14 I_Offroad","NMVOC","Gg","7.84810399918119"
"CH","1995","N14 J_Waste","NMVOC","Gg","0.704321487812458"
"CH","1995","N14 K_AgriLivestock","NMVOC","Gg","17.9786074168621"
"CH","1995","N14 L_AgriOther","NMVOC","Gg","0.4790627298131"
"CH","1995","N14 M_Other","NMVOC","Gg","0.213466859535629"
"CH","1995","N14 O_AviCruise","NMVOC","Gg","0.444406831748317"
"CH","1995","N14 P_IntShipping","NMVOC","Gg","0.376918420149347"
"CH","1995","N14 N_Natural","NMVOC","Gg","60.4796015745019"
"CH","1995","N14 z_Memo","NMVOC","Gg","44.0324537787371"
"NO","1995","N14 A_PublicPower","NMVOC","Gg","0.4360242915"
"NO","1995","N14 B_Industry","NMVOC","Gg","7.7692546208"
"NO","1995","N14 C_OtherStatComb","NMVOC","Gg","7.6517741868"
"NO","1995","N14 D_Fugitive","NMVOC","Gg","230.7857152552"
"NO","1995","N14 E_Solvents","NMVOC","Gg","49.2807864576"
"NO","1995","N14 F_RoadTransport","NMVOC","Gg","50.2489343557"
"NO","1995","N14 G_Shipping","NMVOC","Gg","3.045564441"
"NO","1995","N14 H_Aviation","NMVOC","Gg","0.2886570548"
"NO","1995","N14 I_Offroad","NMVOC","Gg","30.9327384717"
"NO","1995","N14 J_Waste","NMVOC","Gg","1.2609473423"
"NO","1995","N14 K_AgriLivestock","NMVOC","Gg","10.3511525479"
"NO","1995","N14 L_AgriOther","NMVOC","Gg","0.8668198492"
"NO","1995","N14 M_Other","NMVOC","Gg","0"
"NO","1995","N14 O_AviCruise","NMVOC","Gg","0.8089143781"
"NO","1995","N14 P_IntShipping","NMVOC","Gg","0.4279214523"
"NO","1995","N14 N_Natural","NMVOC","Gg","0"
"NO","1995","N14 z_Memo","NMVOC","Gg","54.413866401"
"EU27","2010","N14 A_PublicPower","NMVOC","Gg","45.6128666667852"
"EU27","2010","N14 B_Industry","NMVOC","Gg","628.809324739282"
"EU27","2010","N14 C_OtherStatComb","NMVOC","Gg","1186.04423140978"
"EU27","2010","N14 D_Fugitive","NMVOC","Gg","573.165106092022"
"EU27","2010","N14 E_Solvents","NMVOC","Gg","2947.22207858167"
"EU27","2010","N14 F_RoadTransport","NMVOC","Gg","900.381470579899"
"EU27","2010","N14 G_Shipping","NMVOC","Gg","65.2970416382911"
"EU27","2010","N14 H_Aviation","NMVOC","Gg","7.96972288162785"
"EU27","2010","N14 I_Offroad","NMVOC","Gg","218.227219252888"
"EU27","2010","N14 J_Waste","NMVOC","Gg","82.2175209755573"
"EU27","2010","N14 K_AgriLivestock","NMVOC","Gg","852.0422505621"
"EU27","2010","N14 L_AgriOther","NMVOC","Gg","216.008926991938"
"EU27","2010","N14 M_Other","NMVOC","Gg","1.987764664451"
"EU27","2010","N14 O_AviCruise","NMVOC","Gg","12.16775266939"
"EU27","2010","N14 P_IntShipping","NMVOC","Gg","58.1453265205868"
"EU27","2010","N14 N_Natural","NMVOC","Gg","2396.92584240627"
"EU27","2010","N14 z_Memo","NMVOC","Gg","1432.44870887651"
"ES","2001","N14 A_PublicPower","NMVOC","Gg","1.10176621951584"
"ES","2001","N14 B_Industry","NMVOC","Gg","79.0717461219004"
"ES","2001","N14 C_OtherStatComb","NMVOC","Gg","34.025332752"
"ES","2001","N14 D_Fugitive","NMVOC","Gg","37.658504759674"
"ES","2001","N14 E_Solvents","NMVOC","Gg","401.489133944"
"ES","2001","N14 F_RoadTransport","NMVOC","Gg","185.649435087"
"ES","2001","N14 G_Shipping","NMVOC","Gg","2.393520777"
"ES","2001","N14 H_Aviation","NMVOC","Gg","0.518596867704369"
"ES","2001","N14 I_Offroad","NMVOC","Gg","19.011018469"
"ES","2001","N14 J_Waste","NMVOC","Gg","6.298702136015"
"ES","2001","N14 K_AgriLivestock","NMVOC","Gg","57.327675341"
"ES","2001","N14 L_AgriOther","NMVOC","Gg","88.274578776"
"ES","2001","N14 M_Other","NMVOC","Gg","0"
"ES","2001","N14 O_AviCruise","NMVOC","Gg","0.950751843135714"
"ES","2001","N14 P_IntShipping","NMVOC","Gg","16.116089475"
"ES","2001","N14 N_Natural","NMVOC","Gg","0"
"ES","2001","N14 z_Memo","NMVOC","Gg","0"
"HR","2016","N14 A_PublicPower","NMVOC","Gg","0.27070999981072"
"HR","2016","N14 B_Industry","NMVOC","Gg","6.55187479897972"
"HR","2016","N14 C_OtherStatComb","NMVOC","Gg","16.384970691"
"HR","2016","N14 D_Fugitive","NMVOC","Gg","3.59678307781326"
"HR","2016","N14 E_Solvents","NMVOC","Gg","22.3433275460043"
"HR","2016","N14 F_RoadTransport","NMVOC","Gg","5.84311348904402"
"HR","2016","N14 G_Shipping","NMVOC","Gg","0.31140604154"
"HR","2016","N14 H_Aviation","NMVOC","Gg","0.022728427015"
"HR","2016","N14 I_Offroad","NMVOC","Gg","0.942766118312798"
"HR","2016","N14 J_Waste","NMVOC","Gg","2.7649444042"
"HR","2016","N14 K_AgriLivestock","NMVOC","Gg","7.7396263802"
"HR","2016","N14 L_AgriOther","NMVOC","Gg","1.32957634"
"HR","2016","N14 M_Other","NMVOC","Gg","0"
"HR","2016","N14 O_AviCruise","NMVOC","Gg","0.04992069164"
"HR","2016","N14 P_IntShipping","NMVOC","Gg","0.01161012882"
"HR","2016","N14 N_Natural","NMVOC","Gg","2.0199"
"HR","2016","N14 z_Memo","NMVOC","Gg","0"
"CA","2007","N14 A_PublicPower","NMVOC","Gg","2.01910823576573"
"CA","2007","N14 B_Industry","NMVOC","Gg","174.316099935317"
"CA","2007","N14 C_OtherStatComb","NMVOC","Gg","238.045778736276"
"CA","2007","N14 D_Fugitive","NMVOC","Gg","676.112503402342"
"CA","2007","N14 E_Solvents","NMVOC","Gg","350.919398785555"
"CA","2007","N14 F_RoadTransport","NMVOC","Gg","236.831755770437"
"CA","2007","N14 G_Shipping","NMVOC","Gg","8.55541720666049"
"CA","2007","N14 H_Aviation","NMVOC","Gg","2.31225665644552"
"CA","2007","N14 I_Offroad","NMVOC","Gg","367.554833930721"
"CA","2007","N14 J_Waste","NMVOC","Gg","11.3090879936608"
"CA","2007","N14 K_AgriLivestock","NMVOC","Gg","120.762166634921"
"CA","2007","N14 L_AgriOther","NMVOC","Gg","1.68997835840298"
"CA","2007","N14 M_Other","NMVOC","Gg","1.91371587610519"
"CA","2007","N14 O_AviCruise","NMVOC","Gg","3.56357326485958"
"CA","2007","N14 P_IntShipping","NMVOC","Gg","0"
"CA","2007","N14 N_Natural","NMVOC","Gg","0"
"CA","2007","N14 z_Memo","NMVOC","Gg","0"
"NL","2008","N14 A_PublicPower","NMVOC","Gg","0.37776985"
"NL","2008","N14 B_Industry","NMVOC","Gg","27.191093496"
"NL","2008","N14 C_OtherStatComb","NMVOC","Gg","13.422144639"
"NL","2008","N14 D_Fugitive","NMVOC","Gg","17.13252323"
"NL","2008","N14 E_Solvents","NMVOC","Gg","76.379647848"
"NL","2008","N14 F_RoadTransport","NMVOC","Gg","38.918526278"
"NL","2008","N14 G_Shipping","NMVOC","Gg","1.333309463"
"NL","2008","N14 H_Aviation","NMVOC","Gg","0.288017941"
"NL","2008","N14 I_Offroad","NMVOC","Gg","8.76022201"
"NL","2008","N14 J_Waste","NMVOC","Gg","1.61614687"
"NL","2008","N14 K_AgriLivestock","NMVOC","Gg","49.67142133"
"NL","2008","N14 L_AgriOther","NMVOC","Gg","21.4992582"
"NL","2008","N14 M_Other","NMVOC","Gg","0.409715564"
"NL","2008","N14 O_AviCruise","NMVOC","Gg","0"
"NL","2008","N14 P_IntShipping","NMVOC","Gg","3.427151187"
"NL","2008","N14 N_Natural","NMVOC","Gg","0"
"NL","2008","N14 z_Memo","NMVOC","Gg","37.426079572"
"FI","1999","N14 A_PublicPower","NMVOC","Gg","0.576234445773999"
"FI","1999","N14 B_Industry","NMVOC","Gg","14.2058123487786"
"FI","1999","N14 C_OtherStatComb","NMVOC","Gg","16.0534775661629"
"FI","1999","N14 D_Fugitive","NMVOC","Gg","9.309456"
"FI","1999","N14 E_Solvents","NMVOC","Gg","34.930511816"
"FI","1999","N14 F_RoadTransport","NMVOC","Gg","55.894183830513"
"FI","1999","N14 G_Shipping","NMVOC","Gg","10.1839301732591"
"FI","1999","N14 H_Aviation","NMVOC","Gg","0.169892544386294"
"FI","1999","N14 I_Offroad","NMVOC","Gg","24.3997020497066"
"FI","1999","N14 J_Waste","NMVOC","Gg","0.230770088"
"FI","1999","N14 K_AgriLivestock","NMVOC","Gg","12.594372371223"
"FI","1999","N14 L_AgriOther","NMVOC","Gg","4.23812684379624"
"FI","1999","N14 M_Other","NMVOC","Gg","0"
"FI","1999","N14 O_AviCruise","NMVOC","Gg","0.186653700221239"
"FI","1999","N14 P_IntShipping","NMVOC","Gg","1.0616"
"FI","1999","N14 N_Natural","NMVOC","Gg","0"
"FI","1999","N14 z_Memo","NMVOC","Gg","0"
"SE","2006","N14 A_PublicPower","NMVOC","Gg","2.91128004260734"
"SE","2006","N14 B_Industry","NMVOC","Gg","13.3552852793011"
"SE","2006","N14 C_OtherStatComb","NMVOC","Gg","12.1169862865876"
"SE","2006","N14 D_Fugitive","NMVOC","Gg","14.3470305769492"
"SE","2006","N14 E_Solvents","NMVOC","Gg","71.6033578200001"
"SE","2006","N14 F_RoadTransport","NMVOC","Gg","33.7442357483592"
"SE","2006","N14 G_Shipping","NMVOC","Gg","5.09863244949705"
"SE","2006","N14 H_Aviation","NMVOC","Gg","0.156873103927185"
"SE","2006","N14 I_Offroad","NMVOC","Gg","16.8479798653768"
"SE","2006","N14 J_Waste","NMVOC","Gg","1.43278197261753"
"SE","2006","N14 K_AgriLivestock","NMVOC","Gg","22.0017858800659"
"SE","2006","N14 L_AgriOther","NMVOC","Gg","10.2964866316414"
"SE","2006","N14 M_Other","NMVOC","Gg","0"
"SE","2006","N14 O_AviCruise","NMVOC","Gg","0.656172581633751"
"SE","2006","N14 P_IntShipping","NMVOC","Gg","2.5072210728"
"SE","2006","N14 N_Natural","NMVOC","Gg","0"
"SE","2006","N14 z_Memo","NMVOC","Gg","0"
"DE","2013","N14 A_PublicPower","NMVOC","Gg","10.5379134509506"
"DE","2013","N14 B_Industry","NMVOC","Gg","42.0712167476184"
"DE","2013","N14 C_OtherStatComb","NMVOC","Gg","43.2657020549177"
"DE","2013","N14 D_Fugitive","NMVOC","Gg","72.7406266263763"
"DE","2013","N14 E_Solvents","NMVOC","Gg","597.523135795151"
"DE","2013","N14 F_RoadTransport","NMVOC","Gg","101.506963514219"
"DE","2013","N14 G_Shipping","NMVOC","Gg","1.13360179553893"
"DE","2013","N14 H_Aviation","NMVOC","Gg","0.858457400881622"
"DE","2013","N14 I_Offroad","NMVOC","Gg","23.9145153366507"
"DE","2013","N14 J_Waste","NMVOC","Gg","0.15363877"
"DE","2013","N14 K_AgriLivestock","NMVOC","Gg","198.355973585397"
"DE","2013","N14 L_AgriOther","NMVOC","Gg","10.3225363236389"
"DE","2013","N14 M_Other","NMVOC","Gg","0"
"DE","2013","N14 O_AviCruise","NMVOC","Gg","1.69096865457755"
"DE","2013","N14 P_IntShipping","NMVOC","Gg","3.28104770895315"
"DE","2013","N14 N_Natural","NMVOC","Gg","0.08792003876"
"DE","2013","N14 z_Memo","NMVOC","Gg","0"
"AT","2005","N14 A_PublicPower","NMVOC","Gg","0.253509517044645"
"AT","2005","N14 B_Industry","NMVOC","Gg","4.08375471445407"
"AT","2005","N14 C_OtherStatComb","NMVOC","Gg","24.4033338332128"
"AT","2005","N14 D_Fugitive","NMVOC","Gg","3.34375620352843"
"AT","2005","N14 E_Solvents","NMVOC","Gg","54.8520995108459"
"AT","2005","N14 F_RoadTransport","NMVOC","Gg","20.7262392754932"
"AT","2005","N14 G_Shipping","NMVOC","Gg","0.527463804985773"
"AT","2005","N14 H_Aviation","NMVOC","Gg","0.468005601262215"
"AT","2005","N14 I_Offroad","NMVOC","Gg","7.34176620913545"
"AT","2005","N14 J_Waste","NMVOC","Gg","0.109351767039575"
"AT","2005","N14 K_AgriLivestock","NMVOC","Gg","28.2487397674882"
"AT","2005","N14 L_AgriOther","NMVOC","Gg","11.745283576917"
"AT","2005","N14 M_Other","NMVOC","Gg","0"
"AT","2005","N14 O_AviCruise","NMVOC","Gg","0.470963016342826"
"AT","2005","N14 P_IntShipping","NMVOC","Gg","0"
"AT","2005","N14 N_Natural","NMVOC","Gg","0"
"AT","2005","N14 z_Memo","NMVOC","Gg","18.0640630232678"
"NL","2015","N14 A_PublicPower","NMVOC","Gg","0.52007372"
"NL","2015","N14 B_Industry","NMVOC","Gg","23.142711584"
"NL","2015","N14 C_OtherStatComb","NMVOC","Gg","12.418344948"
"NL","2015","N14 D_Fugitive","NMVOC","Gg","14.2848454"
"NL","2015","N14 E_Solvents","NMVOC","Gg","74.628979621"
"NL","2015","N14 F_RoadTransport","NMVOC","Gg","26.500732434"
"NL","2015","N14 G_Shipping","NMVOC","Gg","1.438003368"
"NL","2015","N14 H_Aviation","NMVOC","Gg","0.291858414"
"NL","2015","N14 I_Offroad","NMVOC","Gg","5.109190035"
"NL","2015","N14 J_Waste","NMVOC","Gg","1.43976946"
"NL","2015","N14 K_AgriLivestock","NMVOC","Gg","66.730889966"
"NL","2015","N14 L_AgriOther","NMVOC","Gg","26.040339751"
"NL","2015","N14 M_Other","NMVOC","Gg","0.409784166"
"NL","2015","N14 O_AviCruise","NMVOC","Gg","0"
"NL","2015","N14 P_IntShipping","NMVOC","Gg","3.21049837"
"NL","2015","N14 N_Natural","NMVOC","Gg","0"
"NL","2015","N14 z_Memo","NMVOC","Gg","29.055049449"
"ES","2012","N14 A_PublicPower","NMVOC","Gg","3.08061575518163"
"ES","2012","N14 B_Industry","NMVOC","Gg","75.3746934130771"
"ES","2012","N14 C_OtherStatComb","NMVOC","Gg","43.563158401"
"ES","2012","N14 D_Fugitive","NMVOC","Gg","25.809699593378"
"ES","2012","N14 E_Solvents","NMVOC","Gg","248.080698423"
"ES","2012","N14 F_RoadTransport","NMVOC","Gg","34.112278295"
"ES","2012","N14 G_Shipping","NMVOC","Gg","1.41562357"
"ES","2012","N14 H_Aviation","NMVOC","Gg","0.726029765290981"
"ES","2012","N14 I_Offroad","NMVOC","Gg","9.242885258"
"ES","2012","N14 J_Waste","NMVOC","Gg","6.380477158713"
"ES","2012","N14 K_AgriLivestock","NMVOC","Gg","51.920061966"
"ES","2012","N14 L_AgriOther","NMVOC","Gg","82.881105212"
"ES","2012","N14 M_Other","NMVOC","Gg","0"
"ES","2012","N14 O_AviCruise","NMVOC","Gg","1.27393570567352"
"ES","2012","N14 P_IntShipping","NMVOC","Gg","19.252729425"
"ES","2012","N14 N_Natural","NMVOC","Gg","0"
"ES","2012","N14 z_Memo","NMVOC","Gg","0"
"GB","1994","N14 A_PublicPower","NMVOC","Gg","7.205315581533"
"GB","1994","N14 B_Industry","NMVOC","Gg","256.417628360147"
"GB","1994","N14 C_OtherStatComb","NMVOC","Gg","49.299889673813"
"GB","1994","N14 D_Fugitive","NMVOC","Gg","645.065706923947"
"GB","1994","N14 E_Solvents","NMVOC","Gg","548.518432223768"
"GB","1994","N14 F_RoadTransport","NMVOC","Gg","823.217942431001"
"GB","1994","N14 G_Shipping","NMVOC","Gg","7.35739241183"
"GB","1994","N14 H_Aviation","NMVOC","Gg","3.888889639729"
"GB","1994","N14 I_Offroad","NMVOC","Gg","56.376688033631"
"GB","1994","N14 J_Waste","NMVOC","Gg","15.572761087446"
"GB","1994","N14 K_AgriLivestock","NMVOC","Gg","94.566359764008"
"GB","1994","N14 L_AgriOther","NMVOC","Gg","8.05154843118"
"GB","1994","N14 M_Other","NMVOC","Gg","0.908169895806"
"GB","1994","N14 O_AviCruise","NMVOC","Gg","1.70941964396"
"GB","1994","N14 P_IntShipping","NMVOC","Gg","5.944616690161"
"GB","1994","N14 N_Natural","NMVOC","Gg","92.073388235294"
"GB","1994","N14 z_Memo","NMVOC","Gg","719.134991454952"
"EE","1995","N14 A_PublicPower","NMVOC","Gg","0.98"
"EE","1995","N14 B_Industry","NMVOC","Gg","5.20279261"
"EE","1995","N14 C_OtherStatComb","NMVOC","Gg","7.282427"
"EE","1995","N14 D_Fugitive","NMVOC","Gg","1.632"
"EE","1995","N14 E_Solvents","NMVOC","Gg","7.896992"
"EE","1995","N14 F_RoadTransport","NMVOC","Gg","10.777257"
"EE","1995","N14 G_Shipping","NMVOC","Gg","0.0298"
"EE","1995","N14 H_Aviation","NMVOC","Gg","0.006697"
"EE","1995","N14 I_Offroad","NMVOC","Gg","0.891471"
"EE","1995","N14 J_Waste","NMVOC","Gg","1.134929"
"EE","1995","N14 K_AgriLivestock","NMVOC","Gg","4.759436"
"EE","1995","N14 L_AgriOther","NMVOC","Gg","0.357719"
"EE","1995","N14 M_Other","NMVOC","Gg","0"
"EE","1995","N14 O_AviCruise","NMVOC","Gg","0.007127"
"EE","1995","N14 P_IntShipping","NMVOC","Gg","0.247"
"EE","1995","N14 N_Natural","NMVOC","Gg","34.78567"
"EE","1995","N14 z_Memo","NMVOC","Gg","0"
"PT","2001","N14 A_PublicPower","NMVOC","Gg","0.665065138152411"
"PT","2001","N14 B_Industry","NMVOC","Gg","24.8508455006863"
"PT","2001","N14 C_OtherStatComb","NMVOC","Gg","21.8039460558416"
"PT","2001","N14 D_Fugitive","NMVOC","Gg","12.6711018009826"
"PT","2001","N14 E_Solvents","NMVOC","Gg","105.842110381011"
"PT","2001","N14 F_RoadTransport","NMVOC","Gg","56.9754747934073"
"PT","2001","N14 G_Shipping","NMVOC","Gg","0.170579204552644"
"PT","2001","N14 H_Aviation","NMVOC","Gg","0.764760246813805"
"PT","2001","N14 I_Offroad","NMVOC","Gg","0.951486540624061"
"PT","2001","N14 J_Waste","NMVOC","Gg","2.27208092747694"
"PT","2001","N14 K_AgriLivestock","NMVOC","Gg","9.79378457603956"
"PT","2001","N14 L_AgriOther","NMVOC","Gg","7.75147989982147"
"PT","2001","N14 M_Other","NMVOC","Gg","0"
"PT","2001","N14 O_AviCruise","NMVOC","Gg","0.340110212875599"
"PT","2001","N14 P_IntShipping","NMVOC","Gg","1.01699977228673"
"PT","2001","N14 N_Natural","NMVOC","Gg","525.499737235012"
"PT","2001","N14 z_Memo","NMVOC","Gg","0"
"ES","1993","N14 A_PublicPower","NMVOC","Gg","0.742433543314414"
"ES","1993","N14 B_Industry","NMVOC","Gg","56.3568447063716"
"ES","1993","N14 C_OtherStatComb","NMVOC","Gg","35.762759035"
"ES","1993","N14 D_Fugitive","NMVOC","Gg","50.194149128174"
"ES","1993","N14 E_Solvents","NMVOC","Gg","307.127250684"
"ES","1993","N14 F_RoadTransport","NMVOC","Gg","347.17819351"
"ES","1993","N14 G_Shipping","NMVOC","Gg","3.859675477"
"ES","1993","N14 H_Aviation","NMVOC","Gg","0.309824027376865"
"ES","1993","N14 I_Offroad","NMVOC","Gg","20.639718341"
"ES","1993","N14 J_Waste","NMVOC","Gg","7.41831112608"
"ES","1993","N14 K_AgriLivestock","NMVOC","Gg","45.744855685"
"ES","1993","N14 L_AgriOther","NMVOC","Gg","78.615147852"
"ES","1993","N14 M_Other","NMVOC","Gg","0"
"ES","1993","N14 O_AviCruise","NMVOC","Gg","0.596254815238704"
"ES","1993","N14 P_IntShipping","NMVOC","Gg","8.057229436"
"ES","1993","N14 N_Natural","NMVOC","Gg","0"
"ES","1993","N14 z_Memo","NMVOC","Gg","0"
"RS","2003","N14 A_PublicPower","NMVOC","Gg","0.5436195422"
"RS","2003","N14 B_Industry","NMVOC","Gg","9.78045509943951"
"RS","2003","N14 C_OtherStatComb","NMVOC","Gg","29.9569748595307"
"RS","2003","N14 D_Fugitive","NMVOC","Gg","31.45824862484"
"RS","2003","N14 E_Solvents","NMVOC","Gg","17.6246579613634"
"RS","2003","N14 F_RoadTransport","NMVOC","Gg","35.106239817"
"RS","2003","N14 G_Shipping","NMVOC","Gg","0.0486"
"RS","2003","N14 H_Aviation","NMVOC","Gg","0.016242"
"RS","2003","N14 I_Offroad","NMVOC","Gg","0.57117"
"RS","2003","N14 J_Waste","NMVOC","Gg","0.000269353510740741"
"RS","2003","N14 K_AgriLivestock","NMVOC","Gg","19.706564668"
"RS","2003","N14 L_AgriOther","NMVOC","Gg","3.10053392"
"RS","2003","N14 M_Other","NMVOC","Gg","0"
"RS","2003","N14 O_AviCruise","NMVOC","Gg","0.00412007"
"RS","2003","N14 P_IntShipping","NMVOC","Gg","0"
"RS","2003","N14 N_Natural","NMVOC","Gg","0.4907"
"RS","2003","N14 z_Memo","NMVOC","Gg","0"
"TR","2003","N14 A_PublicPower","NMVOC","Gg","1.430267690706"
"TR","2003","N14 B_Industry","NMVOC","Gg","126.753582151667"
"TR","2003","N14 C_OtherStatComb","NMVOC","Gg","208.295890685105"
"TR","2003","N14 D_Fugitive","NMVOC","Gg","0"
"TR","2003","N14 E_Solvents","NMVOC","Gg","229.667395732074"
"TR","2003","N14 F_RoadTransport","NMVOC","Gg","70.1000081353885"
"TR","2003","N14 G_Shipping","NMVOC","Gg","0.75141"
"TR","2003","N14 H_Aviation","NMVOC","Gg","1.58403930587718"
"TR","2003","N14 I_Offroad","NMVOC","Gg","0.82305"
"TR","2003","N14 J_Waste","NMVOC","Gg","39.82783735"
"TR","2003","N14 K_AgriLivestock","NMVOC","Gg","157.18577761742"
"TR","2003","N14 L_AgriOther","NMVOC","Gg","172.59451481512"
"TR","2003","N14 M_Other","NMVOC","Gg","0"
"TR","2003","N14 O_AviCruise","NMVOC","Gg","0.435021882996184"
"TR","2003","N14 P_IntShipping","NMVOC","Gg","0"
"TR","2003","N14 N_Natural","NMVOC","Gg","0"
"BG","1993","N14 A_PublicPower","NMVOC","Gg","0.059649002"
"BG","1993","N14 B_Industry","NMVOC","Gg","10.66710569"
"BG","1993","N14 C_OtherStatComb","NMVOC","Gg","19.317044675"
"BG","1993","N14 D_Fugitive","NMVOC","Gg","20.52481195"
"BG","1993","N14 E_Solvents","NMVOC","Gg","368.05072134"
"BG","1993","N14 F_RoadTransport","NMVOC","Gg","42.8872587133889"
"BG","1993","N14 G_Shipping","NMVOC","Gg","0.724"
"BG","1993","N14 H_Aviation","NMVOC","Gg","0.0248281"
"BG","1993","N14 I_Offroad","NMVOC","Gg","2.30789050457335"
"BG","1993","N14 J_Waste","NMVOC","Gg","11.1803658234307"
"BG","1993","N14 K_AgriLivestock","NMVOC","Gg","18.8200352977153"
"BG","1993","N14 L_AgriOther","NMVOC","Gg","3.17525350383374"
"BG","1993","N14 M_Other","NMVOC","Gg","0"
"BG","1993","N14 O_AviCruise","NMVOC","Gg","0.186028571428571"
"BG","1993","N14 P_IntShipping","NMVOC","Gg","0"
"SI","2003","N14 A_PublicPower","NMVOC","Gg","0.09298092309809"
"SI","2003","N14 B_Industry","NMVOC","Gg","4.43968271593046"
"SI","2003","N14 C_OtherStatComb","NMVOC","Gg","6.8467381620928"
"SI","2003","N14 D_Fugitive","NMVOC","Gg","4.3141016921836"
"SI","2003","N14 E_Solvents","NMVOC","Gg","14.056099355"
"SI","2003","N14 F_RoadTransport","NMVOC","Gg","10.8618775629261"
"SI","2003","N14 G_Shipping","NMVOC","Gg","0"
"SI","2003","N14 H_Aviation","NMVOC","Gg","0.05917804739"
"SI","2003","N14 I_Offroad","NMVOC","Gg","2.0601705016066"
"SI","2003","N14 J_Waste","NMVOC","Gg","1.29061226070614"
"SI","2003","N14 K_AgriLivestock","NMVOC","Gg","5.65530423522729"
"SI","2003","N14 L_AgriOther","NMVOC","Gg","0.0239601800681683"
"SI","2003","N14 M_Other","NMVOC","Gg","0"
"SI","2003","N14 O_AviCruise","NMVOC","Gg","0"
"SI","2003","N14 P_IntShipping","NMVOC","Gg","0"
"SI","2003","N14 N_Natural","NMVOC","Gg","0"
"SI","2003","N14 z_Memo","NMVOC","Gg","0.0004662"
"GR","2014","N14 A_PublicPower","NMVOC","Gg","1.45360587755839"
"GR","2014","N14 B_Industry","NMVOC","Gg","13.033341496974"
"GR","2014","N14 C_OtherStatComb","NMVOC","Gg","7.887848646828"
"GR","2014","N14 D_Fugitive","NMVOC","Gg","15.6136375"
"GR","2014","N14 E_Solvents","NMVOC","Gg","81.0227911663779"
"GR","2014","N14 F_RoadTransport","NMVOC","Gg","57.5882700114147"
"GR","2014","N14 G_Shipping","NMVOC","Gg","1.2554"
"GR","2014","N14 H_Aviation","NMVOC","Gg","0.009510051991"
"GR","2014","N14 I_Offroad","NMVOC","Gg","2.25227319062372"
"GR","2014","N14 J_Waste","NMVOC","Gg","6.86105244294775"
"GR","2014","N14 K_AgriLivestock","NMVOC","Gg","14.010436554462"
"GR","2014","N14 L_AgriOther","NMVOC","Gg","3.06700557513659"
"GR","2014","N14 M_Other","NMVOC","Gg","0"
"GR","2014","N14 O_AviCruise","NMVOC","Gg","0.019312843482"
"GR","2014","N14 P_IntShipping","NMVOC","Gg","5.2023"
"LU","1997","N14 A_PublicPower","NMVOC","Gg","0.0151746565750652"
"LU","1997","N14 B_Industry","NMVOC","Gg","0.487988043035374"
"LU","1997","N14 C_OtherStatComb","NMVOC","Gg","0.549824627053333"
"LU","1997","N14 D_Fugitive","NMVOC","Gg","0.83888432196451"
"LU","1997","N14 E_Solvents","NMVOC","Gg","5.58968004411051"
"LU","1997","N14 F_RoadTransport","NMVOC","Gg","6.71224149125633"
"LU","1997","N14 G_Shipping","NMVOC","Gg","0.020389074921883"
"LU","1997","N14 H_Aviation","NMVOC","Gg","0.023887367965"
"LU","1997","N14 I_Offroad","NMVOC","Gg","0.490814618652188"
"LU","1997","N14 J_Waste","NMVOC","Gg","0.0301909474761386"
"LU","1997","N14 K_AgriLivestock","NMVOC","Gg","3.20740236465956"
"LU","1997","N14 L_AgriOther","NMVOC","Gg","0.1089007852"
"LU","1997","N14 M_Other","NMVOC","Gg","0"
"LU","1997","N14 O_AviCruise","NMVOC","Gg","0.0459485735051795"
"LU","1997","N14 P_IntShipping","NMVOC","Gg","0"
"LU","1997","N14 N_Natural","NMVOC","Gg","0"
"LU","1997","N14 z_Memo","NMVOC","Gg","2.63438835229222"
"EU09","2002","N14 A_PublicPower","NMVOC","Gg","24.1768197348271"
"EU09","2002","N14 B_Industry","NMVOC","Gg","413.772709449997"
"EU09","2002","N14 C_OtherStatComb","NMVOC","Gg","520.605973545819"
"EU09","2002","N14 D_Fugitive","NMVOC","Gg","691.860094720537"
"EU09","2002","N14 E_Solvents","NMVOC","Gg","2404.79056647844"
"EU09","2002","N14 F_RoadTransport","NMVOC","Gg","1546.02418707525"
"EU09","2002","N14 G_Shipping","NMVOC","Gg","80.8368441348529"
"EU09","2002","N14 H_Aviation","NMVOC","Gg","7.02343544741148"
"EU09","2002","N14 I_Offroad","NMVOC","Gg","217.795661552207"
"EU09","2002","N14 J_Waste","NMVOC","Gg","45.7000633705973"
"EU09","2002","N14 K_AgriLivestock","NMVOC","Gg","558.294630125414"
"EU09","2002","N14 L_AgriOther","NMVOC","Gg","77.3886490078127"
"EU09","2002","N14 M_Other","NMVOC","Gg","1.960385572623"
"EU09","2002","N14 O_AviCruise","NMVOC","Gg","6.6994012910474"
"EU09","2002","N14 P_IntShipping","NMVOC","Gg","26.5464989510879"
"EU09","2002","N14 N_Natural","NMVOC","Gg","1494.13929656519"
"EU09","2002","N14 z_Memo","NMVOC","Gg","1406.18464580843"
"DK","2013","N14 A_PublicPower","NMVOC","Gg","1.27806413373214"
"DK","2013","N14 B_Industry","NMVOC","Gg","3.55593390016619"
"DK","2013","N14 C_OtherStatComb","NMVOC","Gg","14.2872856939829"
"DK","2013","N14 D_Fugitive","NMVOC","Gg","9.23901745513215"
"DK","2013","N14 E_Solvents","NMVOC","Gg","30.2142718444425"
"DK","2013","N14 F_RoadTransport","NMVOC","Gg","9.58464040940371"
"DK","2013","N14 G_Shipping","NMVOC","Gg","0.436682101878526"
"DK","2013","N14 H_Aviation","NMVOC","Gg","0.175074407355368"
"DK","2013","N14 I_Offroad","NMVOC","Gg","5.08301672385531"
"DK","2013","N14 J_Waste","NMVOC","Gg","0.520969371138695"
"DK","2013","N14 K_AgriLivestock","NMVOC","Gg","35.8419654615901"
"DK","2013","N14 L_AgriOther","NMVOC","Gg","1.8503449825"
"DK","2013","N14 M_Other","NMVOC","Gg","0"
"DK","2013","N14 O_AviCruise","NMVOC","Gg","0.16655727422567"
"DK","2013","N14 P_IntShipping","NMVOC","Gg","1.51034052562414"
"DK","2013","N14 N_Natural","NMVOC","Gg","0"
"DK","2013","N14 z_Memo","NMVOC","Gg","0"
"FR","2015","N14 A_PublicPower","NMVOC","Gg","0.680898108240193"
"FR","2015","N14 B_Industry","NMVOC","Gg","61.7325379533015"
"FR","2015","N14 C_OtherStatComb","NMVOC","Gg","135.577654187153"
"FR","2015","N14 D_Fugitive","NMVOC","Gg","23.6198208180241"
"FR","2015","N14 E_Solvents","NMVOC","Gg","301.812508053282"
"FR","2015","N14 F_RoadTransport","NMVOC","Gg","63.631629354366"
"FR","2015","N14 G_Shipping","NMVOC","Gg","9.40126815576216"
"FR","2015","N14 H_Aviation","NMVOC","Gg","1.21225774296915"
"FR","2015","N14 I_Offroad","NMVOC","Gg","23.1339306041282"
"FR","2015","N14 J_Waste","NMVOC","Gg","9.62560965879655"
"FR","2015","N14 K_AgriLivestock","NMVOC","Gg","0"
"FR","2015","N14 L_AgriOther","NMVOC","Gg","1.73754136263308"
"FR","2015","N14 M_Other","NMVOC","Gg","0"
"FR","2015","N14 O_AviCruise","NMVOC","Gg","2.37503258360922"
"FR","2015","N14 P_IntShipping","NMVOC","Gg","4.74724953354691"
"FR","2015","N14 N_Natural","NMVOC","Gg","105.984640096365"
"FR","2015","N14 z_Memo","NMVOC","Gg","1598.19265920344"
"ES","1998","N14 A_PublicPower","NMVOC","Gg","0.837365315194822"
"ES","1998","N14 B_Industry","NMVOC","Gg","77.918744032154"
"ES","1998","N14 C_OtherStatComb","NMVOC","Gg","33.157125989"
"ES","1998","N14 D_Fugitive","NMVOC","Gg","45.8218496784556"
"ES","1998","N14 E_Solvents","NMVOC","Gg","393.169303304"
"ES","1998","N14 F_RoadTransport","NMVOC","Gg","280.419809307"
"ES","1998","N14 G_Shipping","NMVOC","Gg","2.90501637"
"ES","1998","N14 H_Aviation","NMVOC","Gg","0.438278657804926"
"ES","1998","N14 I_Offroad","NMVOC","Gg","18.909486367"
"ES","1998","N14 J_Waste","NMVOC","Gg","6.19314369481"
"ES","1998","N14 K_AgriLivestock","NMVOC","Gg","53.43432837"
"ES","1998","N14 L_AgriOther","NMVOC","Gg","85.88932987"
"ES","1998","N14 M_Other","NMVOC","Gg","0"
"ES","1998","N14 O_AviCruise","NMVOC","Gg","0.819473045658715"
"ES","1998","N14 P_IntShipping","NMVOC","Gg","14.429791758"
"ES","1998","N14 N_Natural","NMVOC","Gg","0"
"ES","1998","N14 z_Memo","NMVOC","Gg","0"
"AZ","2017","N14 A_PublicPower","NMVOC","Gg","0.60572505"
"AZ","2017","N14 B_Industry","NMVOC","Gg","10.5997228"
"AZ","2017","N14 C_OtherStatComb","NMVOC","Gg","1.09352999"
"AZ","2017","N14 D_Fugitive","NMVOC","Gg","13.3173"
"AZ","2017","N14 E_Solvents","NMVOC","Gg","15.0898318"
"AZ","2017","N14 F_RoadTransport","NMVOC","Gg","15.8195153619775"
"AZ","2017","N14 G_Shipping","NMVOC","Gg","0.13272"
"AZ","2017","N14 H_Aviation","NMVOC","Gg","0"
"AZ","2017","N14 I_Offroad","NMVOC","Gg","1.65038120588235"
"AZ","2017","N14 J_Waste","NMVOC","Gg","0.0074401068"
"AZ","2017","N14 K_AgriLivestock","NMVOC","Gg","25.343275975"
"AZ","2017","N14 M_Other","NMVOC","Gg","0"
"AZ","2017","N14 O_AviCruise","NMVOC","Gg","0"
"AZ","2017","N14 P_IntShipping","NMVOC","Gg","0"
"AZ","2017","N14 N_Natural","NMVOC","Gg","0"
"MD","2002","N14 A_PublicPower","NMVOC","Gg","0.1355746"
"MD","2002","N14 B_Industry","NMVOC","Gg","3.780966296"
"MD","2002","N14 C_OtherStatComb","NMVOC","Gg","2.65228741741"
"MD","2002","N14 D_Fugitive","NMVOC","Gg","0"
"MD","2002","N14 E_Solvents","NMVOC","Gg","12.46218"
"MD","2002","N14 F_RoadTransport","NMVOC","Gg","1.4544839269674"
"MD","2002","N14 G_Shipping","NMVOC","Gg","0.000364"
"MD","2002","N14 H_Aviation","NMVOC","Gg","0.000532"
"MD","2002","N14 K_AgriLivestock","NMVOC","Gg","12.01781129"
"MD","2002","N14 L_AgriOther","NMVOC","Gg","0.003507165665"
"CH","2016","N14 A_PublicPower","NMVOC","Gg","0.150245050568476"
"CH","2016","N14 B_Industry","NMVOC","Gg","5.95279238120092"
"CH","2016","N14 C_OtherStatComb","NMVOC","Gg","3.00928145749426"
"CH","2016","N14 D_Fugitive","NMVOC","Gg","2.78476574638941"
"CH","2016","N14 E_Solvents","NMVOC","Gg","35.8211164740846"
"CH","2016","N14 F_RoadTransport","NMVOC","Gg","8.52346660087389"
"CH","2016","N14 G_Shipping","NMVOC","Gg","0.442548948723731"
"CH","2016","N14 H_Aviation","NMVOC","Gg","0.235734427047807"
"CH","2016","N14 I_Offroad","NMVOC","Gg","2.13050077746006"
"CH","2016","N14 J_Waste","NMVOC","Gg","1.3311481457845"
"CH","2016","N14 K_AgriLivestock","NMVOC","Gg","17.3169997721062"
"CH","2016","N14 L_AgriOther","NMVOC","Gg","0.4603309957064"
"CH","2016","N14 M_Other","NMVOC","Gg","0.211334276305046"
"CH","2016","N14 O_AviCruise","NMVOC","Gg","0.609782984884899"
"CH","2016","N14 P_IntShipping","NMVOC","Gg","0.0474756005597679"
"CH","2016","N14 N_Natural","NMVOC","Gg","65.0749154916295"
"CH","2016","N14 z_Memo","NMVOC","Gg","8.80094686914642"
"CZ","2001","N14 A_PublicPower","NMVOC","Gg","7.20827985"
"CZ","2001","N14 B_Industry","NMVOC","Gg","4.31822684199999"
"CZ","2001","N14 C_OtherStatComb","NMVOC","Gg","91.3101617443302"
"CZ","2001","N14 D_Fugitive","NMVOC","Gg","13.628817057"
"CZ","2001","N14 E_Solvents","NMVOC","Gg","105.762587495999"
"CZ","2001","N14 F_RoadTransport","NMVOC","Gg","45.1842166242766"
"CZ","2001","N14 G_Shipping","NMVOC","Gg","0.037479024"
"CZ","2001","N14 H_Aviation","NMVOC","Gg","0.054095"
"CZ","2001","N14 I_Offroad","NMVOC","Gg","7.00628679933333"
"CZ","2001","N14 J_Waste","NMVOC","Gg","4.426503473"
"CZ","2001","N14 K_AgriLivestock","NMVOC","Gg","0"
"CZ","2001","N14 L_AgriOther","NMVOC","Gg","0"
"CZ","2001","N14 M_Other","NMVOC","Gg","0"
"CZ","2001","N14 O_AviCruise","NMVOC","Gg","0.32388"
"CZ","2001","N14 P_IntShipping","NMVOC","Gg","0"
"CZ","2001","N14 N_Natural","NMVOC","Gg","0.0435"
"CZ","2001","N14 z_Memo","NMVOC","Gg","45.7302238142766"
"LU","2001","N14 A_PublicPower","NMVOC","Gg","0.0317118853144883"
"LU","2001","N14 B_Industry","NMVOC","Gg","0.520852485937392"
"LU","2001","N14 C_OtherStatComb","NMVOC","Gg","0.494304588185613"
"LU","2001","N14 D_Fugitive","NMVOC","Gg","0.929898631963795"
"LU","2001","N14 E_Solvents","NMVOC","Gg","5.13143027457324"
"LU","2001","N14 F_RoadTransport","NMVOC","Gg","4.49748425334284"
"LU","2001","N14 G_Shipping","NMVOC","Gg","0.0182389603788136"
"LU","2001","N14 H_Aviation","NMVOC","Gg","0.037581791177"
"LU","2001","N14 I_Offroad","NMVOC","Gg","0.46451847883439"
"LU","2001","N14 J_Waste","NMVOC","Gg","0.0286925556781542"
"LU","2001","N14 K_AgriLivestock","NMVOC","Gg","3.16238181079095"
"LU","2001","N14 L_AgriOther","NMVOC","Gg","0.1100303178"
"LU","2001","N14 M_Other","NMVOC","Gg","0"
"LU","2001","N14 O_AviCruise","NMVOC","Gg","0.0633883148625164"
"LU","2001","N14 P_IntShipping","NMVOC","Gg","0"
"LU","2001","N14 N_Natural","NMVOC","Gg","0"
"LU","2001","N14 z_Memo","NMVOC","Gg","1.60152975398755"
"PL","1998","N14 A_PublicPower","NMVOC","Gg","2.06368456"
"PL","1998","N14 B_Industry","NMVOC","Gg","104.661600907758"
"PL","1998","N14 C_OtherStatComb","NMVOC","Gg","146.6849434004"
"PL","1998","N14 D_Fugitive","NMVOC","Gg","53.115089448982"
"PL","1998","N14 E_Solvents","NMVOC","Gg","141.605560303311"
"PL","1998","N14 F_RoadTransport","NMVOC","Gg","174.224101227362"
"PL","1998","N14 G_Shipping","NMVOC","Gg","0.0374969978226485"
"PL","1998","N14 H_Aviation","NMVOC","Gg","0.0252826282714862"
"PL","1998","N14 I_Offroad","NMVOC","Gg","10.478546839196"
"PL","1998","N14 J_Waste","NMVOC","Gg","21.1318898418214"
"PL","1998","N14 K_AgriLivestock","NMVOC","Gg","115.179044788451"
"PL","1998","N14 L_AgriOther","NMVOC","Gg","8.10038936352941"
"PL","1998","N14 M_Other","NMVOC","Gg","0"
"PL","1998","N14 O_AviCruise","NMVOC","Gg","0.184561694831214"
"PL","1998","N14 P_IntShipping","NMVOC","Gg","0.7263"
"PL","1998","N14 N_Natural","NMVOC","Gg","228.388776822385"
"PL","1998","N14 z_Memo","NMVOC","Gg","0"
"LV","1995","N14 A_PublicPower","NMVOC","Gg","0.119326689103311"
"LV","1995","N14 B_Industry","NMVOC","Gg","3.34183904474614"
"LV","1995","N14 C_OtherStatComb","NMVOC","Gg","15.8805896548118"
"LV","1995","N14 D_Fugitive","NMVOC","Gg","3.194203"
"LV","1995","N14 E_Solvents","NMVOC","Gg","8.94077059871158"
"LV","1995","N14 F_RoadTransport","NMVOC","Gg","17.504728634623"
"LV","1995","N14 G_Shipping","NMVOC","Gg","0.0123694013214864"
"LV","1995","N14 H_Aviation","NMVOC","Gg","0.0262984921448392"
"LV","1995","N14 I_Offroad","NMVOC","Gg","1.06886520032568"
"LV","1995","N14 J_Waste","NMVOC","Gg","0.825582227030726"
"LV","1995","N14 K_AgriLivestock","NMVOC","Gg","7.02267537553099"
"LV","1995","N14 L_AgriOther","NMVOC","Gg","0.817855"
"LV","1995","N14 M_Other","NMVOC","Gg","0"
"LV","1995","N14 O_AviCruise","NMVOC","Gg","0.0280260730051608"
"LV","1995","N14 P_IntShipping","NMVOC","Gg","0.4157"
"LV","1995","N14 N_Natural","NMVOC","Gg","0.2675"
"LV","1995","N14 z_Memo","NMVOC","Gg","0"
"KZ","2001","N14 C_OtherStatComb","NMVOC","Gg","0"
"KZ","2001","N14 D_Fugitive","NMVOC","Gg","0"
"KZ","2001","N14 E_Solvents","NMVOC","Gg","21.3454122273"
"KZ","2001","N14 F_RoadTransport","NMVOC","Gg","22.9897826715011"
"KZ","2001","N14 G_Shipping","NMVOC","Gg","1.32753853152199"
"KZ","2001","N14 H_Aviation","NMVOC","Gg","0.271898979664"
"KZ","2001","N14 I_Offroad","NMVOC","Gg","1.22664256744186"
"KZ","2001","N14 J_Waste","NMVOC","Gg","4.919875"
"KZ","2001","N14 K_AgriLivestock","NMVOC","Gg","55.010295"
"KZ","2001","N14 L_AgriOther","NMVOC","Gg","14.435272"
"KZ","2001","N14 M_Other","NMVOC","Gg","0"
"KZ","2001","N14 N_Natural","NMVOC","Gg","53.47"
"BG","2015","N14 A_PublicPower","NMVOC","Gg","0.047690897"
"BG","2015","N14 B_Industry","NMVOC","Gg","3.05880855219"
"BG","2015","N14 C_OtherStatComb","NMVOC","Gg","20.699064301"
"BG","2015","N14 D_Fugitive","NMVOC","Gg","11.620948331"
"BG","2015","N14 E_Solvents","NMVOC","Gg","15.0802923145"
"BG","2015","N14 F_RoadTransport","NMVOC","Gg","12.1375881118036"
"BG","2015","N14 G_Shipping","NMVOC","Gg","0.2506358127"
"BG","2015","N14 H_Aviation","NMVOC","Gg","0.0191628"
"BG","2015","N14 I_Offroad","NMVOC","Gg","0.593051"
"BG","2015","N14 J_Waste","NMVOC","Gg","2.9380411009"
"BG","2015","N14 K_AgriLivestock","NMVOC","Gg","9.114205377"
"BG","2015","N14 L_AgriOther","NMVOC","Gg","3.07473504333932"
"BG","2015","N14 M_Other","NMVOC","Gg","0"
"BG","2015","N14 O_AviCruise","NMVOC","Gg","0.0873"
"BG","2015","N14 P_IntShipping","NMVOC","Gg","0"
"AT","1990","N14 A_PublicPower","NMVOC","Gg","0.326195697890969"
"AT","1990","N14 B_Industry","NMVOC","Gg","5.18697359501259"
"AT","1990","N14 C_OtherStatComb","NMVOC","Gg","38.0143499690082"
"AT","1990","N14 D_Fugitive","NMVOC","Gg","15.4850110300157"
"AT","1990","N14 E_Solvents","NMVOC","Gg","114.510425597959"
"AT","1990","N14 F_RoadTransport","NMVOC","Gg","87.2861419310874"
"AT","1990","N14 G_Shipping","NMVOC","Gg","0.618193433785479"
"AT","1990","N14 H_Aviation","NMVOC","Gg","0.204069107767979"
"AT","1990","N14 I_Offroad","NMVOC","Gg","9.7391934907522"
"AT","1990","N14 J_Waste","NMVOC","Gg","0.156944575434803"
"AT","1990","N14 K_AgriLivestock","NMVOC","Gg","35.5701240694231"
"AT","1990","N14 L_AgriOther","NMVOC","Gg","17.3040316209143"
"AT","1990","N14 M_Other","NMVOC","Gg","0"
"AT","1990","N14 O_AviCruise","NMVOC","Gg","0.180939664577594"
"AT","1990","N14 P_IntShipping","NMVOC","Gg","0"
"AT","1990","N14 N_Natural","NMVOC","Gg","0"
"AT","1990","N14 z_Memo","NMVOC","Gg","86.3133163681963"
"EU09","1993","N14 A_PublicPower","NMVOC","Gg","19.5441046786663"
"EU09","1993","N14 B_Industry","NMVOC","Gg","630.909734487897"
"EU09","1993","N14 C_OtherStatComb","NMVOC","Gg","950.898897829328"
"EU09","1993","N14 D_Fugitive","NMVOC","Gg","1247.67801266723"
"EU09","1993","N14 E_Solvents","NMVOC","Gg","3206.12322282857"
"EU09","1993","N14 F_RoadTransport","NMVOC","Gg","3680.95789673531"
"EU09","1993","N14 G_Shipping","NMVOC","Gg","74.9032194298861"
"EU09","1993","N14 H_Aviation","NMVOC","Gg","8.88934223453824"
"EU09","1993","N14 I_Offroad","NMVOC","Gg","272.422905266253"
"EU09","1993","N14 J_Waste","NMVOC","Gg","48.0075605914098"
"EU09","1993","N14 K_AgriLivestock","NMVOC","Gg","588.019713507602"
"EU09","1993","N14 L_AgriOther","NMVOC","Gg","97.2095711576564"
"EU09","1993","N14 M_Other","NMVOC","Gg","1.297386499781"
"EU09","1993","N14 O_AviCruise","NMVOC","Gg","5.90592837325191"
"EU09","1993","N14 P_IntShipping","NMVOC","Gg","25.9140595824149"
"EU09","1993","N14 N_Natural","NMVOC","Gg","1444.2792568987"
"EU09","1993","N14 z_Memo","NMVOC","Gg","1402.88197047926"
"PL","2007","N14 A_PublicPower","NMVOC","Gg","2.25905317"
"PL","2007","N14 B_Industry","NMVOC","Gg","86.966792349276"
"PL","2007","N14 C_OtherStatComb","NMVOC","Gg","142.2895264688"
"PL","2007","N14 D_Fugitive","NMVOC","Gg","50.0973162913031"
"PL","2007","N14 E_Solvents","NMVOC","Gg","213.051367282679"
"PL","2007","N14 F_RoadTransport","NMVOC","Gg","112.50798898472"
"PL","2007","N14 G_Shipping","NMVOC","Gg","0.0198753931253505"
"PL","2007","N14 H_Aviation","NMVOC","Gg","0.0347974782080729"
"PL","2007","N14 I_Offroad","NMVOC","Gg","8.11062741708543"
"PL","2007","N14 J_Waste","NMVOC","Gg","17.1804880397591"
"PL","2007","N14 K_AgriLivestock","NMVOC","Gg","93.711200135625"
"PL","2007","N14 L_AgriOther","NMVOC","Gg","6.84736814905208"
"PL","2007","N14 M_Other","NMVOC","Gg","0"
"PL","2007","N14 O_AviCruise","NMVOC","Gg","0.247116558455617"
"PL","2007","N14 P_IntShipping","NMVOC","Gg","0.6858"
"PL","2007","N14 N_Natural","NMVOC","Gg","240.831525034691"
"PL","2007","N14 z_Memo","NMVOC","Gg","0"
"AZ","2014","N14 A_PublicPower","NMVOC","Gg","0.57633497"
"AZ","2014","N14 B_Industry","NMVOC","Gg","13.85267292"
"AZ","2014","N14 C_OtherStatComb","NMVOC","Gg","2.11763384"
"AZ","2014","N14 D_Fugitive","NMVOC","Gg","14.37607"
"AZ","2014","N14 E_Solvents","NMVOC","Gg","14.70938"
"AZ","2014","N14 F_RoadTransport","NMVOC","Gg","15.2210204737675"
"AZ","2014","N14 G_Shipping","NMVOC","Gg","0.29036"
"AZ","2014","N14 H_Aviation","NMVOC","Gg","0"
"AZ","2014","N14 I_Offroad","NMVOC","Gg","2.35168736176471"
"AZ","2014","N14 J_Waste","NMVOC","Gg","0.00544159"
"AZ","2014","N14 K_AgriLivestock","NMVOC","Gg","25.3698440055"
"AZ","2014","N14 M_Other","NMVOC","Gg","0"
"AZ","2014","N14 O_AviCruise","NMVOC","Gg","0"
"AZ","2014","N14 P_IntShipping","NMVOC","Gg","0"
"AZ","2014","N14 N_Natural","NMVOC","Gg","0"
"AZ","2014","N14 z_Memo","NMVOC","Gg","24.414003511"
"TR","1993","N14 A_PublicPower","NMVOC","Gg","0.727485045384"
"TR","1993","N14 B_Industry","NMVOC","Gg","98.7732879913402"
"TR","1993","N14 C_OtherStatComb","NMVOC","Gg","263.19764799023"
"TR","1993","N14 D_Fugitive","NMVOC","Gg","0"
"TR","1993","N14 E_Solvents","NMVOC","Gg","191.252816093084"
"TR","1993","N14 F_RoadTransport","NMVOC","Gg","0"
"TR","1993","N14 G_Shipping","NMVOC","Gg","0.5615379"
"TR","1993","N14 H_Aviation","NMVOC","Gg","0.87194306431089"
"TR","1993","N14 I_Offroad","NMVOC","Gg","1.1286672"
"TR","1993","N14 J_Waste","NMVOC","Gg","21.0246578052932"
"TR","1993","N14 K_AgriLivestock","NMVOC","Gg","176.247344019"
"TR","1993","N14 L_AgriOther","NMVOC","Gg","193.447492789"
"TR","1993","N14 M_Other","NMVOC","Gg","0"
"TR","1993","N14 O_AviCruise","NMVOC","Gg","0.239460165094791"
"TR","1993","N14 P_IntShipping","NMVOC","Gg","0"
"TR","1993","N14 N_Natural","NMVOC","Gg","0"
"SI","2007","N14 A_PublicPower","NMVOC","Gg","0.102401634964523"
"SI","2007","N14 B_Industry","NMVOC","Gg","3.54323560047153"
"SI","2007","N14 C_OtherStatComb","NMVOC","Gg","7.5473881360814"
"SI","2007","N14 D_Fugitive","NMVOC","Gg","2.46103415973396"
"SI","2007","N14 E_Solvents","NMVOC","Gg","14.265334858"
"SI","2007","N14 F_RoadTransport","NMVOC","Gg","5.97574115906887"
"SI","2007","N14 G_Shipping","NMVOC","Gg","0"
"SI","2007","N14 H_Aviation","NMVOC","Gg","0.06473971677"
"SI","2007","N14 I_Offroad","NMVOC","Gg","1.90120913210092"
"SI","2007","N14 J_Waste","NMVOC","Gg","1.2814747944174"
"SI","2007","N14 K_AgriLivestock","NMVOC","Gg","5.93568218067409"
"SI","2007","N14 L_AgriOther","NMVOC","Gg","0.0258055471725601"
"SI","2007","N14 M_Other","NMVOC","Gg","0"
"SI","2007","N14 O_AviCruise","NMVOC","Gg","0"
"SI","2007","N14 P_IntShipping","NMVOC","Gg","0.1323"
"SI","2007","N14 N_Natural","NMVOC","Gg","0"
"SI","2007","N14 z_Memo","NMVOC","Gg","0.00032634"
"GE","2017","N14 A_PublicPower","NMVOC","Gg","0.03006374"
"GE","2017","N14 B_Industry","NMVOC","Gg","3.2011335020625"
"GE","2017","N14 C_OtherStatComb","NMVOC","Gg","9.30258904"
"GE","2017","N14 D_Fugitive","NMVOC","Gg","0.21205"
"GE","2017","N14 E_Solvents","NMVOC","Gg","4.4716488"
"GE","2017","N14 F_RoadTransport","NMVOC","Gg","15.3438262486727"
"GE","2017","N14 G_Shipping","NMVOC","Gg","0.014155"
"GE","2017","N14 H_Aviation","NMVOC","Gg","0"
"GE","2017","N14 I_Offroad","NMVOC","Gg","0.3878455"
"GE","2017","N14 J_Waste","NMVOC","Gg","0.679366388441954"
"GE","2017","N14 K_AgriLivestock","NMVOC","Gg","6.8964196"
"GE","2017","N14 L_AgriOther","NMVOC","Gg","0.189458"
"GE","2017","N14 M_Other","NMVOC","Gg","0"
"CA","2015","N14 A_PublicPower","NMVOC","Gg","1.31283251120249"
"CA","2015","N14 B_Industry","NMVOC","Gg","132.962693615394"
"CA","2015","N14 C_OtherStatComb","NMVOC","Gg","233.119076240187"
"CA","2015","N14 D_Fugitive","NMVOC","Gg","746.449437140868"
"CA","2015","N14 E_Solvents","NMVOC","Gg","325.617966209696"
"CA","2015","N14 F_RoadTransport","NMVOC","Gg","148.529789042402"
"CA","2015","N14 G_Shipping","NMVOC","Gg","8.15713077438591"
"CA","2015","N14 H_Aviation","NMVOC","Gg","2.55082982812461"
"CA","2015","N14 I_Offroad","NMVOC","Gg","159.596064379591"
"CA","2015","N14 J_Waste","NMVOC","Gg","10.7356519467508"
"CA","2015","N14 K_AgriLivestock","NMVOC","Gg","114.018454809753"
"CA","2015","N14 L_AgriOther","NMVOC","Gg","2.97053929506394"
"CA","2015","N14 M_Other","NMVOC","Gg","5.87611567202843"
"CA","2015","N14 O_AviCruise","NMVOC","Gg","3.54383002139997"
"CA","2015","N14 P_IntShipping","NMVOC","Gg","0"
"CA","2015","N14 N_Natural","NMVOC","Gg","0"
"CA","2015","N14 z_Memo","NMVOC","Gg","0"
"IT","2005","N14 A_PublicPower","NMVOC","Gg","4.04775780991231"
"IT","2005","N14 B_Industry","NMVOC","Gg","57.2865004956419"
"IT","2005","N14 C_OtherStatComb","NMVOC","Gg","125.369226337191"
"IT","2005","N14 D_Fugitive","NMVOC","Gg","82.7308856181965"
"IT","2005","N14 E_Solvents","NMVOC","Gg","492.823157246301"
"IT","2005","N14 F_RoadTransport","NMVOC","Gg","361.446958179313"
"IT","2005","N14 G_Shipping","NMVOC","Gg","43.2825680240783"
"IT","2005","N14 H_Aviation","NMVOC","Gg","0.73252465825653"
"IT","2005","N14 I_Offroad","NMVOC","Gg","29.7896841655446"
"IT","2005","N14 J_Waste","NMVOC","Gg","13.130317272052"
"IT","2005","N14 K_AgriLivestock","NMVOC","Gg","110.859085654897"
"IT","2005","N14 L_AgriOther","NMVOC","Gg","26.8359109104291"
"IT","2005","N14 M_Other","NMVOC","Gg","0"
"IT","2005","N14 O_AviCruise","NMVOC","Gg","0.946984343273789"
"IT","2005","N14 P_IntShipping","NMVOC","Gg","5.11843743201478"
"IT","2005","N14 N_Natural","NMVOC","Gg","1279.0093214038"
"IT","2005","N14 z_Memo","NMVOC","Gg","0"
"HR","1998","N14 A_PublicPower","NMVOC","Gg","0.6176228184"
"HR","1998","N14 B_Industry","NMVOC","Gg","10.4152701734537"
"HR","1998","N14 C_OtherStatComb","NMVOC","Gg","24.1386426895"
"HR","1998","N14 D_Fugitive","NMVOC","Gg","5.204758964688"
"HR","1998","N14 E_Solvents","NMVOC","Gg","27.2202910095112"
"HR","1998","N14 F_RoadTransport","NMVOC","Gg","29.6682980054675"
"HR","1998","N14 G_Shipping","NMVOC","Gg","0.251842424518"
"HR","1998","N14 H_Aviation","NMVOC","Gg","0.010571284445"
"HR","1998","N14 I_Offroad","NMVOC","Gg","2.45680994861901"
"HR","1998","N14 J_Waste","NMVOC","Gg","2.19523017284"
"HR","1998","N14 K_AgriLivestock","NMVOC","Gg","8.330415787938"
"HR","1998","N14 L_AgriOther","NMVOC","Gg","2.40084566"
"HR","1998","N14 M_Other","NMVOC","Gg","0"
"HR","1998","N14 O_AviCruise","NMVOC","Gg","0.03403512705"
"HR","1998","N14 P_IntShipping","NMVOC","Gg","0.0716903271"
"HR","1998","N14 N_Natural","NMVOC","Gg","2.298"
"HR","1998","N14 z_Memo","NMVOC","Gg","0"
"IS","1993","N14 A_PublicPower","NMVOC","Gg","0.00039561688"
"IS","1993","N14 B_Industry","NMVOC","Gg","0.419660597038143"
"IS","1993","N14 C_OtherStatComb","NMVOC","Gg","0.00496237975492784"
"IS","1993","N14 D_Fugitive","NMVOC","Gg","0.192742037247778"
"IS","1993","N14 E_Solvents","NMVOC","Gg","1.246889040824"
"IS","1993","N14 F_RoadTransport","NMVOC","Gg","9.73569696"
"IS","1993","N14 G_Shipping","NMVOC","Gg","0.0530119"
"IS","1993","N14 H_Aviation","NMVOC","Gg","0.0696312006060195"
"IS","1993","N14 I_Offroad","NMVOC","Gg","0.870492309997638"
"IS","1993","N14 J_Waste","NMVOC","Gg","0.57169108962796"
"IS","1993","N14 K_AgriLivestock","NMVOC","Gg","1.90888602254302"
"IS","1993","N14 L_AgriOther","NMVOC","Gg","6.79232044041342e-08"
"IS","1993","N14 M_Other","NMVOC","Gg","0"
"IS","1993","N14 O_AviCruise","NMVOC","Gg","0.0844898093939806"
"IS","1993","N14 P_IntShipping","NMVOC","Gg","0.016657718002362"
"IS","1993","N14 N_Natural","NMVOC","Gg","0"
"IS","1993","N14 z_Memo","NMVOC","Gg","0"
"TR","2012","N14 A_PublicPower","NMVOC","Gg","3.2252957824"
"TR","2012","N14 B_Industry","NMVOC","Gg","142.724707473483"
"TR","2012","N14 C_OtherStatComb","NMVOC","Gg","229.1834512276"
"TR","2012","N14 D_Fugitive","NMVOC","Gg","0"
"TR","2012","N14 E_Solvents","NMVOC","Gg","244.218724491641"
"TR","2012","N14 F_RoadTransport","NMVOC","Gg","42.6384663555008"
"TR","2012","N14 G_Shipping","NMVOC","Gg","0.027"
"TR","2012","N14 H_Aviation","NMVOC","Gg","0.418125358173575"
"TR","2012","N14 I_Offroad","NMVOC","Gg","0.6708863"
"TR","2012","N14 J_Waste","NMVOC","Gg","40.04163744"
"TR","2012","N14 K_AgriLivestock","NMVOC","Gg","188.81312496829"
"TR","2012","N14 L_AgriOther","NMVOC","Gg","202.11135432687"
"TR","2012","N14 M_Other","NMVOC","Gg","0"
"TR","2012","N14 O_AviCruise","NMVOC","Gg","0.170129468912025"
"TR","2012","N14 P_IntShipping","NMVOC","Gg","0"
"TR","2012","N14 N_Natural","NMVOC","Gg","0"
"CY","1997","N14 A_PublicPower","NMVOC","Gg","0.071539605375"
"CY","1997","N14 B_Industry","NMVOC","Gg","1.14211932025"
"CY","1997","N14 C_OtherStatComb","NMVOC","Gg","0.0531036430942164"
"CY","1997","N14 D_Fugitive","NMVOC","Gg","1.05071608253968"
"CY","1997","N14 E_Solvents","NMVOC","Gg","7.4771319552336"
"CY","1997","N14 F_RoadTransport","NMVOC","Gg","6.03055516893186"
"CY","1997","N14 G_Shipping","NMVOC","Gg","0.00274033725625204"
"CY","1997","N14 H_Aviation","NMVOC","Gg","0.0156953562928721"
"CY","1997","N14 I_Offroad","NMVOC","Gg","0.0771631174186143"
"CY","1997","N14 J_Waste","NMVOC","Gg","0.622174430943672"
"CY","1997","N14 K_AgriLivestock","NMVOC","Gg","1.14183666570606"
"CY","1997","N14 L_AgriOther","NMVOC","Gg","0.0612111"
"CY","1997","N14 M_Other","NMVOC","Gg","0"
"CY","1997","N14 O_AviCruise","NMVOC","Gg","0"
"CY","1997","N14 P_IntShipping","NMVOC","Gg","0.118"
"CY","1997","N14 N_Natural","NMVOC","Gg","0"
"CY","1997","N14 z_Memo","NMVOC","Gg","6.04899086248098"
"UA","2014","N14 A_PublicPower","NMVOC","Gg","2.50003293101112"
"UA","2014","N14 B_Industry","NMVOC","Gg","81.1674650681905"
"UA","2014","N14 C_OtherStatComb","NMVOC","Gg","20.5892015160059"
"UA","2014","N14 D_Fugitive","NMVOC","Gg","19.4887871810899"
"UA","2014","N14 E_Solvents","NMVOC","Gg","49.9340135273313"
"UA","2014","N14 F_RoadTransport","NMVOC","Gg","74.3029798039717"
"UA","2014","N14 G_Shipping","NMVOC","Gg","0.130060232368434"
"UA","2014","N14 H_Aviation","NMVOC","Gg","0.12255904267"
"UA","2014","N14 I_Offroad","NMVOC","Gg","0.901463490913668"
"UA","2014","N14 J_Waste","NMVOC","Gg","3.01366984581639"
"UA","2014","N14 K_AgriLivestock","NMVOC","Gg","0.161478329659839"
"UA","2014","N14 L_AgriOther","NMVOC","Gg","0.00542312358227044"
"UA","2014","N14 M_Other","NMVOC","Gg","0"
"UA","2014","N14 O_AviCruise","NMVOC","Gg","1.2403350532554"
"UA","2014","N14 P_IntShipping","NMVOC","Gg","0"
"UA","2014","N14 N_Natural","NMVOC","Gg","4.1331"
"UA","2014","N14 z_Memo","NMVOC","Gg","0"
"EU09","1996","N14 A_PublicPower","NMVOC","Gg","25.9743788301501"
"EU09","1996","N14 B_Industry","NMVOC","Gg","536.14868842141"
"EU09","1996","N14 C_OtherStatComb","NMVOC","Gg","829.572949797876"
"EU09","1996","N14 D_Fugitive","NMVOC","Gg","989.884451493369"
"EU09","1996","N14 E_Solvents","NMVOC","Gg","2874.37423009201"
"EU09","1996","N14 F_RoadTransport","NMVOC","Gg","2942.74226749194"
"EU09","1996","N14 G_Shipping","NMVOC","Gg","84.1125104605218"
"EU09","1996","N14 H_Aviation","NMVOC","Gg","8.38872358795234"
"EU09","1996","N14 I_Offroad","NMVOC","Gg","266.946109466551"
"EU09","1996","N14 J_Waste","NMVOC","Gg","49.3108227362079"
"EU09","1996","N14 K_AgriLivestock","NMVOC","Gg","591.828755123472"
"EU09","1996","N14 L_AgriOther","NMVOC","Gg","82.4074532562837"
"EU09","1996","N14 M_Other","NMVOC","Gg","1.518245174205"
"EU09","1996","N14 O_AviCruise","NMVOC","Gg","6.09163503235917"
"EU09","1996","N14 P_IntShipping","NMVOC","Gg","26.3900595274166"
"EU09","1996","N14 N_Natural","NMVOC","Gg","1417.29693600959"
"EU09","1996","N14 z_Memo","NMVOC","Gg","1368.30283284042"
"KZ","2008","N14 D_Fugitive","NMVOC","Gg","0"
"KZ","2008","N14 E_Solvents","NMVOC","Gg","26.22732456042"
"KZ","2008","N14 F_RoadTransport","NMVOC","Gg","54.3714775185785"
"KZ","2008","N14 G_Shipping","NMVOC","Gg","0.738619701772968"
"KZ","2008","N14 H_Aviation","NMVOC","Gg","0.0358867593449891"
"KZ","2008","N14 I_Offroad","NMVOC","Gg","1.44282400744186"
"KZ","2008","N14 J_Waste","NMVOC","Gg","5.40115656"
"KZ","2008","N14 K_AgriLivestock","NMVOC","Gg","76.255934"
"KZ","2008","N14 L_AgriOther","NMVOC","Gg","17.302512"
"KZ","2008","N14 M_Other","NMVOC","Gg","0"
"KZ","2008","N14 N_Natural","NMVOC","Gg","10.057"
"EU12","2009","N14 A_PublicPower","NMVOC","Gg","24.6306490650462"
"EU12","2009","N14 B_Industry","NMVOC","Gg","441.4312571895"
"EU12","2009","N14 C_OtherStatComb","NMVOC","Gg","605.742129913842"
"EU12","2009","N14 D_Fugitive","NMVOC","Gg","457.028083021913"
"EU12","2009","N14 E_Solvents","NMVOC","Gg","2215.38392443544"
"EU12","2009","N14 F_RoadTransport","NMVOC","Gg","694.374014793709"
"EU12","2009","N14 G_Shipping","NMVOC","Gg","59.8908606125415"
"EU12","2009","N14 H_Aviation","NMVOC","Gg","6.83627610059177"
"EU12","2009","N14 I_Offroad","NMVOC","Gg","160.723560088526"
"EU12","2009","N14 J_Waste","NMVOC","Gg","47.0636149533658"
"EU12","2009","N14 K_AgriLivestock","NMVOC","Gg","608.254490816059"
"EU12","2009","N14 L_AgriOther","NMVOC","Gg","167.879884035655"
"EU12","2009","N14 M_Other","NMVOC","Gg","1.861773287252"
"EU12","2009","N14 O_AviCruise","NMVOC","Gg","9.65065883816597"
"EU12","2009","N14 P_IntShipping","NMVOC","Gg","54.5099283307492"
"EU12","2009","N14 N_Natural","NMVOC","Gg","2113.0549860896"
"EU12","2009","N14 z_Memo","NMVOC","Gg","1529.97663991499"
"EE","2011","N14 A_PublicPower","NMVOC","Gg","0.404593"
"EE","2011","N14 B_Industry","NMVOC","Gg","2.18716"
"EE","2011","N14 C_OtherStatComb","NMVOC","Gg","4.215165"
"EE","2011","N14 D_Fugitive","NMVOC","Gg","2.1787927"
"EE","2011","N14 E_Solvents","NMVOC","Gg","5.44641"
"EE","2011","N14 F_RoadTransport","NMVOC","Gg","2.603451"
"EE","2011","N14 G_Shipping","NMVOC","Gg","0.03725"
"EE","2011","N14 H_Aviation","NMVOC","Gg","0.012997"
"EE","2011","N14 I_Offroad","NMVOC","Gg","1.036729"
"EE","2011","N14 J_Waste","NMVOC","Gg","0.56365"
"EE","2011","N14 K_AgriLivestock","NMVOC","Gg","4.057864"
"EE","2011","N14 L_AgriOther","NMVOC","Gg","0.407728"
"EE","2011","N14 M_Other","NMVOC","Gg","0"
"EE","2011","N14 O_AviCruise","NMVOC","Gg","0.018056"
"EE","2011","N14 P_IntShipping","NMVOC","Gg","0.534765"
"EE","2011","N14 N_Natural","NMVOC","Gg","37.82638"
"EE","2011","N14 z_Memo","NMVOC","Gg","0"
"NL","2001","N14 A_PublicPower","NMVOC","Gg","0.7981487"
"NL","2001","N14 B_Industry","NMVOC","Gg","26.856290369"
"NL","2001","N14 C_OtherStatComb","NMVOC","Gg","13.82184639"
"NL","2001","N14 D_Fugitive","NMVOC","Gg","21.12171436"
"NL","2001","N14 E_Solvents","NMVOC","Gg","92.905668922"
"NL","2001","N14 F_RoadTransport","NMVOC","Gg","60.764354138"
"NL","2001","N14 G_Shipping","NMVOC","Gg","1.781150681"
"NL","2001","N14 H_Aviation","NMVOC","Gg","0.265323316"
"NL","2001","N14 I_Offroad","NMVOC","Gg","12.896144568"
"NL","2001","N14 J_Waste","NMVOC","Gg","1.977276955"
"NL","2001","N14 K_AgriLivestock","NMVOC","Gg","44.577473607"
"NL","2001","N14 L_AgriOther","NMVOC","Gg","25.493042268"
"NL","2001","N14 M_Other","NMVOC","Gg","0.412479208"
"NL","2001","N14 O_AviCruise","NMVOC","Gg","0"
"NL","2001","N14 P_IntShipping","NMVOC","Gg","3.478570138"
"NL","2001","N14 N_Natural","NMVOC","Gg","0"
"NL","2001","N14 z_Memo","NMVOC","Gg","58.853092521"
"RS","1990","N14 A_PublicPower","NMVOC","Gg","0.6008305597"
"RS","1990","N14 B_Industry","NMVOC","Gg","15.9041521760215"
"RS","1990","N14 C_OtherStatComb","NMVOC","Gg","38.8170108405929"
"RS","1990","N14 D_Fugitive","NMVOC","Gg","41.2609618"
"RS","1990","N14 E_Solvents","NMVOC","Gg","23.675187842"
"RS","1990","N14 F_RoadTransport","NMVOC","Gg","36.888382117"
"RS","1990","N14 G_Shipping","NMVOC","Gg","0.108"
"RS","1990","N14 H_Aviation","NMVOC","Gg","0.022335"
"RS","1990","N14 I_Offroad","NMVOC","Gg","0.56286"
"RS","1990","N14 J_Waste","NMVOC","Gg","0.000139500724814815"
"RS","1990","N14 K_AgriLivestock","NMVOC","Gg","27.226635198481"
"RS","1990","N14 L_AgriOther","NMVOC","Gg","3.11282246"
"RS","1990","N14 M_Other","NMVOC","Gg","0"
"RS","1990","N14 O_AviCruise","NMVOC","Gg","0.036314725"
"RS","1990","N14 P_IntShipping","NMVOC","Gg","0"
"RS","1990","N14 N_Natural","NMVOC","Gg","0.5299"
"RS","1990","N14 z_Memo","NMVOC","Gg","0"
"IT","2015","N14 A_PublicPower","NMVOC","Gg","2.51604077404987"
"IT","2015","N14 B_Industry","NMVOC","Gg","45.1088783633327"
"IT","2015","N14 C_OtherStatComb","NMVOC","Gg","192.69966360154"
"IT","2015","N14 D_Fugitive","NMVOC","Gg","46.1957080145866"
"IT","2015","N14 E_Solvents","NMVOC","Gg","324.998783036723"
"IT","2015","N14 F_RoadTransport","NMVOC","Gg","131.286262803343"
"IT","2015","N14 G_Shipping","NMVOC","Gg","16.6393958671562"
"IT","2015","N14 H_Aviation","NMVOC","Gg","0.762488588401756"
"IT","2015","N14 I_Offroad","NMVOC","Gg","12.9562471472407"
"IT","2015","N14 J_Waste","NMVOC","Gg","10.7480915327006"
"IT","2015","N14 K_AgriLivestock","NMVOC","Gg","106.645812649115"
"IT","2015","N14 L_AgriOther","NMVOC","Gg","24.1341567718835"
"IT","2015","N14 M_Other","NMVOC","Gg","0"
"IT","2015","N14 O_AviCruise","NMVOC","Gg","1.24820051574367"
"IT","2015","N14 P_IntShipping","NMVOC","Gg","4.15193181442509"
"IT","2015","N14 N_Natural","NMVOC","Gg","1391.29161106946"
"IT","2015","N14 z_Memo","NMVOC","Gg","0"
"NL","1997","N14 A_PublicPower","NMVOC","Gg","0.978654324"
"NL","1997","N14 B_Industry","NMVOC","Gg","36.064770824"
"NL","1997","N14 C_OtherStatComb","NMVOC","Gg","14.829360317"
"NL","1997","N14 D_Fugitive","NMVOC","Gg","26.632922104"
"NL","1997","N14 E_Solvents","NMVOC","Gg","115.941871541"
"NL","1997","N14 F_RoadTransport","NMVOC","Gg","101.200793695"
"NL","1997","N14 G_Shipping","NMVOC","Gg","1.997575006"
"NL","1997","N14 H_Aviation","NMVOC","Gg","0.307465541"
"NL","1997","N14 I_Offroad","NMVOC","Gg","13.475033469"
"NL","1997","N14 J_Waste","NMVOC","Gg","2.287927351"
"NL","1997","N14 K_AgriLivestock","NMVOC","Gg","35.965677539"
"NL","1997","N14 L_AgriOther","NMVOC","Gg","27.396028964"
"NL","1997","N14 M_Other","NMVOC","Gg","0.412479208"
"NL","1997","N14 O_AviCruise","NMVOC","Gg","0"
"NL","1997","N14 P_IntShipping","NMVOC","Gg","3.032254781"
"NL","1997","N14 N_Natural","NMVOC","Gg","0"
"NL","1997","N14 z_Memo","NMVOC","Gg","94.244761521"
"CH","2009","N14 A_PublicPower","NMVOC","Gg","0.181772918173333"
"CH","2009","N14 B_Industry","NMVOC","Gg","6.9015762098219"
"CH","2009","N14 C_OtherStatComb","NMVOC","Gg","4.04411430992486"
"CH","2009","N14 D_Fugitive","NMVOC","Gg","4.92954111775593"
"CH","2009","N14 E_Solvents","NMVOC","Gg","40.5500878610477"
"CH","2009","N14 F_RoadTransport","NMVOC","Gg","14.8063871353612"
"CH","2009","N14 G_Shipping","NMVOC","Gg","0.511840442926224"
"CH","2009","N14 H_Aviation","NMVOC","Gg","0.25008944265283"
"CH","2009","N14 I_Offroad","NMVOC","Gg","4.11702173390364"
"CH","2009","N14 J_Waste","NMVOC","Gg","0.895719264891951"
"CH","2009","N14 K_AgriLivestock","NMVOC","Gg","17.7769190411592"
"CH","2009","N14 L_AgriOther","NMVOC","Gg","0.4661512337276"
"CH","2009","N14 M_Other","NMVOC","Gg","0.183278844132601"
"CH","2009","N14 O_AviCruise","NMVOC","Gg","0.48698605911509"
"CH","2009","N14 P_IntShipping","NMVOC","Gg","0.127718511423085"
"CH","2009","N14 N_Natural","NMVOC","Gg","66.6122266495982"
"CH","2009","N14 z_Memo","NMVOC","Gg","13.7751142322119"
"LV","2006","N14 A_PublicPower","NMVOC","Gg","0.12688367910528"
"LV","2006","N14 B_Industry","NMVOC","Gg","4.60947076043174"
"LV","2006","N14 C_OtherStatComb","NMVOC","Gg","15.2445060344133"
"LV","2006","N14 D_Fugitive","NMVOC","Gg","1.90621655879008"
"LV","2006","N14 E_Solvents","NMVOC","Gg","8.01440268145618"
"LV","2006","N14 F_RoadTransport","NMVOC","Gg","7.79805352233493"
"LV","2006","N14 G_Shipping","NMVOC","Gg","0.0169974327888217"
"LV","2006","N14 H_Aviation","NMVOC","Gg","0.02551468"
"LV","2006","N14 I_Offroad","NMVOC","Gg","1.61917696352728"
"LV","2006","N14 J_Waste","NMVOC","Gg","1.053135503555"
"LV","2006","N14 K_AgriLivestock","NMVOC","Gg","5.91894784221324"
"LV","2006","N14 L_AgriOther","NMVOC","Gg","1.842926"
"LV","2006","N14 M_Other","NMVOC","Gg","0"
"LV","2006","N14 O_AviCruise","NMVOC","Gg","0.0247246865873641"
"LV","2006","N14 P_IntShipping","NMVOC","Gg","0.5465"
"LV","2006","N14 N_Natural","NMVOC","Gg","1.684"
"LV","2006","N14 z_Memo","NMVOC","Gg","0"
"DK","1993","N14 A_PublicPower","NMVOC","Gg","0.953488817630975"
"DK","1993","N14 B_Industry","NMVOC","Gg","5.62277235412829"
"DK","1993","N14 C_OtherStatComb","NMVOC","Gg","16.7758802998477"
"DK","1993","N14 D_Fugitive","NMVOC","Gg","11.8096526549917"
"DK","1993","N14 E_Solvents","NMVOC","Gg","39.9912887106266"
"DK","1993","N14 F_RoadTransport","NMVOC","Gg","65.1683285719453"
"DK","1993","N14 G_Shipping","NMVOC","Gg","0.498258589516966"
"DK","1993","N14 H_Aviation","NMVOC","Gg","0.228858012603724"
"DK","1993","N14 I_Offroad","NMVOC","Gg","10.3741935003412"
"DK","1993","N14 J_Waste","NMVOC","Gg","1.63859706300336"
"DK","1993","N14 K_AgriLivestock","NMVOC","Gg","37.4129272940672"
"DK","1993","N14 L_AgriOther","NMVOC","Gg","1.562845674375"
"DK","1993","N14 M_Other","NMVOC","Gg","0"
"DK","1993","N14 O_AviCruise","NMVOC","Gg","0.109628724249055"
"DK","1993","N14 P_IntShipping","NMVOC","Gg","2.93327755480958"
"DK","1993","N14 N_Natural","NMVOC","Gg","0"
"DK","1993","N14 z_Memo","NMVOC","Gg","0"
"EU27","2000","N14 A_PublicPower","NMVOC","Gg","41.810542966197"
"EU27","2000","N14 B_Industry","NMVOC","Gg","742.877905532291"
"EU27","2000","N14 C_OtherStatComb","NMVOC","Gg","1166.7599911411"
"EU27","2000","N14 D_Fugitive","NMVOC","Gg","972.704744792018"
"EU27","2000","N14 E_Solvents","NMVOC","Gg","3761.46288831062"
"EU27","2000","N14 F_RoadTransport","NMVOC","Gg","2718.94563410131"
"EU27","2000","N14 G_Shipping","NMVOC","Gg","98.7948771373993"
"EU27","2000","N14 H_Aviation","NMVOC","Gg","10.3291837698174"
"EU27","2000","N14 I_Offroad","NMVOC","Gg","363.934576473638"
"EU27","2000","N14 J_Waste","NMVOC","Gg","98.8754885233019"
"EU27","2000","N14 K_AgriLivestock","NMVOC","Gg","917.865429128554"
"EU27","2000","N14 L_AgriOther","NMVOC","Gg","228.573781963415"
"EU27","2000","N14 M_Other","NMVOC","Gg","1.963662104047"
"EU27","2000","N14 O_AviCruise","NMVOC","Gg","10.1898648290708"
"EU27","2000","N14 P_IntShipping","NMVOC","Gg","48.1041845545882"
"EU27","2000","N14 N_Natural","NMVOC","Gg","2297.65792135086"
"EU27","2000","N14 z_Memo","NMVOC","Gg","1475.79169203043"
"RS","2000","N14 A_PublicPower","NMVOC","Gg","0.4887009528"
"RS","2000","N14 B_Industry","NMVOC","Gg","9.43980222412405"
"RS","2000","N14 C_OtherStatComb","NMVOC","Gg","28.8522018913907"
"RS","2000","N14 D_Fugitive","NMVOC","Gg","28.31620068446"
"RS","2000","N14 E_Solvents","NMVOC","Gg","17.9876486764987"
"RS","2000","N14 F_RoadTransport","NMVOC","Gg","35.206162324"
"RS","2000","N14 G_Shipping","NMVOC","Gg","0.0513"
"RS","2000","N14 H_Aviation","NMVOC","Gg","0.00984"
"RS","2000","N14 I_Offroad","NMVOC","Gg","0.29307"
"RS","2000","N14 J_Waste","NMVOC","Gg","0.00024319788037037"
"RS","2000","N14 K_AgriLivestock","NMVOC","Gg","22.49873281"
"RS","2000","N14 L_AgriOther","NMVOC","Gg","3.09983388"
"RS","2000","N14 M_Other","NMVOC","Gg","0"
"RS","2000","N14 O_AviCruise","NMVOC","Gg","0.0047764"
"RS","2000","N14 P_IntShipping","NMVOC","Gg","0"
"RS","2000","N14 N_Natural","NMVOC","Gg","2.7804"
"RS","2000","N14 z_Memo","NMVOC","Gg","0"
"FI","1998","N14 A_PublicPower","NMVOC","Gg","0.591876128939"
"FI","1998","N14 B_Industry","NMVOC","Gg","14.3834277426446"
"FI","1998","N14 C_OtherStatComb","NMVOC","Gg","16.6942157949561"
"FI","1998","N14 D_Fugitive","NMVOC","Gg","9.659783"
"FI","1998","N14 E_Solvents","NMVOC","Gg","34.921857507"
"FI","1998","N14 F_RoadTransport","NMVOC","Gg","59.4262947858627"
"FI","1998","N14 G_Shipping","NMVOC","Gg","10.0387623393791"
"FI","1998","N14 H_Aviation","NMVOC","Gg","0.168980498906488"
"FI","1998","N14 I_Offroad","NMVOC","Gg","23.7206359572644"
"FI","1998","N14 J_Waste","NMVOC","Gg","0.236247984"
"FI","1998","N14 K_AgriLivestock","NMVOC","Gg","12.771303772321"
"FI","1998","N14 L_AgriOther","NMVOC","Gg","4.25455990376021"
"FI","1998","N14 M_Other","NMVOC","Gg","0"
"FI","1998","N14 O_AviCruise","NMVOC","Gg","0.181559286509975"
"FI","1998","N14 P_IntShipping","NMVOC","Gg","1.0331"
"FI","1998","N14 N_Natural","NMVOC","Gg","0"
"FI","1998","N14 z_Memo","NMVOC","Gg","0"
"LU","1995","N14 A_PublicPower","NMVOC","Gg","0.00484124459527759"
"LU","1995","N14 B_Industry","NMVOC","Gg","0.552516947935017"
"LU","1995","N14 C_OtherStatComb","NMVOC","Gg","0.573301122416488"
"LU","1995","N14 D_Fugitive","NMVOC","Gg","0.77233946547225"
"LU","1995","N14 E_Solvents","NMVOC","Gg","5.65693953245775"
"LU","1995","N14 F_RoadTransport","NMVOC","Gg","8.54883103202391"
"LU","1995","N14 G_Shipping","NMVOC","Gg","0.0213329475251225"
"LU","1995","N14 H_Aviation","NMVOC","Gg","0.019658035862069"
"LU","1995","N14 I_Offroad","NMVOC","Gg","0.510925030242737"
"LU","1995","N14 J_Waste","NMVOC","Gg","0.0295201527188228"
"LU","1995","N14 K_AgriLivestock","NMVOC","Gg","3.20277465905748"
"LU","1995","N14 L_AgriOther","NMVOC","Gg","0.1091039"
"LU","1995","N14 M_Other","NMVOC","Gg","0"
"LU","1995","N14 O_AviCruise","NMVOC","Gg","0.0353017849141222"
"LU","1995","N14 P_IntShipping","NMVOC","Gg","0"
"LU","1995","N14 N_Natural","NMVOC","Gg","0"
"LU","1995","N14 z_Memo","NMVOC","Gg","3.35559255453102"
"FI","2015","N14 A_PublicPower","NMVOC","Gg","1.0470395727865"
"FI","2015","N14 B_Industry","NMVOC","Gg","8.35837639630651"
"FI","2015","N14 C_OtherStatComb","NMVOC","Gg","20.9421521268904"
"FI","2015","N14 D_Fugitive","NMVOC","Gg","6.310228416725"
"FI","2015","N14 E_Solvents","NMVOC","Gg","16.92468535"
"FI","2015","N14 F_RoadTransport","NMVOC","Gg","7.34118469346328"
"FI","2015","N14 G_Shipping","NMVOC","Gg","3.44527245424878"
"FI","2015","N14 H_Aviation","NMVOC","Gg","0.124987168658839"
"FI","2015","N14 I_Offroad","NMVOC","Gg","8.11596120300004"
"FI","2015","N14 J_Waste","NMVOC","Gg","0.116695017"
"FI","2015","N14 K_AgriLivestock","NMVOC","Gg","13.0395943941403"
"FI","2015","N14 L_AgriOther","NMVOC","Gg","3.7284156604267"
"FI","2015","N14 M_Other","NMVOC","Gg","0"
"FI","2015","N14 O_AviCruise","NMVOC","Gg","0.1874386033272"
"FI","2015","N14 P_IntShipping","NMVOC","Gg","0.677"
"FI","2015","N14 N_Natural","NMVOC","Gg","0"
"FI","2015","N14 z_Memo","NMVOC","Gg","0"
"CA","1998","N14 A_PublicPower","NMVOC","Gg","3.79373268114183"
"CA","1998","N14 B_Industry","NMVOC","Gg","285.934574560834"
"CA","1998","N14 C_OtherStatComb","NMVOC","Gg","344.737137506932"
"CA","1998","N14 D_Fugitive","NMVOC","Gg","703.858611150407"
"CA","1998","N14 E_Solvents","NMVOC","Gg","384.52744454821"
"CA","1998","N14 F_RoadTransport","NMVOC","Gg","379.915501743399"
"CA","1998","N14 G_Shipping","NMVOC","Gg","7.14996191424295"
"CA","1998","N14 H_Aviation","NMVOC","Gg","2.36778812802301"
"CA","1998","N14 I_Offroad","NMVOC","Gg","729.721119832021"
"CA","1998","N14 J_Waste","NMVOC","Gg","15.0695252574613"
"CA","1998","N14 K_AgriLivestock","NMVOC","Gg","115.554674259486"
"CA","1998","N14 L_AgriOther","NMVOC","Gg","2.08906692798535"
"CA","1998","N14 M_Other","NMVOC","Gg","14.8573243838013"
"CA","1998","N14 O_AviCruise","NMVOC","Gg","3.10962995017676"
"CA","1998","N14 P_IntShipping","NMVOC","Gg","0"
"CA","1998","N14 N_Natural","NMVOC","Gg","0"
"CA","1998","N14 z_Memo","NMVOC","Gg","0"
"DK","1988","N14 A_PublicPower","NMVOC","Gg","0.4605164"
"DK","1988","N14 B_Industry","NMVOC","Gg","5.62937158856471"
"DK","1988","N14 C_OtherStatComb","NMVOC","Gg","16.2510863989964"
"DK","1988","N14 D_Fugitive","NMVOC","Gg","11.75984045336"
"DK","1988","N14 E_Solvents","NMVOC","Gg","42.6225342946957"
"DK","1988","N14 F_RoadTransport","NMVOC","Gg","63.2927146441888"
"DK","1988","N14 G_Shipping","NMVOC","Gg","0.462879888528485"
"DK","1988","N14 H_Aviation","NMVOC","Gg","0.249169815265798"
"DK","1988","N14 I_Offroad","NMVOC","Gg","11.9976967690431"
"DK","1988","N14 J_Waste","NMVOC","Gg","0.219972003702314"
"DK","1988","N14 K_AgriLivestock","NMVOC","Gg","39.3311871744628"
"DK","1988","N14 L_AgriOther","NMVOC","Gg","1.989451573025"
"DK","1988","N14 M_Other","NMVOC","Gg","0"
"DK","1988","N14 O_AviCruise","NMVOC","Gg","0.114814865871692"
"DK","1988","N14 P_IntShipping","NMVOC","Gg","1.89245863008135"
"DK","1988","N14 N_Natural","NMVOC","Gg","0"
"DK","1988","N14 z_Memo","NMVOC","Gg","0"
"SK","2001","N14 A_PublicPower","NMVOC","Gg","0.18410577"
"SK","2001","N14 B_Industry","NMVOC","Gg","10.8868490005248"
"SK","2001","N14 C_OtherStatComb","NMVOC","Gg","55.6139294645479"
"SK","2001","N14 D_Fugitive","NMVOC","Gg","10.860738266606"
"SK","2001","N14 E_Solvents","NMVOC","Gg","54.3940179657898"
"SK","2001","N14 F_RoadTransport","NMVOC","Gg","22.5908957608262"
"SK","2001","N14 G_Shipping","NMVOC","Gg","0.0226096852867637"
"SK","2001","N14 H_Aviation","NMVOC","Gg","0.00146507937797612"
"SK","2001","N14 I_Offroad","NMVOC","Gg","0.807772407133107"
"SK","2001","N14 J_Waste","NMVOC","Gg","0.895246791788709"
"SK","2001","N14 K_AgriLivestock","NMVOC","Gg","7.14056228018897"
"SK","2001","N14 L_AgriOther","NMVOC","Gg","2.70903432737053"
"SK","2001","N14 M_Other","NMVOC","Gg","0"
"SK","2001","N14 O_AviCruise","NMVOC","Gg","0.00245224344372653"
"SK","2001","N14 P_IntShipping","NMVOC","Gg","0"
"SK","2001","N14 N_Natural","NMVOC","Gg","0.079575"
"SK","2001","N14 z_Memo","NMVOC","Gg","0"
"EE","2016","N14 A_PublicPower","NMVOC","Gg","0.485407"
"EE","2016","N14 B_Industry","NMVOC","Gg","2.05555"
"EE","2016","N14 C_OtherStatComb","NMVOC","Gg","3.518844"
"EE","2016","N14 D_Fugitive","NMVOC","Gg","1.215384"
"EE","2016","N14 E_Solvents","NMVOC","Gg","6.410588"
"EE","2016","N14 F_RoadTransport","NMVOC","Gg","1.624618"
"EE","2016","N14 G_Shipping","NMVOC","Gg","0.10365"
"EE","2016","N14 H_Aviation","NMVOC","Gg","0.014691"
"EE","2016","N14 I_Offroad","NMVOC","Gg","1.189969"
"EE","2016","N14 J_Waste","NMVOC","Gg","0.199824"
"EE","2016","N14 K_AgriLivestock","NMVOC","Gg","4.166172"
"EE","2016","N14 L_AgriOther","NMVOC","Gg","0.531412"
"EE","2016","N14 M_Other","NMVOC","Gg","0"
"EE","2016","N14 O_AviCruise","NMVOC","Gg","0.018454"
"EE","2016","N14 P_IntShipping","NMVOC","Gg","0.772307"
"EE","2016","N14 N_Natural","NMVOC","Gg","0.03687"
"EE","2016","N14 z_Memo","NMVOC","Gg","0"
"GR","1995","N14 A_PublicPower","NMVOC","Gg","1.56669785805969"
"GR","1995","N14 B_Industry","NMVOC","Gg","18.019739097685"
"GR","1995","N14 C_OtherStatComb","NMVOC","Gg","8.5624532132464"
"GR","1995","N14 D_Fugitive","NMVOC","Gg","17.885465"
"GR","1995","N14 E_Solvents","NMVOC","Gg","91.9822972467156"
"GR","1995","N14 F_RoadTransport","NMVOC","Gg","147.631288005903"
"GR","1995","N14 G_Shipping","NMVOC","Gg","1.5216"
"GR","1995","N14 H_Aviation","NMVOC","Gg","0.00983656720699043"
"GR","1995","N14 I_Offroad","NMVOC","Gg","9.142829"
"GR","1995","N14 J_Waste","NMVOC","Gg","2.63024822702733"
"GR","1995","N14 K_AgriLivestock","NMVOC","Gg","14.917755845602"
"GR","1995","N14 L_AgriOther","NMVOC","Gg","3.60191372738"
"GR","1995","N14 M_Other","NMVOC","Gg","0"
"GR","1995","N14 O_AviCruise","NMVOC","Gg","0.0167657856958096"
"GR","1995","N14 P_IntShipping","NMVOC","Gg","9.8355"
"EU27","2011","N14 A_PublicPower","NMVOC","Gg","44.6807436688347"
"EU27","2011","N14 B_Industry","NMVOC","Gg","631.393798077241"
"EU27","2011","N14 C_OtherStatComb","NMVOC","Gg","1014.4214659195"
"EU27","2011","N14 D_Fugitive","NMVOC","Gg","559.870927345322"
"EU27","2011","N14 E_Solvents","NMVOC","Gg","2817.62595288399"
"EU27","2011","N14 F_RoadTransport","NMVOC","Gg","810.255585840337"
"EU27","2011","N14 G_Shipping","NMVOC","Gg","58.6589935184559"
"EU27","2011","N14 H_Aviation","NMVOC","Gg","8.05621716376509"
"EU27","2011","N14 I_Offroad","NMVOC","Gg","212.103379080926"
"EU27","2011","N14 J_Waste","NMVOC","Gg","78.232818567643"
"EU27","2011","N14 K_AgriLivestock","NMVOC","Gg","848.597745897648"
"EU27","2011","N14 L_AgriOther","NMVOC","Gg","215.665352005259"
"EU27","2011","N14 M_Other","NMVOC","Gg","1.96516150681"
"EU27","2011","N14 O_AviCruise","NMVOC","Gg","12.4549688915268"
"EU27","2011","N14 P_IntShipping","NMVOC","Gg","58.5399764036889"
"EU27","2011","N14 N_Natural","NMVOC","Gg","2424.34507507962"
"EU27","2011","N14 z_Memo","NMVOC","Gg","1528.27289068388"
"RS","1996","N14 A_PublicPower","NMVOC","Gg","0.5484166304"
"RS","1996","N14 B_Industry","NMVOC","Gg","9.19465085999086"
"RS","1996","N14 C_OtherStatComb","NMVOC","Gg","25.8642195842321"
"RS","1996","N14 D_Fugitive","NMVOC","Gg","32.2378111"
"RS","1996","N14 E_Solvents","NMVOC","Gg","18.447723851"
"RS","1996","N14 F_RoadTransport","NMVOC","Gg","30.572078239"
"RS","1996","N14 G_Shipping","NMVOC","Gg","0.0513"
"RS","1996","N14 H_Aviation","NMVOC","Gg","0.012763"
"RS","1996","N14 I_Offroad","NMVOC","Gg","0.48018"
"RS","1996","N14 J_Waste","NMVOC","Gg","0.000195917936666667"
"RS","1996","N14 K_AgriLivestock","NMVOC","Gg","23.93106866875"
"RS","1996","N14 L_AgriOther","NMVOC","Gg","3.10502914"
"RS","1996","N14 M_Other","NMVOC","Gg","0"
"RS","1996","N14 O_AviCruise","NMVOC","Gg","0.005494105"
"RS","1996","N14 P_IntShipping","NMVOC","Gg","0"
"RS","1996","N14 N_Natural","NMVOC","Gg","0.94745"
"RS","1996","N14 z_Memo","NMVOC","Gg","0"
"ES","2006","N14 A_PublicPower","NMVOC","Gg","1.94992996532456"
"ES","2006","N14 B_Industry","NMVOC","Gg","86.3626099558387"
"ES","2006","N14 C_OtherStatComb","NMVOC","Gg","35.566980499"
"ES","2006","N14 D_Fugitive","NMVOC","Gg","26.945119980376"
"ES","2006","N14 E_Solvents","NMVOC","Gg","369.135544738"
"ES","2006","N14 F_RoadTransport","NMVOC","Gg","89.466649573"
"ES","2006","N14 G_Shipping","NMVOC","Gg","2.946315374"
"ES","2006","N14 H_Aviation","NMVOC","Gg","0.643544506418714"
"ES","2006","N14 I_Offroad","NMVOC","Gg","16.1288611"
"ES","2006","N14 J_Waste","NMVOC","Gg","6.149303995"
"ES","2006","N14 K_AgriLivestock","NMVOC","Gg","54.172439831"
"ES","2006","N14 L_AgriOther","NMVOC","Gg","85.235110942"
"ES","2006","N14 M_Other","NMVOC","Gg","0"
"ES","2006","N14 O_AviCruise","NMVOC","Gg","1.14648328130856"
"ES","2006","N14 P_IntShipping","NMVOC","Gg","20.212151728"
"ES","2006","N14 N_Natural","NMVOC","Gg","0"
"ES","2006","N14 z_Memo","NMVOC","Gg","0"
"FI","2011","N14 A_PublicPower","NMVOC","Gg","1.18829426159632"
"FI","2011","N14 B_Industry","NMVOC","Gg","9.31346040055352"
"FI","2011","N14 C_OtherStatComb","NMVOC","Gg","21.6453843353178"
"FI","2011","N14 D_Fugitive","NMVOC","Gg","7.4489356103"
"FI","2011","N14 E_Solvents","NMVOC","Gg","20.940221028"
"FI","2011","N14 F_RoadTransport","NMVOC","Gg","12.01136489469"
"FI","2011","N14 G_Shipping","NMVOC","Gg","3.40681656224871"
"FI","2011","N14 H_Aviation","NMVOC","Gg","0.159164879801265"
"FI","2011","N14 I_Offroad","NMVOC","Gg","11.8550219068264"
"FI","2011","N14 J_Waste","NMVOC","Gg","0.136857707"
"FI","2011","N14 K_AgriLivestock","NMVOC","Gg","12.714295000635"
"FI","2011","N14 L_AgriOther","NMVOC","Gg","3.99295356869769"
"FI","2011","N14 M_Other","NMVOC","Gg","0"
"FI","2011","N14 O_AviCruise","NMVOC","Gg","0.206965926704574"
"FI","2011","N14 P_IntShipping","NMVOC","Gg","0.4085"
"FI","2011","N14 N_Natural","NMVOC","Gg","0"
"FI","2011","N14 z_Memo","NMVOC","Gg","0"
"MD","2015","N14 A_PublicPower","NMVOC","Gg","0.1729312752"
"MD","2015","N14 B_Industry","NMVOC","Gg","5.2577486228584"
"MD","2015","N14 C_OtherStatComb","NMVOC","Gg","7.8330423704843"
"MD","2015","N14 D_Fugitive","NMVOC","Gg","0"
"MD","2015","N14 E_Solvents","NMVOC","Gg","22.57518"
"MD","2015","N14 F_RoadTransport","NMVOC","Gg","2.60660648872"
"MD","2015","N14 G_Shipping","NMVOC","Gg","0.000308"
"MD","2015","N14 H_Aviation","NMVOC","Gg","9.12e-05"
"MD","2015","N14 K_AgriLivestock","NMVOC","Gg","8.365112159816"
"MD","2015","N14 L_AgriOther","NMVOC","Gg","1.429492704565"
"LT","2007","N14 A_PublicPower","NMVOC","Gg","0.42286111148865"
"LT","2007","N14 B_Industry","NMVOC","Gg","7.38655441174538"
"LT","2007","N14 C_OtherStatComb","NMVOC","Gg","12.4908305482"
"LT","2007","N14 D_Fugitive","NMVOC","Gg","2.7047908217491"
"LT","2007","N14 E_Solvents","NMVOC","Gg","10.314661768737"
"LT","2007","N14 F_RoadTransport","NMVOC","Gg","9.668520166"
"LT","2007","N14 G_Shipping","NMVOC","Gg","0.0159402706486234"
"LT","2007","N14 H_Aviation","NMVOC","Gg","0.0090088"
"LT","2007","N14 I_Offroad","NMVOC","Gg","1.32390328685935"
"LT","2007","N14 J_Waste","NMVOC","Gg","1.9704262"
"LT","2007","N14 K_AgriLivestock","NMVOC","Gg","11.9350054971917"
"LT","2007","N14 L_AgriOther","NMVOC","Gg","1.84892585"
"LT","2007","N14 M_Other","NMVOC","Gg","0"
"LT","2007","N14 P_IntShipping","NMVOC","Gg","0.332"
"LT","2007","N14 N_Natural","NMVOC","Gg","0.04265"
"CZ","2014","N14 A_PublicPower","NMVOC","Gg","4.624992605"
"CZ","2014","N14 B_Industry","NMVOC","Gg","5.045420115"
"CZ","2014","N14 C_OtherStatComb","NMVOC","Gg","100.29066792045"
"CZ","2014","N14 D_Fugitive","NMVOC","Gg","8.4391536"
"CZ","2014","N14 E_Solvents","NMVOC","Gg","70.01591315545"
"CZ","2014","N14 F_RoadTransport","NMVOC","Gg","16.9452472010052"
"CZ","2014","N14 G_Shipping","NMVOC","Gg","0.014054634"
"CZ","2014","N14 H_Aviation","NMVOC","Gg","0.073175"
"CZ","2014","N14 I_Offroad","NMVOC","Gg","3.29222721858816"
"CZ","2014","N14 J_Waste","NMVOC","Gg","5.21233114694456"
"CZ","2014","N14 K_AgriLivestock","NMVOC","Gg","0"
"CZ","2014","N14 L_AgriOther","NMVOC","Gg","0"
"CZ","2014","N14 M_Other","NMVOC","Gg","0"
"CZ","2014","N14 O_AviCruise","NMVOC","Gg","0.432"
"CZ","2014","N14 P_IntShipping","NMVOC","Gg","0"
"CZ","2014","N14 N_Natural","NMVOC","Gg","0.268"
"CZ","2014","N14 z_Memo","NMVOC","Gg","17.4440631430052"
"KZ","1991","N14 C_OtherStatComb","NMVOC","Gg","0"
"KZ","1991","N14 D_Fugitive","NMVOC","Gg","0"
"KZ","1991","N14 E_Solvents","NMVOC","Gg","27.61381659264"
"KZ","1991","N14 F_RoadTransport","NMVOC","Gg","46.8719955274682"
"KZ","1991","N14 G_Shipping","NMVOC","Gg","0.0296441272919313"
"KZ","1991","N14 H_Aviation","NMVOC","Gg","0.204298062696"
"KZ","1991","N14 I_Offroad","NMVOC","Gg","6.36051526325581"
"KZ","1991","N14 J_Waste","NMVOC","Gg","5.44952"
"KZ","1991","N14 K_AgriLivestock","NMVOC","Gg","117.888605"
"KZ","1991","N14 L_AgriOther","NMVOC","Gg","30.04453"
"KZ","1991","N14 M_Other","NMVOC","Gg","0"
"KZ","1991","N14 N_Natural","NMVOC","Gg","5.1462"
"MK","2014","N14 A_PublicPower","NMVOC","Gg","0.0699089951679002"
"MK","2014","N14 B_Industry","NMVOC","Gg","1.52865075174531"
"MK","2014","N14 C_OtherStatComb","NMVOC","Gg","5.57429307656963"
"MK","2014","N14 D_Fugitive","NMVOC","Gg","2.53434508663035"
"MK","2014","N14 E_Solvents","NMVOC","Gg","8.3088469949534"
"MK","2014","N14 F_RoadTransport","NMVOC","Gg","1.65473501037313"
"MK","2014","N14 G_Shipping","NMVOC","Gg","0.000141197961236235"
"MK","2014","N14 H_Aviation","NMVOC","Gg","0.00283611212064"
"MK","2014","N14 I_Offroad","NMVOC","Gg","0.77366063518087"
"MK","2014","N14 J_Waste","NMVOC","Gg","3.758610648055"
"MK","2014","N14 K_AgriLivestock","NMVOC","Gg","3.130905489"
"MK","2014","N14 L_AgriOther","NMVOC","Gg","1.0863133"
"MK","2014","N14 M_Other","NMVOC","Gg","0"
"MK","2014","N14 O_AviCruise","NMVOC","Gg","0.226973235136"
"MK","2014","N14 P_IntShipping","NMVOC","Gg","0"
"MK","2014","N14 N_Natural","NMVOC","Gg","0.345"
"MK","2014","N14 z_Memo","NMVOC","Gg","0"
"LI","1998","N14 A_PublicPower","NMVOC","Gg","0.000154790710272"
"LI","1998","N14 B_Industry","NMVOC","Gg","0.0223131335238659"
"LI","1998","N14 C_OtherStatComb","NMVOC","Gg","0.0098374942421469"
"LI","1998","N14 D_Fugitive","NMVOC","Gg","0.0159327"
"LI","1998","N14 E_Solvents","NMVOC","Gg","0.32326115107712"
"LI","1998","N14 F_RoadTransport","NMVOC","Gg","0.132182836912536"
"LI","1998","N14 G_Shipping","NMVOC","Gg","0"
"LI","1998","N14 H_Aviation","NMVOC","Gg","7.3962e-06"
"LI","1998","N14 I_Offroad","NMVOC","Gg","0.0310862573890694"
"LI","1998","N14 J_Waste","NMVOC","Gg","0.00495001459132348"
"LI","1998","N14 K_AgriLivestock","NMVOC","Gg","0.055891321"
"LI","1998","N14 L_AgriOther","NMVOC","Gg","3.617927e-14"
"LI","1998","N14 M_Other","NMVOC","Gg","0"
"EU12","1993","N14 A_PublicPower","NMVOC","Gg","20.6909520542401"
"EU12","1993","N14 B_Industry","NMVOC","Gg","705.196578208168"
"EU12","1993","N14 C_OtherStatComb","NMVOC","Gg","1012.94195693936"
"EU12","1993","N14 D_Fugitive","NMVOC","Gg","1307.73099427491"
"EU12","1993","N14 E_Solvents","NMVOC","Gg","3591.45972347502"
"EU12","1993","N14 F_RoadTransport","NMVOC","Gg","4126.37400730257"
"EU12","1993","N14 G_Shipping","NMVOC","Gg","78.9809677957649"
"EU12","1993","N14 H_Aviation","NMVOC","Gg","10.32607762517"
"EU12","1993","N14 I_Offroad","NMVOC","Gg","294.411662233068"
"EU12","1993","N14 J_Waste","NMVOC","Gg","56.9851042802366"
"EU12","1993","N14 K_AgriLivestock","NMVOC","Gg","643.859504102597"
"EU12","1993","N14 L_AgriOther","NMVOC","Gg","183.643049879104"
"EU12","1993","N14 M_Other","NMVOC","Gg","1.297386499781"
"EU12","1993","N14 O_AviCruise","NMVOC","Gg","6.83197640955477"
"EU12","1993","N14 P_IntShipping","NMVOC","Gg","34.9954083899176"
"EU12","1993","N14 N_Natural","NMVOC","Gg","1977.17092148983"
"EU12","1993","N14 z_Memo","NMVOC","Gg","1402.88197047926"
"IS","2001","N14 A_PublicPower","NMVOC","Gg","0.00016395144"
"IS","2001","N14 B_Industry","NMVOC","Gg","0.469822090799432"
"IS","2001","N14 C_OtherStatComb","NMVOC","Gg","0.001943108043"
"IS","2001","N14 D_Fugitive","NMVOC","Gg","0.211769874238463"
"IS","2001","N14 E_Solvents","NMVOC","Gg","1.313735754895"
"IS","2001","N14 F_RoadTransport","NMVOC","Gg","2.72871198442116"
"IS","2001","N14 G_Shipping","NMVOC","Gg","0.0178995"
"IS","2001","N14 H_Aviation","NMVOC","Gg","0.110677778923582"
"IS","2001","N14 I_Offroad","NMVOC","Gg","0.846975326"
"IS","2001","N14 J_Waste","NMVOC","Gg","0.549621744512184"
"IS","2001","N14 K_AgriLivestock","NMVOC","Gg","1.82751374814845"
"IS","2001","N14 L_AgriOther","NMVOC","Gg","7.37101322059458e-08"
"IS","2001","N14 M_Other","NMVOC","Gg","0"
"IS","2001","N14 O_AviCruise","NMVOC","Gg","0.150355701076418"
"IS","2001","N14 P_IntShipping","NMVOC","Gg","0.0520987"
"IS","2001","N14 N_Natural","NMVOC","Gg","0"
"IS","2001","N14 z_Memo","NMVOC","Gg","0"
"IT","1995","N14 A_PublicPower","NMVOC","Gg","3.9038945361276"
"IT","1995","N14 B_Industry","NMVOC","Gg","70.3026442801942"
"IT","1995","N14 C_OtherStatComb","NMVOC","Gg","112.920764393137"
"IT","1995","N14 D_Fugitive","NMVOC","Gg","130.859541407937"
"IT","1995","N14 E_Solvents","NMVOC","Gg","573.244068458515"
"IT","1995","N14 F_RoadTransport","NMVOC","Gg","857.680640246309"
"IT","1995","N14 G_Shipping","NMVOC","Gg","52.417945855322"
"IT","1995","N14 H_Aviation","NMVOC","Gg","0.3839531842179"
"IT","1995","N14 I_Offroad","NMVOC","Gg","69.2557971181075"
"IT","1995","N14 J_Waste","NMVOC","Gg","12.8457295661545"
"IT","1995","N14 K_AgriLivestock","NMVOC","Gg","120.513051046594"
"IT","1995","N14 L_AgriOther","NMVOC","Gg","30.3047634995446"
"IT","1995","N14 M_Other","NMVOC","Gg","0"
"IT","1995","N14 O_AviCruise","NMVOC","Gg","0.495477961453475"
"IT","1995","N14 P_IntShipping","NMVOC","Gg","3.06856152572765"
"IT","1995","N14 N_Natural","NMVOC","Gg","1164.72341983513"
"IT","1995","N14 z_Memo","NMVOC","Gg","0"
"BY","2014","N14 A_PublicPower","NMVOC","Gg","1.05"
"BY","2014","N14 B_Industry","NMVOC","Gg","3.513"
"BY","2014","N14 C_OtherStatComb","NMVOC","Gg","16.456"
"BY","2014","N14 D_Fugitive","NMVOC","Gg","49.433"
"BY","2014","N14 E_Solvents","NMVOC","Gg","62.372"
"BY","2014","N14 F_RoadTransport","NMVOC","Gg","139.99"
"BY","2014","N14 G_Shipping","NMVOC","Gg","0.194"
"BY","2014","N14 H_Aviation","NMVOC","Gg","0"
"BY","2014","N14 I_Offroad","NMVOC","Gg","55.269"
"BY","2014","N14 J_Waste","NMVOC","Gg","1.687"
"BY","2014","N14 K_AgriLivestock","NMVOC","Gg","0.048"
"BY","2014","N14 L_AgriOther","NMVOC","Gg","0"
"BY","2014","N14 M_Other","NMVOC","Gg","0"
"BY","2014","N14 O_AviCruise","NMVOC","Gg","0.013"
"BY","2014","N14 P_IntShipping","NMVOC","Gg","0"
"BY","2014","N14 N_Natural","NMVOC","Gg","0"
"BY","2014","N14 z_Memo","NMVOC","Gg","0"
"IS","2011","N14 A_PublicPower","NMVOC","Gg","0.0001456976"
"IS","2011","N14 B_Industry","NMVOC","Gg","0.40467103768"
"IS","2011","N14 C_OtherStatComb","NMVOC","Gg","0.000701956742"
"IS","2011","N14 D_Fugitive","NMVOC","Gg","0.204291333232279"
"IS","2011","N14 E_Solvents","NMVOC","Gg","1.160681235695"
"IS","2011","N14 F_RoadTransport","NMVOC","Gg","0.967998430818599"
"IS","2011","N14 G_Shipping","NMVOC","Gg","0.0163554"
"IS","2011","N14 H_Aviation","NMVOC","Gg","0.000512063398380805"
"IS","2011","N14 I_Offroad","NMVOC","Gg","0.664988235"
"IS","2011","N14 J_Waste","NMVOC","Gg","0.257933275047662"
"IS","2011","N14 K_AgriLivestock","NMVOC","Gg","1.89243425121022"
"IS","2011","N14 L_AgriOther","NMVOC","Gg","6.2060424782e-08"
"IS","2011","N14 M_Other","NMVOC","Gg","0"
"IS","2011","N14 O_AviCruise","NMVOC","Gg","0.00119241324923548"
"IS","2011","N14 P_IntShipping","NMVOC","Gg","0.0432917"
"IS","2011","N14 N_Natural","NMVOC","Gg","0"
"IS","2011","N14 z_Memo","NMVOC","Gg","0"
"FI","1997","N14 A_PublicPower","NMVOC","Gg","0.631529511486201"
"FI","1997","N14 B_Industry","NMVOC","Gg","17.2045597477812"
"FI","1997","N14 C_OtherStatComb","NMVOC","Gg","16.1877604621757"
"FI","1997","N14 D_Fugitive","NMVOC","Gg","10.513327"
"FI","1997","N14 E_Solvents","NMVOC","Gg","34.727603326"
"FI","1997","N14 F_RoadTransport","NMVOC","Gg","62.5931943423915"
"FI","1997","N14 G_Shipping","NMVOC","Gg","9.91027423530759"
"FI","1997","N14 H_Aviation","NMVOC","Gg","0.148569906589992"
"FI","1997","N14 I_Offroad","NMVOC","Gg","22.9029186274752"
"FI","1997","N14 J_Waste","NMVOC","Gg","0.244955837"
"FI","1997","N14 K_AgriLivestock","NMVOC","Gg","13.098552725822"
"FI","1997","N14 L_AgriOther","NMVOC","Gg","4.34117151380139"
"FI","1997","N14 M_Other","NMVOC","Gg","0"
"FI","1997","N14 O_AviCruise","NMVOC","Gg","0.169430794298935"
"FI","1997","N14 P_IntShipping","NMVOC","Gg","1.087"
"FI","1997","N14 N_Natural","NMVOC","Gg","0"
"FI","1997","N14 z_Memo","NMVOC","Gg","0"
"MD","2009","N14 A_PublicPower","NMVOC","Gg","0.187600337478"
"MD","2009","N14 B_Industry","NMVOC","Gg","2.9002161458056"
"MD","2009","N14 C_OtherStatComb","NMVOC","Gg","2.54555428031614"
"MD","2009","N14 D_Fugitive","NMVOC","Gg","0"
"MD","2009","N14 E_Solvents","NMVOC","Gg","40.45242"
"MD","2009","N14 F_RoadTransport","NMVOC","Gg","2.88392572888"
"MD","2009","N14 G_Shipping","NMVOC","Gg","0.0002408"
"MD","2009","N14 H_Aviation","NMVOC","Gg","0.000703"
"MD","2009","N14 K_AgriLivestock","NMVOC","Gg","9.77689618213"
"MD","2009","N14 L_AgriOther","NMVOC","Gg","1.369980785225"
"BE","2014","N14 A_PublicPower","NMVOC","Gg","0.391283196756542"
"BE","2014","N14 B_Industry","NMVOC","Gg","17.867923718801"
"BE","2014","N14 C_OtherStatComb","NMVOC","Gg","11.6366023731269"
"BE","2014","N14 D_Fugitive","NMVOC","Gg","5.96413555615507"
"BE","2014","N14 E_Solvents","NMVOC","Gg","37.6399459696882"
"BE","2014","N14 F_RoadTransport","NMVOC","Gg","8.20226325076114"
"BE","2014","N14 G_Shipping","NMVOC","Gg","0.247729520123313"
"BE","2014","N14 H_Aviation","NMVOC","Gg","0.150234694215655"
"BE","2014","N14 I_Offroad","NMVOC","Gg","4.65719518855213"
"BE","2014","N14 J_Waste","NMVOC","Gg","0.88277251807625"
"BE","2014","N14 K_AgriLivestock","NMVOC","Gg","24.726109629"
"BE","2014","N14 L_AgriOther","NMVOC","Gg","1.1900668786"
"BE","2014","N14 M_Other","NMVOC","Gg","0"
"BE","2014","N14 O_AviCruise","NMVOC","Gg","0.67862337458638"
"BE","2014","N14 P_IntShipping","NMVOC","Gg","0.636797214278342"
"BE","2014","N14 N_Natural","NMVOC","Gg","50.942229116"
"BE","2014","N14 z_Memo","NMVOC","Gg","7.84865135376757"
"TR","2002","N14 A_PublicPower","NMVOC","Gg","1.448821175139"
"TR","2002","N14 B_Industry","NMVOC","Gg","125.264253310093"
"TR","2002","N14 C_OtherStatComb","NMVOC","Gg","208.767846248469"
"TR","2002","N14 D_Fugitive","NMVOC","Gg","0"
"TR","2002","N14 E_Solvents","NMVOC","Gg","212.834229832074"
"TR","2002","N14 F_RoadTransport","NMVOC","Gg","84.5531747245666"
"TR","2002","N14 G_Shipping","NMVOC","Gg","0.69336"
"TR","2002","N14 H_Aviation","NMVOC","Gg","0.634550333534974"
"TR","2002","N14 I_Offroad","NMVOC","Gg","0.7998"
"TR","2002","N14 J_Waste","NMVOC","Gg","38.631142685"
"TR","2002","N14 K_AgriLivestock","NMVOC","Gg","148.44083797824"
"TR","2002","N14 L_AgriOther","NMVOC","Gg","163.84951740359"
"TR","2002","N14 M_Other","NMVOC","Gg","0"
"TR","2002","N14 O_AviCruise","NMVOC","Gg","0.174265423797284"
"TR","2002","N14 P_IntShipping","NMVOC","Gg","0"
"TR","2002","N14 N_Natural","NMVOC","Gg","0"
"PL","1990","N14 A_PublicPower","NMVOC","Gg","2.79087907"
"PL","1990","N14 B_Industry","NMVOC","Gg","84.6475865958731"
"PL","1990","N14 C_OtherStatComb","NMVOC","Gg","143.8474259718"
"PL","1990","N14 D_Fugitive","NMVOC","Gg","53.4262145461315"
"PL","1990","N14 E_Solvents","NMVOC","Gg","88.2912263855385"
"PL","1990","N14 F_RoadTransport","NMVOC","Gg","142.566102146817"
"PL","1990","N14 G_Shipping","NMVOC","Gg","0.131752157806105"
"PL","1990","N14 H_Aviation","NMVOC","Gg","0.0284747919990162"
"PL","1990","N14 I_Offroad","NMVOC","Gg","8.89840981909548"
"PL","1990","N14 J_Waste","NMVOC","Gg","19.6714564641067"
"PL","1990","N14 K_AgriLivestock","NMVOC","Gg","153.860589995054"
"PL","1990","N14 L_AgriOther","NMVOC","Gg","8.17307497339842"
"PL","1990","N14 M_Other","NMVOC","Gg","0"
"PL","1990","N14 O_AviCruise","NMVOC","Gg","0.225932786175647"
"PL","1990","N14 P_IntShipping","NMVOC","Gg","1.0854"
"PL","1990","N14 N_Natural","NMVOC","Gg","225.281265862814"
"PL","1990","N14 z_Memo","NMVOC","Gg","0"
"IS","1994","N14 A_PublicPower","NMVOC","Gg","0.00038944028"
"IS","1994","N14 B_Industry","NMVOC","Gg","0.416350853201238"
"IS","1994","N14 C_OtherStatComb","NMVOC","Gg","0.00209532261361856"
"IS","1994","N14 D_Fugitive","NMVOC","Gg","0.195205997613184"
"IS","1994","N14 E_Solvents","NMVOC","Gg","1.242761001378"
"IS","1994","N14 F_RoadTransport","NMVOC","Gg","9.84674848"
"IS","1994","N14 G_Shipping","NMVOC","Gg","0.0506449"
"IS","1994","N14 H_Aviation","NMVOC","Gg","0.0731263668639089"
"IS","1994","N14 I_Offroad","NMVOC","Gg","0.860549989337747"
"IS","1994","N14 J_Waste","NMVOC","Gg","0.58583304791028"
"IS","1994","N14 K_AgriLivestock","NMVOC","Gg","1.91239446645397"
"IS","1994","N14 L_AgriOther","NMVOC","Gg","7.02272326687076e-08"
"IS","1994","N14 M_Other","NMVOC","Gg","0"
"IS","1994","N14 O_AviCruise","NMVOC","Gg","0.0921663231360911"
"IS","1994","N14 P_IntShipping","NMVOC","Gg","0.0159232846622534"
"IS","1994","N14 N_Natural","NMVOC","Gg","0"
"IS","1994","N14 z_Memo","NMVOC","Gg","0"
"EU28","1990","N14 A_PublicPower","NMVOC","Gg","42.2155497759393"
"EU28","1990","N14 B_Industry","NMVOC","Gg","1094.92886773937"
"EU28","1990","N14 C_OtherStatComb","NMVOC","Gg","1966.26274033455"
"EU28","1990","N14 D_Fugitive","NMVOC","Gg","1725.3190094561"
"EU28","1990","N14 E_Solvents","NMVOC","Gg","5150.71760384679"
"EU28","1990","N14 F_RoadTransport","NMVOC","Gg","5518.1555062112"
"EU28","1990","N14 G_Shipping","NMVOC","Gg","104.119595374813"
"EU28","1990","N14 H_Aviation","NMVOC","Gg","14.3685734011163"
"EU28","1990","N14 I_Offroad","NMVOC","Gg","456.394332785406"
"EU28","1990","N14 J_Waste","NMVOC","Gg","101.332885495736"
"EU28","1990","N14 K_AgriLivestock","NMVOC","Gg","1132.83588254324"
"EU28","1990","N14 L_AgriOther","NMVOC","Gg","273.822844226874"
"EU28","1990","N14 M_Other","NMVOC","Gg","1.24420232128423"
"EU28","1990","N14 O_AviCruise","NMVOC","Gg","10.9333344648816"
"EU28","1990","N14 P_IntShipping","NMVOC","Gg","40.4831750842784"
"EU28","1990","N14 N_Natural","NMVOC","Gg","2179.37819644918"
"EU28","1990","N14 z_Memo","NMVOC","Gg","1447.95698572762"
"RS","2005","N14 A_PublicPower","NMVOC","Gg","0.4844430698"
"RS","2005","N14 B_Industry","NMVOC","Gg","10.519123187724"
"RS","2005","N14 C_OtherStatComb","NMVOC","Gg","28.3349572320955"
"RS","2005","N14 D_Fugitive","NMVOC","Gg","33.88636967509"
"RS","2005","N14 E_Solvents","NMVOC","Gg","18.0871762553265"
"RS","2005","N14 F_RoadTransport","NMVOC","Gg","30.915676305"
"RS","2005","N14 G_Shipping","NMVOC","Gg","0.0459"
"RS","2005","N14 H_Aviation","NMVOC","Gg","0.018807"
"RS","2005","N14 I_Offroad","NMVOC","Gg","1.14909"
"RS","2005","N14 J_Waste","NMVOC","Gg","0.00403290362018519"
"RS","2005","N14 K_AgriLivestock","NMVOC","Gg","19.89547509"
"RS","2005","N14 L_AgriOther","NMVOC","Gg","3.1025059"
"RS","2005","N14 M_Other","NMVOC","Gg","0"
"RS","2005","N14 O_AviCruise","NMVOC","Gg","0.003596845"
"RS","2005","N14 P_IntShipping","NMVOC","Gg","0"
"RS","2005","N14 N_Natural","NMVOC","Gg","0.0182"
"RS","2005","N14 z_Memo","NMVOC","Gg","0"
"RS","1992","N14 A_PublicPower","NMVOC","Gg","0.568743676"
"RS","1992","N14 B_Industry","NMVOC","Gg","14.0797256860722"
"RS","1992","N14 C_OtherStatComb","NMVOC","Gg","29.5498320186561"
"RS","1992","N14 D_Fugitive","NMVOC","Gg","34.8059205"
"RS","1992","N14 E_Solvents","NMVOC","Gg","20.296945519"
"RS","1992","N14 F_RoadTransport","NMVOC","Gg","32.837897081"
"RS","1992","N14 G_Shipping","NMVOC","Gg","0.0702"
"RS","1992","N14 H_Aviation","NMVOC","Gg","0.008601"
"RS","1992","N14 I_Offroad","NMVOC","Gg","0.30231"
"RS","1992","N14 J_Waste","NMVOC","Gg","0.000159525411481481"
"RS","1992","N14 K_AgriLivestock","NMVOC","Gg","23.7784174177818"
"RS","1992","N14 L_AgriOther","NMVOC","Gg","3.1102244"
"RS","1992","N14 M_Other","NMVOC","Gg","0"
"RS","1992","N14 O_AviCruise","NMVOC","Gg","0.006780835"
"RS","1992","N14 P_IntShipping","NMVOC","Gg","0"
"RS","1992","N14 N_Natural","NMVOC","Gg","0"
"RS","1992","N14 z_Memo","NMVOC","Gg","0"
"AT","2009","N14 A_PublicPower","NMVOC","Gg","0.328357816701268"
"AT","2009","N14 B_Industry","NMVOC","Gg","4.13299684691574"
"AT","2009","N14 C_OtherStatComb","NMVOC","Gg","24.3850176829772"
"AT","2009","N14 D_Fugitive","NMVOC","Gg","2.5894120627089"
"AT","2009","N14 E_Solvents","NMVOC","Gg","46.3055659703382"
"AT","2009","N14 F_RoadTransport","NMVOC","Gg","12.89929454293"
"AT","2009","N14 G_Shipping","NMVOC","Gg","0.401794716451124"
"AT","2009","N14 H_Aviation","NMVOC","Gg","0.484901038742016"
"AT","2009","N14 I_Offroad","NMVOC","Gg","4.91497771552679"
"AT","2009","N14 J_Waste","NMVOC","Gg","0.0897715197319167"
"AT","2009","N14 K_AgriLivestock","NMVOC","Gg","28.1329075404529"
"AT","2009","N14 L_AgriOther","NMVOC","Gg","11.3055976088047"
"AT","2009","N14 M_Other","NMVOC","Gg","0"
"AT","2009","N14 O_AviCruise","NMVOC","Gg","0.451494076409229"
"AT","2009","N14 P_IntShipping","NMVOC","Gg","0"
"AT","2009","N14 N_Natural","NMVOC","Gg","0"
"AT","2009","N14 z_Memo","NMVOC","Gg","12.2886561923828"
"PL","2015","N14 A_PublicPower","NMVOC","Gg","2.63297787"
"PL","2015","N14 B_Industry","NMVOC","Gg","90.038416835731"
"PL","2015","N14 C_OtherStatComb","NMVOC","Gg","112.717712033"
"PL","2015","N14 D_Fugitive","NMVOC","Gg","54.9899122789994"
"PL","2015","N14 E_Solvents","NMVOC","Gg","195.429851051138"
"PL","2015","N14 F_RoadTransport","NMVOC","Gg","71.9534703124817"
"PL","2015","N14 G_Shipping","NMVOC","Gg","0.00989725380043163"
"PL","2015","N14 H_Aviation","NMVOC","Gg","0.0483285773213892"
"PL","2015","N14 I_Offroad","NMVOC","Gg","7.70743139698492"
"PL","2015","N14 J_Waste","NMVOC","Gg","9.74918323071299"
"PL","2015","N14 K_AgriLivestock","NMVOC","Gg","89.2257714016167"
"PL","2015","N14 L_AgriOther","NMVOC","Gg","6.29704027805882"
"PL","2015","N14 M_Other","NMVOC","Gg","0"
"PL","2015","N14 O_AviCruise","NMVOC","Gg","0.336255163494488"
"PL","2015","N14 P_IntShipping","NMVOC","Gg","0.5157"
"PL","2015","N14 N_Natural","NMVOC","Gg","259.336650495658"
"PL","2015","N14 z_Memo","NMVOC","Gg","0"
"LI","2013","N14 A_PublicPower","NMVOC","Gg","0.0001331657846784"
"LI","2013","N14 B_Industry","NMVOC","Gg","0.0167123632628074"
"LI","2013","N14 C_OtherStatComb","NMVOC","Gg","0.0117116612071693"
"LI","2013","N14 D_Fugitive","NMVOC","Gg","0.005361846511"
"LI","2013","N14 E_Solvents","NMVOC","Gg","0.175588103873741"
"LI","2013","N14 F_RoadTransport","NMVOC","Gg","0.017205420375387"
"LI","2013","N14 G_Shipping","NMVOC","Gg","0"
"LI","2013","N14 H_Aviation","NMVOC","Gg","5.18472e-06"
"LI","2013","N14 I_Offroad","NMVOC","Gg","0.0381354021321433"
"LI","2013","N14 J_Waste","NMVOC","Gg","0.00450212801233306"
"LI","2013","N14 K_AgriLivestock","NMVOC","Gg","0.054899325"
"LI","2013","N14 L_AgriOther","NMVOC","Gg","3.6958698e-14"
"LI","2013","N14 M_Other","NMVOC","Gg","0"
"SI","1988","N14 A_PublicPower","NMVOC","Gg","0"
"SI","1988","N14 B_Industry","NMVOC","Gg","0"
"SI","1988","N14 C_OtherStatComb","NMVOC","Gg","0"
"SI","1988","N14 D_Fugitive","NMVOC","Gg","0"
"SI","1988","N14 E_Solvents","NMVOC","Gg","0"
"SI","1988","N14 F_RoadTransport","NMVOC","Gg","0"
"SI","1988","N14 G_Shipping","NMVOC","Gg","0"
"SI","1988","N14 H_Aviation","NMVOC","Gg","0"
"SI","1988","N14 I_Offroad","NMVOC","Gg","0"
"SI","1988","N14 J_Waste","NMVOC","Gg","0"
"SI","1988","N14 K_AgriLivestock","NMVOC","Gg","0"
"SI","1988","N14 L_AgriOther","NMVOC","Gg","0"
"SI","1988","N14 M_Other","NMVOC","Gg","0"
"SI","1988","N14 O_AviCruise","NMVOC","Gg","0"
"SI","1988","N14 P_IntShipping","NMVOC","Gg","0"
"SI","1988","N14 N_Natural","NMVOC","Gg","0"
"SI","1988","N14 z_Memo","NMVOC","Gg","0"
"DK","1997","N14 A_PublicPower","NMVOC","Gg","3.42763372638333"
"DK","1997","N14 B_Industry","NMVOC","Gg","5.3195580224839"
"DK","1997","N14 C_OtherStatComb","NMVOC","Gg","15.2664650350203"
"DK","1997","N14 D_Fugitive","NMVOC","Gg","11.602690454829"
"DK","1997","N14 E_Solvents","NMVOC","Gg","45.229144595385"
"DK","1997","N14 F_RoadTransport","NMVOC","Gg","53.0426544523887"
"DK","1997","N14 G_Shipping","NMVOC","Gg","0.543461651605486"
"DK","1997","N14 H_Aviation","NMVOC","Gg","0.234113518614252"
"DK","1997","N14 I_Offroad","NMVOC","Gg","9.36972288485092"
"DK","1997","N14 J_Waste","NMVOC","Gg","1.32124334706095"
"DK","1997","N14 K_AgriLivestock","NMVOC","Gg","36.5420547742508"
"DK","1997","N14 L_AgriOther","NMVOC","Gg","1.57957182375"
"DK","1997","N14 M_Other","NMVOC","Gg","0"
"DK","1997","N14 O_AviCruise","NMVOC","Gg","0.133893850637737"
"DK","1997","N14 P_IntShipping","NMVOC","Gg","3.08216039993149"
"DK","1997","N14 N_Natural","NMVOC","Gg","0"
"DK","1997","N14 z_Memo","NMVOC","Gg","0"
"EE","1991","N14 A_PublicPower","NMVOC","Gg","0.99"
"EE","1991","N14 B_Industry","NMVOC","Gg","15.3128365"
"EE","1991","N14 C_OtherStatComb","NMVOC","Gg","4.374137"
"EE","1991","N14 D_Fugitive","NMVOC","Gg","2.239"
"EE","1991","N14 E_Solvents","NMVOC","Gg","8.927368"
"EE","1991","N14 F_RoadTransport","NMVOC","Gg","16.87984"
"EE","1991","N14 G_Shipping","NMVOC","Gg","0.05215"
"EE","1991","N14 H_Aviation","NMVOC","Gg","0.012034"
"EE","1991","N14 I_Offroad","NMVOC","Gg","2.198299"
"EE","1991","N14 J_Waste","NMVOC","Gg","1.200848"
"EE","1991","N14 K_AgriLivestock","NMVOC","Gg","9.135313"
"EE","1991","N14 L_AgriOther","NMVOC","Gg","0.648939"
"EE","1991","N14 M_Other","NMVOC","Gg","0"
"EE","1991","N14 O_AviCruise","NMVOC","Gg","0.014571"
"EE","1991","N14 P_IntShipping","NMVOC","Gg","0.5703"
"EE","1991","N14 N_Natural","NMVOC","Gg","0.0174"
"EE","1991","N14 z_Memo","NMVOC","Gg","0"
"EU12","2017","N14 A_PublicPower","NMVOC","Gg","23.2874152329452"
"EU12","2017","N14 B_Industry","NMVOC","Gg","464.325948264115"
"EU12","2017","N14 C_OtherStatComb","NMVOC","Gg","528.375771022743"
"EU12","2017","N14 D_Fugitive","NMVOC","Gg","348.43116748545"
"EU12","2017","N14 E_Solvents","NMVOC","Gg","2058.21957146317"
"EU12","2017","N14 F_RoadTransport","NMVOC","Gg","379.581230216383"
"EU12","2017","N14 G_Shipping","NMVOC","Gg","39.2465610675103"
"EU12","2017","N14 H_Aviation","NMVOC","Gg","6.57309466665797"
"EU12","2017","N14 I_Offroad","NMVOC","Gg","102.569651840389"
"EU12","2017","N14 J_Waste","NMVOC","Gg","38.1332442229927"
"EU12","2017","N14 K_AgriLivestock","NMVOC","Gg","636.077318302006"
"EU12","2017","N14 L_AgriOther","NMVOC","Gg","172.528495048558"
"EU12","2017","N14 M_Other","NMVOC","Gg","1.978691906406"
"EU12","2017","N14 O_AviCruise","NMVOC","Gg","10.5330083742446"
"EU12","2017","N14 P_IntShipping","NMVOC","Gg","43.7668869403079"
"EU12","2017","N14 N_Natural","NMVOC","Gg","2310.3262452038"
"EU12","2017","N14 z_Memo","NMVOC","Gg","1610.85734270279"
"BE","2000","N14 A_PublicPower","NMVOC","Gg","0.527759097082867"
"BE","2000","N14 B_Industry","NMVOC","Gg","27.3894467222806"
"BE","2000","N14 C_OtherStatComb","NMVOC","Gg","10.8678226725958"
"BE","2000","N14 D_Fugitive","NMVOC","Gg","22.4745146637722"
"BE","2000","N14 E_Solvents","NMVOC","Gg","78.0596064797128"
"BE","2000","N14 F_RoadTransport","NMVOC","Gg","34.9117260323641"
"BE","2000","N14 G_Shipping","NMVOC","Gg","0.381905974018282"
"BE","2000","N14 H_Aviation","NMVOC","Gg","0.174851738277669"
"BE","2000","N14 I_Offroad","NMVOC","Gg","5.99797091136722"
"BE","2000","N14 J_Waste","NMVOC","Gg","2.597225113744"
"BE","2000","N14 K_AgriLivestock","NMVOC","Gg","27.731050012345"
"BE","2000","N14 L_AgriOther","NMVOC","Gg","1.2164777402"
"BE","2000","N14 M_Other","NMVOC","Gg","0"
"BE","2000","N14 O_AviCruise","NMVOC","Gg","0.415245633806785"
"BE","2000","N14 P_IntShipping","NMVOC","Gg","1.05156762048479"
"BE","2000","N14 N_Natural","NMVOC","Gg","47.8541796324"
"BE","2000","N14 z_Memo","NMVOC","Gg","30.1956930622016"
